# X (m) TKE_avg epsilon_turb_pw_avg_Y_avg epsilon_pw_avg_Y_avg
 33.031  2.90377669e-05  2.89834102e-07  7.06381095e-07
 33.0619  2.57587683e-05  3.28901075e-07  6.83564312e-07
 33.0929  3.27623583e-05  9.06807182e-07  5.94480268e-07
 33.1239  2.43372332e-05  8.03988209e-07  9.72700983e-07
 33.1548  1.62148231e-05  6.77248853e-07  2.38913582e-06
 33.1858  3.46432452e-05  9.72279146e-07  5.21997928e-06
 33.2168  3.97114012e-05  2.26353011e-06  3.54656634e-06
 33.2478  6.17880362e-05  1.64954607e-05  3.88513456e-05
 33.2787  9.11919343e-05  2.23499147e-05  4.06411436e-05
 33.3097  0.000161842996  3.12575324e-05  2.31125836e-05
 33.3407  0.000141080022  1.89231864e-05  1.55265455e-05
 33.3716  0.000111110991  1.09866761e-05  1.56284016e-05
 33.4026  9.15829212e-05  8.68008432e-06  1.49930539e-05
 33.4336  0.000114645122  1.41757386e-05  1.79117958e-05
 33.4645  0.000137269741  1.25174383e-05  1.32393089e-05
 33.4955  0.000170166573  1.08457062e-05  8.52442282e-06
 33.5265  0.000144772406  1.11530656e-05  1.02499289e-05
 33.5574  0.000121279559  6.73396969e-06  5.30674893e-06
 33.5884  0.000128653315  8.0872971e-06  8.45561133e-06
 33.6194  0.000134942936  5.80246198e-06  5.54888637e-06
 33.6504  0.000134586928  7.72344844e-06  6.84286203e-06
 33.6813  0.000127187217  6.81754752e-06  5.65758998e-06
 33.7123  0.000131554408  5.04614412e-06  2.76006872e-06
 33.7433  0.0001436263  5.1141353e-06  5.42213097e-06
 33.7742  0.000146383368  2.56782815e-06  3.03661985e-06
 33.8052  0.000147178619  3.47501975e-06  4.78910965e-06
 33.8362  0.000165464788  3.25165101e-06  4.44897139e-06
 33.8671  0.000182572823  2.83620622e-06  4.19416113e-06
 33.8981  0.000204170283  2.99195853e-06  4.21740541e-06
 33.9291  0.000212616248  3.81176167e-06  4.79011174e-06
 33.96  0.000200958475  3.32817301e-06  4.51127836e-06
 33.991  0.000197675899  3.50878762e-06  4.57805442e-06
 34.022  0.000182619146  2.43125752e-06  3.74943013e-06
 34.053  0.000189194276  2.96715543e-06  4.1783255e-06
 34.0839  0.000173454825  1.94990189e-06  3.18934134e-06
 34.1149  0.000174424347  1.74596917e-06  3.47292634e-06
 34.1459  0.000194372899  2.9590442e-06  4.24322527e-06
 34.1768  0.000190818618  3.26222311e-06  4.80294291e-06
 34.2078  0.000170078504  3.07685192e-06  5.13749127e-06
 34.2388  0.000150419078  3.6413308e-06  4.94061983e-06
 34.2697  0.000152354605  2.6611657e-06  3.85831802e-06
 34.3007  0.000172542866  2.48952798e-06  3.58713341e-06
 34.3317  0.0001852761  2.55405082e-06  4.57879662e-06
 34.3626  0.000197606908  2.91515387e-06  5.88217244e-06
 34.3936  0.000209292069  4.26285736e-06  6.80062183e-06
 34.4246  0.000198673347  4.54298114e-06  5.95844327e-06
 34.4556  0.000195390046  3.75183826e-06  4.80355172e-06
 34.4865  0.000192404434  5.07356282e-06  8.06050773e-06
 34.5175  0.000199118966  5.47194722e-06  8.569356e-06
 34.5485  0.000195276177  5.18607998e-06  7.81957127e-06
 34.5794  0.000183668064  4.48939263e-06  7.76114173e-06
 34.6104  0.000192816529  6.94518786e-06  1.02351749e-05
 34.6414  0.000201631536  5.15384996e-06  8.22039751e-06
 34.6723  0.000193051207  5.56775504e-06  9.64866288e-06
 34.7033  0.000189474282  6.96157846e-06  9.89517894e-06
 34.7343  0.00019021953  7.74480224e-06  1.05236457e-05
 34.7652  0.000201239082  9.01249023e-06  1.59431082e-05
 34.7962  0.000176111441  4.6644497e-06  9.3924713e-06
 34.8272  0.00019085948  5.8564151e-06  1.32564422e-05
 34.8582  0.000176656513  5.84498675e-06  1.27463311e-05
 34.8891  0.000185968283  5.25674161e-06  1.19158309e-05
 34.9201  0.000166357337  7.20317041e-06  1.68748452e-05
 34.9511  0.000172389695  4.23724267e-06  1.17292061e-05
 34.982  0.000177135585  5.7703536e-06  1.6524739e-05
 35.013  0.000176239251  8.22651619e-06  1.85967767e-05
 35.044  0.000186133302  1.48359244e-05  3.40115977e-05
 35.0749  0.000183483922  1.23196161e-05  3.03163921e-05
 35.1059  0.000189905953  8.66701847e-06  2.73547503e-05
 35.1369  0.000178118446  5.74042066e-06  2.42090257e-05
 35.1678  0.000173846487  1.49298695e-05  3.87438256e-05
 35.1988  0.000191790027  1.23740101e-05  3.98298923e-05
 35.2298  0.000197161888  8.3394178e-06  3.97718843e-05
 35.2608  0.000197037042  1.04321807e-05  5.30715678e-05
 35.2917  0.000216844779  1.20704118e-05  6.04587035e-05
 35.3227  0.00022792613  1.02118983e-05  5.90811591e-05
 35.3537  0.000220815976  1.58295045e-05  6.4176612e-05
 35.3846  0.00025231134  1.74956092e-05  6.35988938e-05
 35.4156  0.000280121476  1.67409138e-05  6.12557344e-05
 35.4466  0.000288565122  1.77956442e-05  6.08285365e-05
 35.4775  0.000306367774  1.50250027e-05  6.21297539e-05
 35.5085  0.000314741914  1.17887336e-05  6.21650346e-05
 35.5395  0.000334701315  1.37870322e-05  6.74258583e-05
 35.5704  0.000322746979  1.28431159e-05  6.04560767e-05
 35.6014  0.000308884691  1.21177782e-05  5.55201525e-05
 35.6324  0.000301599196  1.37396949e-05  5.36204216e-05
 35.6634  0.000345786326  1.46620842e-05  4.8848446e-05
 35.6943  0.000373942097  1.54684736e-05  4.75984357e-05
 35.7253  0.000362734053  1.46814849e-05  4.27003234e-05
 35.7563  0.000351232996  1.36376325e-05  4.1306068e-05
 35.7872  0.00030831036  1.02215129e-05  3.80275077e-05
 35.8182  0.000316577084  1.06756603e-05  3.89239479e-05
 35.8492  0.000335923997  1.38959268e-05  3.91395794e-05
 35.8801  0.000303111038  1.18731657e-05  3.67349418e-05
 35.9111  0.000278228452  9.58076087e-06  3.53019345e-05
 35.9421  0.000259923055  8.74226886e-06  3.3825351e-05
 35.973  0.000275915492  1.09823859e-05  3.63059011e-05
 36.004  0.000290600957  1.30586303e-05  3.97127244e-05
 36.035  0.000285839956  1.42731258e-05  3.84904111e-05
 36.066  0.000293359175  1.46487675e-05  3.56425901e-05
 36.0969  0.000264034485  1.56799204e-05  3.07974709e-05
 36.1279  0.000206660592  1.30488777e-05  2.25389679e-05
 36.1589  0.00023010598  1.09743968e-05  2.05550924e-05
 36.1898  0.000194964911  1.12963401e-05  2.34809787e-05
 36.2208  0.000174855144  8.33606158e-06  1.93645433e-05
 36.2518  0.000171894864  9.78962219e-06  1.95408633e-05
 36.2827  0.000158679767  8.76004433e-06  1.31580794e-05
 36.3137  0.000165023147  1.24593061e-05  1.33153577e-05
 36.3447  0.000151944369  1.04666656e-05  1.08463623e-05
 36.3756  0.000156998045  9.54630758e-06  8.02987392e-06
 36.4066  0.000149015926  8.16093606e-06  8.25879834e-06
 36.4376  0.000153313499  1.24944684e-05  1.25998722e-05
 36.4686  0.000164248657  2.05197817e-05  2.04965941e-05
 36.4995  0.000178812974  1.31437227e-05  1.18839211e-05
 36.5305  0.000187166612  8.53790283e-06  7.42156694e-06
 36.5615  0.000175193709  1.73412785e-05  2.15288378e-05
 36.5924  0.000180768571  6.39459586e-06  9.49117981e-06
 36.6234  0.000214994712  1.38953041e-05  1.85489673e-05
 36.6544  0.000252855205  2.9740811e-05  3.42623959e-05
 36.6853  0.000251608193  3.04919808e-05  4.87308867e-05
 36.7163  0.000243472371  1.28574325e-05  1.91505192e-05
 36.7473  0.000262414586  3.16439225e-05  4.01419051e-05
 36.7782  0.000284131501  1.62816313e-05  2.09914485e-05
 36.8092  0.000295974102  2.36948436e-05  2.85072334e-05
 36.8402  0.000307923579  1.9751351e-05  2.20428511e-05
 36.8712  0.000310629779  2.43088637e-05  2.49832922e-05
 36.9021  0.000296931453  1.92657629e-05  2.58541427e-05
 36.9331  0.000318968976  2.09980407e-05  3.16725202e-05
 36.9641  0.000370454025  1.15277771e-05  2.04715869e-05
 36.995  0.000406608237  1.57672939e-05  2.13278321e-05
 37.026  0.000383263311  2.60444582e-05  2.87191525e-05
 37.057  0.000447058746  1.36866508e-05  1.79494409e-05
 37.0879  0.000433143382  9.11951605e-06  1.37972297e-05
 37.1189  0.000389393329  8.05916083e-06  1.30108233e-05
 37.1499  0.000344425214  7.82490091e-06  1.34598634e-05
 37.1808  0.000300057133  7.78876923e-06  1.45351734e-05
 37.2118  0.000267037866  7.93495271e-06  1.64322148e-05
 37.2428  0.000245345963  6.58905008e-06  1.33411381e-05
 37.2738  0.000236967118  5.23371329e-06  1.24005428e-05
 37.3047  0.000219815901  4.18200862e-06  1.35384624e-05
 37.3357  0.000194766062  2.68540145e-06  1.12227007e-05
 37.3667  0.000195254187  4.59001616e-06  1.6044543e-05
 37.3976  0.000207431437  1.60179742e-05  2.74718169e-05
 37.4286  0.000186249788  8.04112348e-06  1.7478331e-05
 37.4596  0.000188156259  7.53689558e-06  1.82470002e-05
 37.4905  0.00017848715  1.6073473e-05  3.88882862e-05
 37.5215  0.000173743827  1.46982502e-05  3.79800401e-05
 37.5525  0.000145898534  9.40275873e-06  2.38230999e-05
 37.5834  0.00012474519  3.00672511e-05  5.12468735e-05
 37.6144  0.000117055498  1.17066948e-05  2.52102994e-05
 37.6454  0.000129386487  3.07866421e-05  4.70349618e-05
 37.6764  0.000138505419  1.96703846e-05  2.8727496e-05
 37.7073  0.000158825007  2.13442535e-05  3.16065269e-05
 37.7383  0.00017493922  2.75595706e-05  3.75015981e-05
 37.7693  0.000227432052  1.91903712e-05  4.62001927e-05
 37.8002  0.000287732575  2.67718835e-05  5.6855431e-05
 37.8312  0.000342575038  2.58860955e-05  5.58390635e-05
 37.8622  0.000340771358  2.39528307e-05  5.6218652e-05
 37.8931  0.000372195572  4.23688673e-05  9.62352983e-05
 37.9241  0.000379640642  3.70285065e-05  9.25434151e-05
 37.9551  0.000289157298  3.60989046e-05  9.90161677e-05
 37.986  0.000257981918  4.28922234e-05  0.0001111673
 38.017  0.000273691895  3.75786364e-05  0.000109389283
 38.048  0.000251874983  3.53411295e-05  0.000101051626
 38.079  0.000257620688  2.90822682e-05  0.000100757794
 38.1099  0.000284329201  1.60991107e-05  9.2431955e-05
 38.1409  0.000321797659  4.43331817e-05  0.000108411502
 38.1719  0.000306235582  4.53850975e-05  0.00011078149
 38.2028  0.000299151987  3.03906382e-05  0.000106845804
 38.2338  0.00035557445  4.62437615e-05  0.000117699468
 38.2648  0.000365426012  6.27036887e-05  0.000137606892
 38.2957  0.000405574758  3.49389287e-05  0.000111801233
 38.3267  0.000401935032  1.9996724e-05  8.73302051e-05
 38.3577  0.000406180302  3.91452352e-05  0.000115718646
 38.3886  0.000437226017  4.11825069e-05  0.000106995993
 38.4196  0.000549772232  4.72304813e-05  0.000129253138
 38.4506  0.000539632151  5.59660386e-05  0.000126694907
 38.4816  0.000705490167  6.07752069e-05  0.000149887254
 38.5125  0.000655884214  4.82224387e-05  0.000121859318
 38.5435  0.000766348227  4.20754714e-05  0.000128398365
 38.5745  0.000741554334  3.73989548e-05  0.000121311168
 38.6054  0.000792377829  4.76456818e-05  0.000126231606
 38.6364  0.000884754956  5.80336454e-05  0.000117445432
 38.6674  0.00084542009  5.06467629e-05  8.72031226e-05
 38.6983  0.00088198292  4.20236297e-05  7.26803561e-05
 38.7293  0.00067665822  3.3979357e-05  5.31790071e-05
 38.7603  0.000661517273  3.52243255e-05  4.97482352e-05
 38.7912  0.00058663565  3.50694123e-05  4.29282056e-05
 38.8222  0.000557292923  3.354127e-05  4.09646913e-05
 38.8532  0.000445986462  3.02962667e-05  3.56310036e-05
 38.8842  0.000332568082  3.0986173e-05  2.93470486e-05
 38.9151  0.000316375188  3.77328129e-05  2.88975353e-05
 38.9461  0.000227330651  3.47926753e-05  2.47389346e-05
 38.9771  0.000241782321  5.72000932e-05  4.35639212e-05
 39.008  0.000287014473  3.36205874e-05  2.28186275e-05
 39.039  0.000401158494  5.65792922e-05  2.91465093e-05
 39.07  0.000642743495  0.000108139746  4.81228434e-05
 39.1009  0.000861532395  0.00014640309  8.29535164e-05
 39.1319  0.00120506147  0.000250571595  0.000226044304
 39.1629  0.00203009908  0.000444019031  0.000530718563
 39.1938  0.00571157096  0.0013953669  0.000772896845
 39.2248  0.0213422757  0.0046275612  0.000907167461
 39.2558  0.0219114318  0.00493137635  0.000892486382
 39.2868  0.0105634694  0.00195749068  0.000595062356
 39.3177  0.0188051065  0.00240368181  0.000847621565
 39.3487  0.0198764887  0.00401808262  0.000878567854
 39.3797  0.0191118269  0.00646327306  0.00170487512
 39.4106  0.0190280372  0.00748195633  0.00151528801
 39.4416  0.0211518854  0.00784351295  0.0016665827
 39.4726  0.0158484452  0.00373563109  0.0012928699
 39.5035  0.0108677848  0.00245911698  0.000630104385
 39.5345  0.00739274729  0.00150332734  0.000244829065
 39.5655  0.0069237151  0.00162441243  0.000193624741
 39.5964  0.0081079654  0.00192194744  0.000247501705
 39.6274  0.00914779816  0.00191625136  0.000249235733
 39.6584  0.00934983579  0.00268658776  0.000227202371
 39.6894  0.00851764873  0.00309991696  0.000226830573
 39.7203  0.00894250308  0.00467926305  0.000264366278
 39.7513  0.010169346  0.00563049564  0.000330123784
 39.7823  0.0135021848  0.0117040716  0.000574639952
 39.8132  0.0174005448  0.0154002514  0.00075108565
 39.8442  0.0278352074  0.0239668813  0.000753621089
 39.8752  0.0820328448  0.0617911565  0.00148329666
 39.9061  0.06316433  0.051569728  0.00128846852
 39.9371  0.0580794458  0.0463446612  0.00106712182
 39.9681  0.0417697658  0.0308269565  0.00068076492
 39.999  0.0229281821  0.0143929897  0.000437300062
 40.03  0.0201915122  0.00677145182  0.000367927794
 40.061  0.0201097527  0.00819574418  0.000389864544
 40.0919  0.0159627593  0.00885491796  0.000519751308
 40.1229  0.0140013417  0.00930672017  0.000699257786
 40.1539  0.0103761099  0.00585375102  0.000664607412
 40.1849  0.0122572577  0.00661561204  0.000790379301
 40.2158  0.00813709358  0.00277266545  0.00067592502
 40.2468  0.0111163121  0.00464241315  0.000763763036
 40.2778  0.0115677624  0.00667912465  0.000753829349
 40.3087  0.0110882719  0.00961037063  0.000678069346
 40.3397  0.00763240952  0.00698839644  0.000349988517
 40.3707  0.0064138829  0.00351816491  0.000142236017
 40.4016  0.00458856496  0.000918131232  6.43774369e-05
 40.4326  0.00332992981  0.000321364488  4.3195367e-05
 40.4636  0.00284255282  0.000276781976  3.76427009e-05
 40.4945  0.00283611037  0.00029051158  3.99276477e-05
 40.5255  0.00305912686  0.000329151931  4.13189383e-05
 40.5565  0.00292308766  0.000304493359  4.58256331e-05
 40.5875  0.00288264344  0.000268356716  4.11430516e-05
 40.6184  0.00300244375  0.000253747011  4.04342122e-05
 40.6494  0.00305501008  0.000305338855  4.27687679e-05
 40.6804  0.00287178642  0.000321571408  4.38128283e-05
 40.7113  0.00293814867  0.000315387318  5.25187807e-05
 40.7423  0.00281269923  0.000256012038  4.1332164e-05
 40.7733  0.00304283949  0.000225088588  3.83959134e-05
 40.8042  0.00304003468  0.00023698955  4.00849982e-05
 40.8352  0.00291343024  0.000234228648  4.29595035e-05
 40.8662  0.00250830563  0.000177400775  4.02397377e-05
 40.8971  0.00218319661  0.000146671608  3.59295886e-05
 40.9281  0.00219055972  0.000159382605  3.45066047e-05
 40.9591  0.00280346467  0.000320353805  4.56183276e-05
 40.9901  0.00387500035  0.000486314293  5.60754501e-05
 41.021  0.00417371067  0.00054678548  5.63268721e-05
 41.052  0.00337713177  0.000507326896  4.86804185e-05
 41.083  0.0026699098  0.000433104364  3.95549159e-05
 41.1139  0.00177114881  0.000221113683  3.2054149e-05
 41.1449  0.0016216491  0.000145963558  3.40652161e-05
 41.1759  0.00189999529  0.000147059344  3.87304473e-05
 41.2068  0.00247927875  0.000223216902  4.20232075e-05
 41.2378  0.00313380619  0.000358882517  4.78376486e-05
 41.2688  0.00345995764  0.000526431084  6.10191959e-05
 41.2997  0.00294231765  0.000410723776  5.87156091e-05
 41.3307  0.00277761455  0.000347255402  4.89440834e-05
 41.3617  0.00260152638  0.000308203048  4.63173863e-05
 41.3927  0.00243691667  0.000321680745  5.1460996e-05
 41.4236  0.00246338963  0.000355213202  5.66725045e-05
 41.4546  0.00235601468  0.00028605954  5.88671939e-05
 41.4856  0.00233121144  0.000327880032  6.30974981e-05
 41.5165  0.00230552163  0.0004061894  6.14168322e-05
 41.5475  0.00248257961  0.000477643824  6.14818407e-05
 41.5785  0.00302742236  0.000503651253  6.5611675e-05
 41.6094  0.00417511289  0.000608790182  7.26745307e-05
 41.6404  0.00480201755  0.00104051518  9.62245087e-05
 41.6714  0.00525702722  0.00127269073  0.000111400007
 41.7023  0.00512322131  0.00135590119  0.000121847559
 41.7333  0.00497058356  0.00147378848  0.000132137088
 41.7643  0.00402663057  0.00118552725  0.000104262462
 41.7953  0.00404634963  0.000948679436  0.000110281066
 41.8262  0.00404594816  0.00112738773  0.000107681451
 41.8572  0.00430472545  0.00141672689  0.000123981873
 41.8882  0.00534103039  0.00206248136  0.000169007264
 41.9191  0.00563400051  0.00233649963  0.000202897832
 41.9501  0.00447874644  0.00183287614  0.000203370767
 41.9811  0.00469258231  0.00186159678  0.000254567264
 42.012  0.00337835597  0.00148878831  0.00030853769
 42.043  0.00257740143  0.0012323749  0.000332663627
 42.074  0.00113873528  0.00057384918  0.000178495507
 42.1049  0.000757168333  0.000379619904  7.7105712e-05
 42.1359  0.000556415465  0.000390573463  5.45360995e-05
 42.1669  0.000423655067  0.000124763177  1.87479461e-05
 42.1979  0.000428339823  2.06963656e-05  1.09752327e-05
 42.2288  0.000476724185  1.35932529e-05  1.13730832e-05
 42.2598  0.000500039695  1.53110431e-05  1.00453666e-05
 42.2908  0.000504830263  9.56868132e-06  7.85319616e-06
 42.3217  0.000565350213  1.02574353e-05  8.22053538e-06
 42.3527  0.000542468459  9.63531964e-06  1.03864244e-05
 42.3837  0.000571478303  1.11810078e-05  1.75355072e-05
 42.4146  0.000587669872  1.05199332e-05  1.72816764e-05
 42.4456  0.000590847394  1.01541149e-05  1.57600755e-05
 42.4766  0.000570410077  1.33348968e-05  2.08171828e-05
 42.5075  0.000579095866  9.1773312e-06  1.91446004e-05
 42.5385  0.00059160185  1.36443999e-05  2.89708036e-05
 42.5695  0.000577832791  1.51422172e-05  3.32746211e-05
 42.6005  0.000602844074  1.55234512e-05  3.07004608e-05
 42.6314  0.000601018312  1.73865932e-05  3.22212386e-05
 42.6624  0.000680366991  2.66180802e-05  3.72428468e-05
 42.6934  0.000589848435  2.41184484e-05  4.7050803e-05
 42.7243  0.000577937399  2.22313002e-05  5.72218975e-05
 42.7553  0.000573802833  1.97562756e-05  6.16462487e-05
 42.7863  0.000549176319  1.37376187e-05  5.60288296e-05
 42.8172  0.000500040612  1.68722025e-05  5.76371392e-05
 42.8482  0.000618686908  2.30440376e-05  6.60766521e-05
 42.8792  0.000518425614  2.40555953e-05  7.06811424e-05
 42.9101  0.000503134782  0.000107459234  9.34165275e-05
 42.9411  0.000630022366  0.000147605527  0.00015180295
 42.9721  0.000809668118  0.000101508204  0.000205520515
 43.0031  0.000779125565  6.42245875e-05  0.00019780159
 43.034  0.000730036035  5.9629508e-05  0.000194205197
 43.065  0.000488119435  5.42240785e-05  0.000134102026
 43.096  0.000492950862  4.1783506e-05  0.000119406629
 43.1269  0.000388581699  4.83346049e-05  9.57666013e-05
 43.1579  0.000201975765  5.57298283e-05  5.21410684e-05
 43.1889  0.000178805135  3.58359204e-05  3.28827205e-05
 43.2198  5.82968952e-05  2.78922395e-05  1.63455089e-05
 43.2508  2.14435119e-05  1.01041596e-05  8.73947001e-06
 43.2818  2.60112625e-05  5.88866143e-06  1.26747173e-05
 43.3127  4.21574878e-05  4.8527886e-06  1.8410367e-05
 43.3437  3.17419066e-05  2.67371028e-06  1.58269122e-05
 43.3747  3.00375473e-05  2.87850709e-06  1.42678098e-05
 43.4057  2.18402914e-05  2.09527491e-06  1.61280469e-05
 43.4366  1.60387201e-05  1.31616724e-06  1.0277318e-05
 43.4676  1.29175498e-05  1.60193657e-06  7.77207295e-06
 43.4986  1.31064623e-05  1.2600711e-05  1.73698334e-05
 43.5295  1.54066521e-05  2.03307181e-05  2.38248285e-05
 43.5605  1.63606597e-05  4.72587202e-06  8.20257009e-06
 43.5915  1.59796136e-05  2.94249208e-05  3.27009803e-05
 43.6224  2.65183345e-05  7.3416875e-05  7.95021463e-05
 43.6534  5.12683855e-05  0.000101597164  0.000112823175
 43.6844  3.2630406e-05  1.79553658e-05  2.62869562e-05
 43.7153  4.84411747e-05  7.6156052e-05  0.000102278224
 43.7463  5.6559138e-05  0.000129648087  0.000155259348
 43.7773  0.000129737676  0.000208824661  0.000250929489
 43.8083  0.000132311899  0.000160962973  0.000222294018
 43.8392  0.000109900775  9.64549883e-05  0.000139129266
 43.8702  7.94858347e-05  8.15372087e-05  0.000100198739
 43.9012  5.61017079e-05  6.53762302e-05  9.17248658e-05
 43.9321  7.44039099e-05  1.97069978e-05  3.52147107e-05
 43.9631  8.54658984e-05  9.15094249e-06  4.2516011e-05
 43.9941  0.000608066816  7.55139651e-05  0.000155250152
 44.025  0.00148413325  0.00030446155  0.000344563053
 44.056  0.00316725286  0.0012380293  0.000833062461
 44.087  0.00363802895  0.00143925788  0.000940641584
 44.1179  0.00457273515  0.00218992789  0.00116434531
 44.1489  0.0017721268  0.00152546199  0.00153746712
 44.1799  0.00469239134  0.00532597465  0.00323085425
 44.2109  0.00356731477  0.00470597484  0.00121026349
 44.2418  0.00218880289  0.000564032429  0.000273676715
 44.2728  0.00246203367  0.000480837648  0.000220803771
 44.3038  0.00293344059  0.0018672659  0.00176476188
 44.3347  0.00285842376  0.00102395647  0.000688286802
 44.3657  0.00299316132  0.0011196964  0.000735319789
 44.3967  0.00277615079  0.00084282319  0.00072156657
 44.4276  0.00353955985  0.0039234033  0.00374479266
 44.4586  0.0031825048  0.00570172418  0.00659564817
 44.4896  0.00244929677  0.00842947742  0.00801109912
 44.5205  0.00322783892  0.0180472123  0.0168429742
 44.5515  0.00503220397  0.0090753828  0.00386529208
 44.5825  0.00256973498  0.00280397881  0.0030133737
 44.6135  0.00400031971  0.0156403256  0.0155515097
 44.6444  0.00181315058  0.0125803992  0.0141497052
 44.6754  0.00562480827  0.00579813864  0.00274672105
 44.7064  nan  nan  nan
 44.7373  0.00242311875  0.00155167802  0.00176776691
 44.7683  0.00229420677  0.000847096727  0.000948339312
 44.7993  0.00157821427  0.00321970736  0.00210612611
 44.8302  0.00274361284  0.00356882444  0.00309891462
 44.8612  0.00258082874  0.00183879473  0.00179974299
 44.8922  0.00232886127  0.000861566591  0.00106049595
 44.9231  0.00198946764  0.000691396393  0.000895845899
 44.9541  0.00144376809  0.000283919587  0.000306393723
 44.9851  0.00386912359  0.00214070769  0.000731358304
 45.0161  0.00261649406  0.00282101562  0.00182542389
 45.047  0.00298321524  0.00413732685  0.0031662155
 45.078  0.00437176815  0.00691566139  0.00538275188
 45.109  0.00484781536  0.00942329865  0.00694104854
 45.1399  0.00328905162  0.00141742509  0.00109891793
 45.1709  0.00434725738  0.00507245768  0.00348913375
 45.2019  0.00525397632  0.00520782114  0.0036770677
 45.2328  0.0055657984  0.00440240209  0.0030172665
 45.2638  0.00612970653  0.00482527402  0.00176464116
 45.2948  0.00705102138  0.00519281864  0.00130384694
 45.3257  0.00562290829  0.00460250718  0.00104676147
 45.3567  nan  nan  nan
