# X (m) TKE_avg epsilon_turb_pw_avg_Y_avg epsilon_pw_avg_Y_avg
 33.0308  3.92205882e-05  5.63744323e-07  1.68380288e-06
 33.0615  3.56733567e-05  5.86332536e-07  2.3926182e-06
 33.0923  3.93792261e-05  9.94010652e-07  3.19102435e-06
 33.1231  4.03689029e-05  1.2291027e-06  5.94210189e-06
 33.1538  4.03713771e-05  1.53305024e-06  1.1243856e-05
 33.1846  6.9132454e-05  2.12596883e-06  2.1825691e-05
 33.2154  0.000136318618  6.65732973e-06  2.61552678e-05
 33.2462  0.000424958289  5.98283516e-05  7.9782114e-05
 33.2769  0.000511559691  7.90618384e-05  9.16842467e-05
 33.3077  0.000436083198  5.61078772e-05  6.56208745e-05
 33.3385  0.00028425775  1.49530334e-05  4.76303119e-05
 33.3692  0.000181255214  9.52447499e-06  3.58019927e-05
 33.4  0.000172040998  9.25074603e-06  3.21235042e-05
 33.4308  0.000172416607  9.05091335e-06  2.91874873e-05
 33.4615  0.000138799386  7.1375483e-06  2.3809943e-05
 33.4923  0.000145092077  9.10379331e-06  2.67197078e-05
 33.5231  0.000236365643  3.00631597e-05  3.39102927e-05
 33.5538  0.000328616751  2.11447674e-05  3.83064936e-05
 33.5846  0.000498905699  2.95834052e-05  4.76756236e-05
 33.6154  0.000619795077  3.96430773e-05  5.21866989e-05
 33.6461  0.000604908435  4.17665313e-05  4.91153877e-05
 33.6769  0.000338461756  3.2247546e-05  3.93636711e-05
 33.7077  0.000260506297  2.49004645e-05  2.50553489e-05
 33.7385  0.000229447316  2.63764836e-05  1.99676451e-05
 33.7692  0.000182285176  1.882706e-05  1.29775479e-05
 33.8  0.000126493971  9.88156176e-06  9.81610903e-06
 33.8308  0.000127357392  6.77745215e-06  6.78467209e-06
 33.8615  0.000179586114  1.0939461e-05  9.77948868e-06
 33.8923  0.000151654647  1.02177278e-05  5.59736312e-06
 33.9231  0.000158801073  9.59861578e-06  5.76362074e-06
 33.9538  0.000164676232  9.87152061e-06  6.92273384e-06
 33.9846  0.000149565768  6.14650251e-06  4.10116678e-06
 34.0154  0.000156279621  8.52301055e-06  8.6082531e-06
 34.0461  0.000206827137  6.12594133e-06  4.25426144e-06
 34.0769  0.000181905794  1.04610382e-05  1.07165232e-05
 34.1077  0.000203791572  7.6425409e-06  7.23422824e-06
 34.1384  0.000235576445  1.07510858e-05  1.12523973e-05
 34.1692  0.000236399509  1.06225653e-05  1.01152801e-05
 34.2  0.000229722152  6.970259e-06  6.65674635e-06
 34.2308  0.000242677559  7.02291181e-06  7.31596517e-06
 34.2615  0.000268309079  1.0086432e-05  1.1302916e-05
 34.2923  0.000258642014  1.20875974e-05  1.15391138e-05
 34.3231  0.000238488332  1.56940167e-05  1.07953833e-05
 34.3538  0.000251884541  2.21314212e-05  7.6688107e-06
 34.3846  0.000326590311  1.43631805e-05  9.8377338e-06
 34.4154  0.000410846016  1.55266828e-05  8.37711714e-06
 34.4461  0.000380797719  1.44860648e-05  6.61101215e-06
 34.4769  0.000318511704  1.19380057e-05  8.17044334e-06
 34.5077  0.000325247702  1.03192229e-05  8.63384779e-06
 34.5384  0.000288772534  1.18553624e-05  1.00858958e-05
 34.5692  0.000346156927  6.23351234e-06  6.05959574e-06
 34.6  0.00035886941  1.00076565e-05  9.70123114e-06
 34.6308  0.000340959896  1.37175682e-05  1.29300181e-05
 34.6615  0.000357051075  9.20104237e-06  6.50146934e-06
 34.6923  0.000415759175  8.658664e-06  6.2053523e-06
 34.7231  0.000390148427  1.25565461e-05  1.13287191e-05
 34.7538  0.000394732088  8.31950712e-06  7.65114112e-06
 34.7846  0.000390213466  5.47089433e-06  5.29070746e-06
 34.8154  0.000378786549  7.28195374e-06  6.85132014e-06
 34.8461  0.000342532027  1.14544271e-05  1.03209061e-05
 34.8769  0.000329294285  8.61778079e-06  7.54170209e-06
 34.9077  0.0003083319  7.1256738e-06  5.38147156e-06
 34.9384  0.000294083808  6.94069193e-06  4.93864199e-06
 34.9692  0.000283718369  7.30678388e-06  5.50673141e-06
 35  0.000280177679  7.03832582e-06  5.11230372e-06
 35.0307  0.0002876234  7.82558089e-06  4.81254568e-06
 35.0615  0.000257004  6.34297267e-06  4.50661153e-06
 35.0923  0.000259261644  7.37738059e-06  5.0133732e-06
 35.1231  0.000260919058  7.93822956e-06  4.92380979e-06
 35.1538  0.000247351389  7.36112849e-06  4.76401572e-06
 35.1846  0.000256687718  6.7432655e-06  4.47529475e-06
 35.2154  0.000251679407  5.84872256e-06  4.55211115e-06
 35.2461  0.000242868222  5.12649723e-06  4.89323075e-06
 35.2769  0.000246466535  6.20746833e-06  5.72194734e-06
 35.3077  0.000253384439  7.32083008e-06  5.30482065e-06
 35.3384  0.000235268614  8.05945371e-06  6.51432395e-06
 35.3692  0.000228061262  7.45184366e-06  5.59162071e-06
 35.4  0.000208003253  6.5880757e-06  5.97870949e-06
 35.4307  0.00019231715  6.2346868e-06  7.3451897e-06
 35.4615  0.000178966734  6.64787004e-06  7.4772453e-06
 35.4923  0.000185759668  6.86090781e-06  6.93540806e-06
 35.523  0.000188772725  8.68611625e-06  1.22056309e-05
 35.5538  0.00020224161  7.36856527e-06  8.92130088e-06
 35.5846  0.000223243891  5.52577417e-06  5.90216806e-06
 35.6154  0.000231266891  1.16382825e-05  1.34889929e-05
 35.6461  0.000250144836  1.06304407e-05  1.13790035e-05
 35.6769  0.00024214148  1.1682692e-05  1.17217233e-05
 35.7077  0.000233336714  1.06663746e-05  9.87933995e-06
 35.7384  0.000223779601  1.0169035e-05  1.67562678e-05
 35.7692  0.000244940767  9.28002985e-06  1.30249636e-05
 35.8  0.000263358206  9.00488975e-06  9.16252178e-06
 35.8307  0.000280955742  1.02748923e-05  9.71835537e-06
 35.8615  0.000314099531  1.24285019e-05  1.1435339e-05
 35.8923  0.000341499415  1.80557253e-05  2.11547189e-05
 35.923  0.000324066528  1.62164122e-05  2.12931076e-05
 35.9538  0.000297659524  1.23063125e-05  1.58898871e-05
 35.9846  0.000319622676  1.36780462e-05  1.93776093e-05
 36.0153  0.000339585158  1.24693723e-05  1.69828685e-05
 36.0461  0.000337440963  1.20675665e-05  1.65766886e-05
 36.0769  0.000332782635  1.32262297e-05  1.86213063e-05
 36.1077  0.000302511179  1.31743499e-05  1.81301185e-05
 36.1384  0.00033377991  1.55294449e-05  2.27993999e-05
 36.1692  0.000346572314  1.73334749e-05  2.71496235e-05
 36.2  0.000373726277  1.90337608e-05  3.11751193e-05
 36.2307  0.000355614044  1.77645201e-05  2.5994514e-05
 36.2615  0.000351255138  1.47905057e-05  2.52658376e-05
 36.2923  0.000339340405  1.15375757e-05  2.23401272e-05
 36.323  0.00035422679  1.16427506e-05  2.60376312e-05
 36.3538  0.000347921929  1.0787054e-05  2.55468603e-05
 36.3846  0.000327845296  1.06426523e-05  2.21669393e-05
 36.4153  0.000290267274  1.09533271e-05  1.92385205e-05
 36.4461  0.000329980167  1.65230777e-05  2.5907489e-05
 36.4769  0.000358580773  2.18719967e-05  2.76837029e-05
 36.5077  0.000312004755  1.70658549e-05  1.89553294e-05
 36.5384  0.000345620113  1.53188515e-05  1.95816624e-05
 36.5692  0.000324786688  1.48059925e-05  1.24965336e-05
 36.6  0.000372685045  1.55102821e-05  1.01811099e-05
 36.6307  0.000388390563  1.77126498e-05  8.45703303e-06
 36.6615  0.000365806196  1.45789882e-05  6.48252903e-06
 36.6923  0.000375847097  1.27225022e-05  6.56955648e-06
 36.723  0.000366565648  1.23040537e-05  7.27902141e-06
 36.7538  0.000384026213  1.50129234e-05  7.69189181e-06
 36.7846  0.00037310526  1.1010831e-05  6.95421749e-06
 36.8153  0.000359858765  1.39391548e-05  1.05190009e-05
 36.8461  0.000342718787  1.66039187e-05  9.85839377e-06
 36.8769  0.000344870354  1.85882284e-05  8.60880515e-06
 36.9076  0.000355939132  1.89687646e-05  1.33668465e-05
 36.9384  0.00036509629  1.98169939e-05  1.17846597e-05
 36.9692  0.00037953999  2.27325433e-05  1.34152296e-05
 37  0.000389221934  2.12877238e-05  1.44520291e-05
 37.0307  0.000424288444  2.07737299e-05  1.43274146e-05
 37.0615  0.000424081078  1.88405421e-05  1.04694504e-05
 37.0923  0.000428906176  2.22005803e-05  1.51791865e-05
 37.123  0.000474728508  1.97143388e-05  1.26049145e-05
 37.1538  0.000493071608  1.97494434e-05  1.27074559e-05
 37.1846  0.000502781395  2.04954107e-05  9.81407314e-06
 37.2153  0.000516665705  2.53867411e-05  1.0531742e-05
 37.2461  0.000491846195  2.70032029e-05  1.87469215e-05
 37.2769  0.000516463967  2.25032407e-05  1.21345929e-05
 37.3076  0.000526785754  2.71668679e-05  2.07435857e-05
 37.3384  0.000537801311  3.37148139e-05  3.08936503e-05
 37.3692  0.000550862251  1.54258126e-05  1.08040921e-05
 37.3999  0.000571662517  1.93327072e-05  1.4732447e-05
 37.4307  0.000540124755  1.95816448e-05  9.34678972e-06
 37.4615  0.000510410996  3.98423567e-05  3.78833847e-05
 37.4923  0.000460314488  2.91873276e-05  3.01229882e-05
 37.523  0.000429269128  1.64267925e-05  1.71804694e-05
 37.5538  0.000495624011  1.70017662e-05  1.43825373e-05
 37.5846  0.000544438234  3.92584172e-05  4.00619828e-05
 37.6153  0.000596287302  1.81805668e-05  1.32870688e-05
 37.6461  0.000580672656  2.94983416e-05  2.48248339e-05
 37.6769  0.000538988832  3.59466297e-05  3.24854457e-05
 37.7076  0.000521595015  1.82031033e-05  1.54051813e-05
 37.7384  0.000467959889  1.62746532e-05  1.76708761e-05
 37.7692  0.000452226607  2.66664934e-05  2.4284092e-05
 37.7999  0.000421887277  3.4795981e-05  4.08123958e-05
 37.8307  0.000403637988  2.745115e-05  3.13658406e-05
 37.8615  0.000403755201  1.99020538e-05  2.16754488e-05
 37.8923  0.000421877192  1.60496214e-05  1.45636013e-05
 37.923  0.000429238661  1.08469218e-05  1.00794686e-05
 37.9538  0.000450823636  9.62874151e-06  8.65913505e-06
 37.9846  0.000474957234  1.02097973e-05  9.3871262e-06
 38.0153  0.000502872655  1.254768e-05  1.13116126e-05
 38.0461  0.000524882876  1.40231063e-05  1.12643544e-05
 38.0769  0.000558207906  1.52684621e-05  1.21542376e-05
 38.1076  0.000580289845  1.23626804e-05  1.17849044e-05
 38.1384  0.000604786505  1.28881431e-05  9.7998296e-06
 38.1692  0.000616483772  1.2958472e-05  1.06828711e-05
 38.1999  0.00064681639  1.2783055e-05  1.04693877e-05
 38.2307  0.000688556012  1.48209468e-05  1.37448593e-05
 38.2615  0.000834306443  2.32590396e-05  2.01871972e-05
 38.2922  0.000939580216  3.67204606e-05  3.07288525e-05
 38.323  0.00106243366  2.96255324e-05  2.2387192e-05
 38.3538  0.00125326452  3.64185817e-05  3.67847592e-05
 38.3846  0.00145751983  4.29315713e-05  4.49198388e-05
 38.4153  0.00161770722  6.36157999e-05  6.08039853e-05
 38.4461  0.00168777333  7.84745015e-05  8.15289973e-05
 38.4769  0.00198942087  9.62236598e-05  9.50350501e-05
 38.5076  0.00216881258  0.000121487485  0.000108471048
 38.5384  0.00248737923  0.000167898243  0.000111182091
 38.5692  0.00313038061  0.000334803198  0.000133139816
 38.5999  0.00440713484  0.000600415008  0.00021939686
 38.6307  0.00424715354  0.000737899515  0.00032548052
 38.6615  0.00474122814  0.000558035219  0.000301347861
 38.6922  0.00589301967  0.000474956936  0.000146418597
 38.723  0.00670315191  0.000939309786  0.000295003965
 38.7538  0.00765472303  0.00153482081  0.000362575016
 38.7845  0.00945689284  0.00136098251  0.0002281657
 38.8153  0.0119341324  0.00190369474  0.000353101067
 38.8461  0.0162927294  0.00331704332  0.000398368235
 38.8769  0.0206286493  0.00424017251  0.000417709014
 38.9076  0.0240844495  0.00474581779  0.000437691132
 38.9384  0.0282753841  0.00772295248  0.000515847762
 38.9692  0.0376709716  0.0108595202  0.000944034555
 38.9999  0.0435411897  0.00998947595  0.000791651128
 39.0307  0.0453038219  0.0105521174  0.000876624951
 39.0615  0.0465597104  0.0132712743  0.000765156321
 39.0922  0.0509216638  0.014318687  0.00082893471
 39.123  0.0517211242  0.018039802  0.00094175808
 39.1538  0.0521122696  0.0173115196  0.000795979788
 39.1845  0.0578985075  0.0182314935  0.000821809928
 39.2153  0.0664143675  0.0215948216  0.000935892768
 39.2461  0.0718043163  0.0254874795  0.00105538952
 39.2768  0.0663087614  0.0233668244  0.000983870879
 39.3076  0.0575150613  0.019857611  0.000846081024
 39.3384  0.0588371182  0.0235763345  0.000886785854
 39.3692  0.0571506982  0.0228420208  0.000868710687
 39.3999  0.0522580686  0.0180855508  0.000789781508
 39.4307  0.0503152209  0.0143118053  0.000747029529
 39.4615  0.0491695603  0.0146954715  0.000780197046
 39.4922  0.0400833653  0.0107127808  0.000599663455
 39.523  0.0308370519  0.00768700534  0.000491936854
 39.5538  0.0213945498  0.00474855023  0.000397062909
 39.5845  0.0149893208  0.00296787942  0.000370073209
 39.6153  0.0140378905  0.00299683197  0.000235862279
 39.6461  0.00983803508  0.00234178513  0.000158429024
 39.6768  0.00682081841  0.00137423625  0.000144429873
 39.7076  0.00524640985  0.000707244174  9.86512869e-05
 39.7384  0.00445047727  0.000489053035  8.03869657e-05
 39.7692  0.00434828022  0.000549127597  6.99682901e-05
 39.7999  0.00344959569  0.000333286604  5.48427181e-05
 39.8307  0.00318755549  0.00029110769  4.15852724e-05
 39.8615  0.0037907936  0.000487700572  5.02822957e-05
 39.8922  0.00536871562  0.000806826778  7.04567873e-05
 39.923  0.00931996628  0.00167939698  0.000113737581
 39.9538  0.0175398572  0.00426879051  0.000187274316
 39.9845  0.0267368031  0.00648875437  0.000270348864
 40.0153  0.0301874002  0.00695227216  0.000304592407
 40.0461  0.0278744197  0.00644507993  0.00028674836
 40.0768  0.0233471989  0.00616626515  0.000261299663
 40.1076  0.0195786932  0.0055764932  0.000224684824
 40.1384  0.0192401908  0.0052426544  0.000208976073
 40.1691  0.0198842438  0.00465653512  0.00020437011
 40.1999  0.0162123939  0.00346381536  0.00017514891
 40.2307  0.0128472598  0.0024306425  0.000153634211
 40.2615  0.0132039046  0.00185377724  0.000161017167
 40.2922  0.0164323041  0.00243778495  0.000186680473
 40.323  0.0207578837  0.00308466723  0.000246914482
 40.3538  0.0218599016  0.00276867743  0.000250240304
 40.3845  0.0213271489  0.00248861418  0.000240873216
 40.4153  0.0207640833  0.00240346147  0.000236654721
 40.4461  0.0209038966  0.00244997657  0.000232753619
 40.4768  0.0212454453  0.00236580986  0.000228037285
 40.5076  0.0191191133  0.00199259424  0.000210447293
 40.5384  0.0189294131  0.00200731614  0.000232884005
 40.5691  0.0184013316  0.00204196796  0.000259821607
 40.5999  0.016501823  0.00192098839  0.000269094045
 40.6307  0.0156970765  0.00186649212  0.000242204714
 40.6614  0.0140023872  0.00220377884  0.000268285474
 40.6922  0.0144200946  0.00207617168  0.000261710304
 40.723  0.0146653429  0.00196496722  0.0002355248
 40.7538  0.0139258413  0.00195801099  0.000244766978
 40.7845  0.0120447683  0.00135045162  0.000167157678
 40.8153  0.0111697364  0.00143089679  0.000175860309
 40.8461  0.0102499324  0.000995582347  0.000174847
 40.8768  0.0103720771  0.000866384852  0.000182340636
 40.9076  0.0114518995  0.000975586866  0.00020639933
 40.9384  0.0122022839  0.000997117114  0.000210007789
 40.9691  0.0117278626  0.00103796012  0.000212047139
 40.9999  0.0102186877  0.0010137763  0.000242761559
 41.0307  0.00933522053  0.000993161601  0.000221403615
 41.0614  0.00871569238  0.000890087771  0.000194193433
 41.0922  0.00916174404  0.000970028783  0.000189655889
 41.123  0.0104129568  0.00113713421  0.000198597269
 41.1538  0.0117777267  0.00122322048  0.000214878818
 41.1845  0.0128972002  0.0015131529  0.000291504969
 41.2153  0.0141060972  0.00189369912  0.000273390856
 41.2461  0.0143875873  0.00207735909  0.000231998998
 41.2768  0.0127822234  0.0018785428  0.000217166135
 41.3076  0.0110593535  0.00162097425  0.000151846651
 41.3384  0.0101606736  0.00130653475  0.000130755465
 41.3691  0.00828072917  0.00112340784  0.000118493822
 41.3999  0.00721318312  0.00093179363  9.96726861e-05
 41.4307  0.00719265622  0.000877943684  0.000104269323
 41.4614  0.00695287646  0.000857817198  9.6356158e-05
 41.4922  0.00630564259  0.00082323336  8.29649539e-05
 41.523  0.00635660157  0.000701721143  7.74515715e-05
 41.5537  0.00616413514  0.000600803598  7.339586e-05
 41.5845  0.00594899927  0.000520845042  6.92687874e-05
 41.6153  0.00612148145  0.000537144866  7.40558775e-05
 41.6461  0.00659424726  0.000576826971  9.48196599e-05
 41.6768  0.00663834117  0.000621136663  8.96517824e-05
 41.7076  0.00725652031  0.000711602434  8.2800672e-05
 41.7384  0.00677782159  0.00069370602  8.75960925e-05
 41.7691  0.0053522905  0.000535724776  6.43129657e-05
 41.7999  0.00409366784  0.000421868834  6.16267946e-05
 41.8307  0.00357029659  0.000381747844  5.09413703e-05
 41.8614  0.00362619509  0.000352718456  5.20351423e-05
 41.8922  0.00507294802  0.000515404966  5.48457429e-05
 41.923  0.00626058982  0.000723011942  6.683122e-05
 41.9537  0.00651359549  0.000922559388  8.37390032e-05
 41.9845  0.0074005113  0.0011704633  8.7842057e-05
 42.0153  0.00677363592  0.00104974002  8.48347256e-05
 42.046  0.00757571686  0.00116563449  9.07721989e-05
 42.0768  0.00842688646  0.0012197776  9.3289057e-05
 42.1076  0.00942372041  0.00140094932  0.000100374619
 42.1384  0.0102964375  0.00176097273  0.000112548439
 42.1691  0.0108174856  0.00160618102  0.000111950134
 42.1999  0.00781830245  0.00119921292  9.05000904e-05
 42.2307  0.00474275284  0.000778471857  6.54644265e-05
 42.2614  0.00356914293  0.000604296483  5.36856171e-05
 42.2922  0.00440806728  0.000726400399  5.84213743e-05
 42.323  0.00420329206  0.000772409385  5.88895529e-05
 42.3537  0.00372868219  0.000618984008  5.98789622e-05
 42.3845  0.00425446429  0.000701761136  6.35079315e-05
 42.4153  0.00439790218  0.000746575285  6.37523565e-05
 42.446  0.00403303294  0.000729317754  6.04105209e-05
 42.4768  0.00385218193  0.000694811975  5.37299685e-05
 42.5076  0.0039543317  0.000587908799  6.04284762e-05
 42.5383  0.00343552643  0.000480555968  5.72825023e-05
 42.5691  0.00308674633  0.000480723701  5.7203812e-05
 42.5999  0.00299619913  0.00048489199  5.57777903e-05
 42.6307  0.00365506728  0.000544244782  6.26666313e-05
 42.6614  0.00495044626  0.000626077804  7.42448159e-05
 42.6922  0.00538259439  0.000686658027  8.09678495e-05
 42.723  0.00494072549  0.000778765896  8.44421631e-05
 42.7537  0.00455183859  0.00089000511  8.67069946e-05
 42.7845  0.00461458955  0.00100476787  8.76253223e-05
 42.8153  0.00510679682  0.00110692431  9.28344085e-05
 42.846  0.00621805953  0.000979656975  8.79508868e-05
 42.8768  0.00651378969  0.00131755513  0.000111697752
 42.9076  0.00518439966  0.0010301827  9.63232024e-05
 42.9383  0.00482601547  0.00091041244  8.49897616e-05
 42.9691  0.00527497777  0.000862197666  9.81340551e-05
 42.9999  0.00552927633  0.000712621268  0.000115417401
 43.0307  0.00528862683  0.000512859961  0.000112763656
 43.0614  0.00521326806  0.000506058101  0.000134061243
 43.0922  0.00513508312  0.000544837571  0.000165163938
 43.123  0.00521191798  0.000602299593  0.000197435574
 43.1537  0.00587654368  0.000768640714  0.00022689525
 43.1845  0.00335804734  0.000635798971  0.000140358744
 43.2153  0.00215054546  0.000236700823  6.72103432e-05
 43.246  0.00206821094  0.00011568695  4.92488938e-05
 43.2768  0.00220617765  9.84292572e-05  4.36108658e-05
 43.3076  0.0024472512  7.41647052e-05  4.54650121e-05
 43.3383  0.00252437716  8.73865503e-05  5.17070441e-05
 43.3691  0.00283943641  0.000139382328  6.42983306e-05
 43.3999  0.00281745745  0.000165228874  7.53471939e-05
 43.4306  0.00252451752  0.00011224193  6.60293257e-05
 43.4614  0.00235495192  6.66328905e-05  6.40128272e-05
 43.4922  0.00225658882  4.51186464e-05  5.90010285e-05
 43.523  0.00222758361  5.96803347e-05  7.34646232e-05
 43.5537  0.00235082846  5.46501787e-05  5.88572844e-05
 43.5845  0.00208508129  6.69650404e-05  6.00511037e-05
 43.6153  0.00196513127  8.66293355e-05  8.18849077e-05
 43.646  0.00196024561  6.97741897e-05  7.14384942e-05
 43.6768  0.0020956845  7.95770397e-05  5.14716155e-05
 43.7076  0.00201956696  9.32037691e-05  7.07484872e-05
 43.7383  0.00210812728  0.000102063424  8.327316e-05
 43.7691  0.00215682902  0.000109346666  8.73211423e-05
 43.7999  0.00195882085  9.36420694e-05  8.01794969e-05
 43.8306  0.0019011347  8.91916229e-05  8.72739306e-05
 43.8614  0.00185363921  8.86244056e-05  8.75388316e-05
 43.8922  0.00222342381  9.9606113e-05  0.000112743475
 43.9229  0.00242028854  0.000135684307  0.000137822476
 43.9537  0.00237634373  0.00012925614  0.000144872313
 43.9845  0.00217105076  8.71095789e-05  0.000135058209
 44.0153  0.00216575787  0.000128141631  0.000132379954
 44.046  0.0019184723  0.000122161937  0.000125068229
 44.0768  0.0020083139  0.000137277508  0.000135119295
 44.1076  0.00204923671  0.000117109941  0.000113346642
 44.1383  0.00228148102  0.000115829843  9.64268045e-05
 44.1691  0.00299833179  0.000170106305  0.000109478594
 44.1999  0.00333555213  0.000226888193  0.000107048467
 44.2306  0.00479320741  0.000465644154  0.000129115685
 44.2614  0.00719427524  0.000896896554  0.000161049462
 44.2922  0.00992305608  0.00139038102  0.000220084322
 44.3229  0.0127134321  0.00195380231  0.00027292522
 44.3537  0.0160221087  0.00302955016  0.000376570371
 44.3845  0.0195165219  0.00498238695  0.00047649451
 44.4153  0.0212866808  0.00705263283  0.000799150127
 44.446  0.0236770003  0.00854166209  0.000884248251
 44.4768  0.0256080575  0.00961198674  0.00101020545
 44.5076  0.0271511051  0.0106335361  0.00118345177
 44.5383  0.0304380971  0.00904225591  0.00138008565
 44.5691  0.0322256739  0.0105494397  0.00106936305
 44.5999  0.0346090269  0.0157830965  0.00157329541
 44.6306  0.0341671239  0.0165385088  0.00162765805
 44.6614  0.0343185771  0.0125337437  0.00145094456
 44.6922  0.0389785441  0.0129968469  0.00145823614
 44.7229  0.0343459659  0.0119531112  0.00260263586
 44.7537  0.0323897108  0.0114642871  0.0026179397
 44.7845  0.0326709525  0.0106258292  0.00352345654
 44.8152  0.0331050198  0.010604743  0.0039494296
 44.846  0.0330731654  0.0133051393  0.00390708663
 44.8768  0.0424356413  0.0215913037  0.00600128732
 44.9076  0.0534089366  0.0253154294  0.00427583713
 44.9383  0.0573628056  0.0289111002  0.00589038537
 44.9691  0.057927336  0.032182335  0.00883377789
 44.9999  0.05658084  0.0330508804  0.0133511691
 45.0306  0.0533077426  0.0378553927  0.020990687
 45.0614  0.0419201877  0.0288314949  0.0235486253
 45.0922  0.0349958437  0.0261396483  0.0277939319
 45.1229  0.0268103104  0.0171311361  0.0260598965
 45.1537  0.0196324242  0.00727350784  0.0221302063
 45.1845  0.0196262015  0.0110348926  0.0148933263
 45.2152  0.0105153785  0.0170903907  0.00957700382
 45.246  0.00544914452  0.00694140611  0.00334010601
 45.2768  nan  nan  nan
