# X (m) TKE_avg epsilon_turb_pw_avg_Y_avg epsilon_pw_avg_Y_avg
 33.031  2.5814849e-05  2.06962233e-07  5.56362391e-07
 33.0619  2.10145269e-05  1.68866392e-07  5.99106856e-07
 33.0929  2.57803243e-05  3.61113811e-07  5.60492739e-07
 33.1238  2.10013632e-05  3.7325351e-07  6.11703963e-07
 33.1548  1.65431278e-05  5.44367956e-07  1.30357237e-06
 33.1857  2.81636753e-05  8.11290689e-07  4.17858236e-06
 33.2167  4.10035873e-05  2.1546611e-06  3.9177742e-06
 33.2477  6.3066307e-05  1.26106858e-05  5.94123363e-05
 33.2786  8.47053136e-05  1.32684309e-05  5.71425318e-05
 33.3096  0.000134272579  2.1733032e-05  2.79579833e-05
 33.3405  0.0001146399  1.59706398e-05  1.87185671e-05
 33.3715  8.534245e-05  8.73364748e-06  1.48077368e-05
 33.4024  0.000120891699  1.74553608e-05  1.26801894e-05
 33.4334  0.000134953007  1.44294636e-05  1.08971776e-05
 33.4643  0.000156537307  9.8662948e-06  7.3005668e-06
 33.4953  0.000128768653  5.91427779e-06  4.91685357e-06
 33.5263  0.000112582574  6.81913438e-06  6.38742522e-06
 33.5572  0.000133409658  4.50660026e-06  4.66531681e-06
 33.5882  0.000136081622  5.91199932e-06  6.10078922e-06
 33.6191  0.000123413401  4.26643073e-06  3.87156817e-06
 33.6501  0.000117339993  4.84357803e-06  4.27196064e-06
 33.681  0.000122771376  3.1746165e-06  3.89199411e-06
 33.712  0.000122714936  2.94217898e-06  3.80873186e-06
 33.743  0.000140091289  3.81478891e-06  4.23905614e-06
 33.7739  0.000161722823  4.05215293e-06  4.91653162e-06
 33.8049  0.00017553597  3.09275984e-06  4.23666226e-06
 33.8358  0.00017706833  2.43434881e-06  3.9618098e-06
 33.8668  0.000196980673  2.7472638e-06  4.23798447e-06
 33.8977  0.00020349129  3.34519983e-06  4.63095763e-06
 33.9287  0.000192453364  3.7095652e-06  4.31427513e-06
 33.9597  0.000182914028  3.13708258e-06  3.95888495e-06
 33.9906  0.00016342605  1.91266515e-06  3.80435563e-06
 34.0216  0.000156321968  1.34927887e-06  3.31646971e-06
 34.0525  0.000165378144  2.4133056e-06  4.53692787e-06
 34.0835  0.000178205367  2.11035485e-06  4.40839189e-06
 34.1144  0.000178687706  3.18405314e-06  5.42315403e-06
 34.1454  0.000156546751  3.08907163e-06  4.89751013e-06
 34.1764  0.000141574865  2.9109421e-06  4.53730627e-06
 34.2073  0.000145815749  3.92269332e-06  6.42546547e-06
 34.2383  0.000158794706  2.88986483e-06  5.17424686e-06
 34.2692  0.000161716256  1.69401277e-06  4.26101071e-06
 34.3002  0.000175142102  2.67994082e-06  7.36830031e-06
 34.3311  0.000171279466  3.72252293e-06  8.43947209e-06
 34.3621  0.000170268646  4.71666801e-06  8.80705087e-06
 34.393  0.000159338009  5.39449616e-06  8.57669736e-06
 34.424  0.00016271285  4.4250694e-06  6.45558428e-06
 34.455  0.000181751488  4.44730946e-06  6.97510518e-06
 34.4859  0.000199106895  7.48538319e-06  1.10800636e-05
 34.5169  0.000201055868  7.10784007e-06  1.07051504e-05
 34.5478  0.000192231383  4.81106119e-06  8.0878643e-06
 34.5788  0.000194092013  4.90693568e-06  9.568056e-06
 34.6097  0.000200153898  9.96965248e-06  1.46031708e-05
 34.6407  0.000199648598  5.54412212e-06  9.86181631e-06
 34.6717  0.000191840915  5.78620729e-06  1.15784237e-05
 34.7026  0.000178639108  7.35693111e-06  1.23652735e-05
 34.7336  0.000168355143  7.04607883e-06  1.2646584e-05
 34.7645  0.000189171747  8.99679337e-06  1.90842387e-05
 34.7955  0.00019354721  4.51066708e-06  1.2287664e-05
 34.8264  0.000191291303  6.41468714e-06  1.68068726e-05
 34.8574  0.000198824982  6.72800758e-06  1.75414468e-05
 34.8884  0.000210294558  1.07468085e-05  2.81962758e-05
 34.9193  0.00022554704  7.79041638e-06  2.2678705e-05
 34.9503  0.000234369512  7.10289985e-06  2.42042275e-05
 34.9812  0.000234578507  9.29087538e-06  3.17958002e-05
 35.0122  0.000213724819  1.46113851e-05  4.39175145e-05
 35.0431  0.000237781305  1.67864744e-05  4.69608106e-05
 35.0741  0.000268552572  1.6811022e-05  4.74897196e-05
 35.1051  0.00029544677  1.49345871e-05  4.88902433e-05
 35.136  0.000283291097  1.42422854e-05  5.45177567e-05
 35.167  0.000269695611  1.60855582e-05  5.903462e-05
 35.1979  0.000249154159  1.098607e-05  5.41756058e-05
 35.2289  0.000242367698  1.06828396e-05  5.98365747e-05
 35.2598  0.000253952032  1.03302791e-05  6.36349498e-05
 35.2908  0.000277821193  1.1342547e-05  6.69135455e-05
 35.3217  0.00026011925  1.39898426e-05  6.6724498e-05
 35.3527  0.000255614679  1.28163859e-05  6.08720262e-05
 35.3837  0.000256030522  1.13617272e-05  5.36801086e-05
 35.4146  0.000299204262  1.37338112e-05  5.79761611e-05
 35.4456  0.000328442979  1.40080428e-05  5.43220882e-05
 35.4765  0.000332102294  9.82504195e-06  5.46923579e-05
 35.5075  0.000292859489  8.60926712e-06  5.113791e-05
 35.5384  0.000256408865  7.46122243e-06  4.24667321e-05
 35.5694  0.000257166498  8.4583337e-06  4.00241746e-05
 35.6004  0.000279359927  1.13350335e-05  4.19130853e-05
 35.6313  0.000294416978  1.20821846e-05  4.1057306e-05
 35.6623  0.000295269486  1.33970199e-05  3.70764207e-05
 35.6932  0.000271029257  1.19856787e-05  3.07916906e-05
 35.7242  0.000320563468  1.50976063e-05  3.12302791e-05
 35.7551  0.000256934117  1.06685707e-05  2.4298011e-05
 35.7861  0.000294064771  9.8176216e-06  2.87363515e-05
 35.8171  0.00026310999  1.05762001e-05  2.86069892e-05
 35.848  0.000240687676  9.03992075e-06  2.65950217e-05
 35.879  0.000252583948  1.0834078e-05  2.67299459e-05
 35.9099  0.0002408511  1.02743337e-05  2.466847e-05
 35.9409  0.0002640063  1.08419715e-05  2.71820701e-05
 35.9718  0.000240216306  9.38742603e-06  2.33531505e-05
 36.0028  0.000298867653  1.28354764e-05  2.54461638e-05
 36.0338  0.000204983328  1.154989e-05  1.73697755e-05
 36.0647  0.000181745678  1.25701465e-05  1.33524197e-05
 36.0957  0.000144806223  1.01409752e-05  8.86779529e-06
 36.1266  0.000120602827  6.34487465e-06  6.20777533e-06
 36.1576  0.000123160281  6.22933908e-06  8.24149603e-06
 36.1885  0.000131082607  1.14954953e-05  1.46513756e-05
 36.2195  0.000129552948  1.52416567e-05  2.40009286e-05
 36.2504  0.000141110396  7.51844794e-06  1.05993917e-05
 36.2814  0.000147687092  7.99791027e-06  1.03127718e-05
 36.3124  0.000152666011  7.43896447e-06  8.7958586e-06
 36.3433  0.000156866924  1.47960633e-05  2.20823877e-05
 36.3743  0.000186408926  9.2301741e-06  9.36143416e-06
 36.4052  0.000169082298  7.87324092e-06  9.75982148e-06
 36.4362  0.000158898742  1.05582538e-05  1.25257625e-05
 36.4671  0.000173671382  1.68946743e-05  1.91634097e-05
 36.4981  0.00019695256  2.27301023e-05  2.33397942e-05
 36.5291  0.000201618838  1.04808753e-05  1.09493893e-05
 36.56  0.00018962334  2.48165009e-05  3.59670545e-05
 36.591  0.000212710991  1.27372599e-05  2.02598361e-05
 36.6219  0.000233253227  2.13604631e-05  2.84609873e-05
 36.6529  0.000239778762  1.99079829e-05  2.39171664e-05
 36.6838  0.00025640347  2.3192733e-05  3.26918929e-05
 36.7148  0.00027786535  1.83214101e-05  3.24617898e-05
 36.7458  0.000278281564  1.31186197e-05  2.17263218e-05
 36.7767  0.00028221762  1.79444406e-05  2.68880731e-05
 36.8077  0.000300766606  1.21137394e-05  1.86504842e-05
 36.8386  0.000322030669  1.85750697e-05  2.43906329e-05
 36.8696  0.000300473551  9.59090362e-06  1.52345516e-05
 36.9005  0.000294411102  1.58208397e-05  1.9205739e-05
 36.9315  0.000290549057  9.09052862e-06  1.41817444e-05
 36.9625  0.000295314011  8.90470739e-06  1.49965897e-05
 36.9934  0.000289254517  8.42515713e-06  1.39131367e-05
 37.0244  0.000259959751  7.51200314e-06  9.99365213e-06
 37.0553  0.000240273607  7.87599541e-06  1.26154928e-05
 37.0863  0.000226044836  7.15026628e-06  1.61339004e-05
 37.1172  0.000209597707  8.9549896e-06  1.91891502e-05
 37.1482  0.000194430147  1.12365841e-05  2.33730694e-05
 37.1791  0.000211983189  1.14931083e-05  2.61531377e-05
 37.2101  0.000200079101  5.9616661e-06  1.7461724e-05
 37.2411  0.000184645141  1.62580561e-05  2.77102144e-05
 37.272  0.000167139205  9.58559802e-06  1.93034008e-05
 37.303  0.000166892111  7.54975771e-06  1.68162742e-05
 37.3339  0.000156790983  1.1947627e-05  2.48429901e-05
 37.3649  0.000145320147  1.44514485e-05  2.98402636e-05
 37.3958  0.00013732988  1.91796007e-05  2.63625415e-05
 37.4268  0.00013324696  2.11490204e-05  3.01599549e-05
 37.4578  0.000143328284  2.51137488e-05  4.12704583e-05
 37.4887  0.000154583535  2.05674136e-05  3.75208905e-05
 37.5197  0.000174280928  1.30935433e-05  2.7638106e-05
 37.5506  0.000187827597  1.70868891e-05  3.79163573e-05
 37.5816  0.000185078487  2.5840351e-05  4.09714835e-05
 37.6125  0.000218348774  2.92371455e-05  5.31079055e-05
 37.6435  0.000233990669  2.02692872e-05  3.87141415e-05
 37.6745  0.000285682529  3.49321011e-05  6.4150689e-05
 37.7054  0.000282122692  3.54597273e-05  6.55041873e-05
 37.7364  0.000319141671  2.63421496e-05  5.61035203e-05
 37.7673  0.000360311968  3.79524394e-05  0.000109242617
 37.7983  0.000305002439  3.93828888e-05  0.000113195301
 37.8292  0.000283447083  3.506176e-05  0.000103117799
 37.8602  0.000291618968  3.08187713e-05  9.39676714e-05
 37.8911  0.000319413952  2.65987789e-05  8.73301719e-05
 37.9221  0.000311497637  2.09077184e-05  7.16153619e-05
 37.9531  0.00022850299  2.11496772e-05  8.76485192e-05
 37.984  0.000197474782  2.47666306e-05  9.40200549e-05
 38.015  0.000242372  3.42887261e-05  0.000108755113
 38.0459  0.000302666399  3.98341781e-05  0.000115226917
 38.0769  0.000325487098  3.63966437e-05  0.000110901769
 38.1078  0.000308613358  2.06324603e-05  7.96961655e-05
 38.1388  0.000376350991  3.5578581e-05  9.37122763e-05
 38.1698  0.000399334176  2.41916119e-05  8.48662253e-05
 38.2007  0.000388611978  1.79995522e-05  8.48344215e-05
 38.2317  0.000439484133  2.26697876e-05  9.18398096e-05
 38.2626  0.000445295058  3.06627506e-05  9.32614749e-05
 38.2936  0.000572634509  2.67405022e-05  8.70795052e-05
 38.3245  0.000537817081  1.98743495e-05  7.32178521e-05
 38.3555  0.000549453185  2.65567334e-05  8.46934761e-05
 38.3865  0.000607800029  2.6289099e-05  8.05823133e-05
 38.4174  0.000795760105  3.08171218e-05  8.97459131e-05
 38.4484  0.00065079121  2.89691307e-05  7.60015553e-05
 38.4793  0.0006879779  3.21538713e-05  8.39669022e-05
 38.5103  0.000681301266  3.01573985e-05  8.12906045e-05
 38.5412  0.000683476338  2.82578647e-05  7.53539145e-05
 38.5722  0.000692833269  3.06451617e-05  7.13223501e-05
 38.6032  0.000726373006  3.54136403e-05  6.90615506e-05
 38.6341  0.000605181146  2.84417763e-05  5.45848293e-05
 38.6651  0.000542547101  2.92190209e-05  4.29513562e-05
 38.696  0.00051071411  2.86357408e-05  3.47310412e-05
 38.727  0.00045634894  2.72667039e-05  3.06336044e-05
 38.7579  0.000388306133  2.55662721e-05  2.7622784e-05
 38.7889  0.000446648999  2.0733586e-05  2.48656597e-05
 38.8198  0.000370923699  2.76744233e-05  2.96231334e-05
 38.8508  0.000404009989  2.37898204e-05  2.3023565e-05
 38.8818  0.000416674165  2.66784627e-05  1.88170589e-05
 38.9127  0.000386145088  3.02448858e-05  1.61778852e-05
 38.9437  0.000393860958  4.26843315e-05  3.09616644e-05
 38.9746  0.000422985851  6.88568733e-05  6.91297173e-05
 39.0056  0.000452709575  3.53085988e-05  2.55911723e-05
 39.0365  0.000518434461  9.56154858e-05  6.3391955e-05
 39.0675  0.000626541002  0.000123719858  8.16022464e-05
 39.0985  0.0011551413  0.000349633261  0.000342745223
 39.1294  0.00268972073  0.00120831024  0.00102101975
 39.1604  0.00931767477  0.00489491689  0.00133260037
 39.1913  0.00666850135  0.00202093548  0.000795572172
 39.2223  0.00506856024  0.000754188829  0.00066594347
 39.2532  0.00541390218  0.000623022893  0.000582158039
 39.2842  0.00878798742  0.000985188847  0.000515766567
 39.3152  0.0126564565  0.00202480328  0.000493841549
 39.3461  0.01838161  0.00250960706  0.000567297404
 39.3771  0.0214234783  0.00287278491  0.00133920133
 39.408  0.018467196  0.00293019039  0.00140053029
 39.439  0.0162649835  0.00372779775  0.00101140431
 39.4699  0.00768332009  0.00173241386  0.00034923691
 39.5009  0.00793605206  0.00159991589  0.000280150562
 39.5319  0.00867955676  0.00217586899  0.000268428302
 39.5628  0.00912377834  0.00245750267  0.000233752932
 39.5938  0.00988656711  0.00259207828  0.00023539658
 39.6247  0.0103545124  0.00267204033  0.000191270899
 39.6557  0.00909596663  0.00239632634  0.00022827532
 39.6866  0.00808820608  0.00211953491  0.000178667758
 39.7176  0.00862641497  0.00260510696  0.00017929804
 39.7485  0.0119588603  0.00588463335  0.000251039523
 39.7795  0.0394022575  0.0259668704  0.000792692569
 39.8105  0.0729543151  0.0512098555  0.00149463321
 39.8414  0.0470913322  0.0354633599  0.00107079999
 39.8724  0.0297811602  0.017970519  0.000775284511
 39.9033  0.0207829792  0.00997501238  0.000637997876
 39.9343  0.0155528258  0.00721158105  0.000559428255
 39.9652  0.0144318981  0.00859103466  0.000601994069
 39.9962  0.0159098715  0.0110105731  0.000766066038
 40.0272  0.0134200894  0.011492928  0.000456550982
 40.0581  0.00702146123  0.00361748217  0.000165615281
 40.0891  0.00404734211  0.000668174531  6.29399928e-05
 40.12  0.0029304623  0.000285463703  5.16287276e-05
 40.151  0.00243186237  0.000207430619  4.08699429e-05
 40.1819  0.00225943489  0.000191851061  2.96903365e-05
 40.2129  0.00273862876  0.000207122395  3.57696806e-05
 40.2439  0.00307178544  0.000219830692  4.67804401e-05
 40.2748  0.00401746951  0.000353978987  5.45776267e-05
 40.3058  0.00493580931  0.00047413568  5.93969375e-05
 40.3367  0.00532736069  0.000530811201  6.91120442e-05
 40.3677  0.00533454395  0.000608837357  7.62310226e-05
 40.3986  0.00416091772  0.000540427171  5.16506669e-05
 40.4296  0.00318671592  0.000381433513  4.04360701e-05
 40.4606  0.00263053054  0.00029694611  3.40292004e-05
 40.4915  0.00257223733  0.000337931586  3.74890316e-05
 40.5225  0.00299483973  0.000441509091  4.22766886e-05
 40.5534  0.00331364755  0.000341052376  4.50698566e-05
 40.5844  0.00327248793  0.000276981023  4.4189716e-05
 40.6153  0.00335149289  0.000291396379  4.97428812e-05
 40.6463  0.00326160342  0.000343025803  5.09632112e-05
 40.6772  0.00311953121  0.000416304253  4.95369954e-05
 40.7082  0.00294799122  0.000352719122  4.70229284e-05
 40.7392  0.00283737101  0.000243891567  4.39021457e-05
 40.7701  0.00315738546  0.000224420139  4.46269603e-05
 40.8011  0.00298832586  0.000241102004  4.52434901e-05
 40.832  0.00254988063  0.000229091212  4.49936301e-05
 40.863  0.00211944175  0.000147221518  4.10350692e-05
 40.8939  0.00193260945  0.000127987915  3.65789579e-05
 40.9249  0.00213355719  0.000180436822  4.4970321e-05
 40.9559  0.00285131628  0.000379428037  5.37468845e-05
 40.9868  0.00387902877  0.00059406302  6.13836696e-05
 41.0178  0.00447825609  0.000700606689  6.43513611e-05
 41.0487  0.00384503054  0.000596562177  5.63262505e-05
 41.0797  0.00297740665  0.000424133959  4.97013858e-05
 41.1106  0.00195114089  0.000276391584  3.97086535e-05
 41.1416  0.00164218559  0.000183527298  3.49236182e-05
 41.1726  0.00201825772  0.000209912296  4.2378683e-05
 41.2035  0.00284700151  0.000349893118  5.29470107e-05
 41.2345  0.00375721315  0.000536712805  7.55458469e-05
 41.2654  0.00341724068  0.000611747445  6.4665093e-05
 41.2964  0.00284720142  0.000453479008  6.2228907e-05
 41.3273  0.00284337447  0.000412113515  6.33150003e-05
 41.3583  0.00291567577  0.00041331424  5.26251872e-05
 41.3892  0.0024945086  0.000374325347  5.93213279e-05
 41.4202  0.0024268762  0.000408387145  7.20538793e-05
 41.4512  0.0026169875  0.000467068446  6.49214385e-05
 41.4821  0.00265967465  0.000522266137  7.10208806e-05
 41.5131  0.00309882109  0.000570636444  7.92508551e-05
 41.544  0.00399204719  0.000662133061  8.93559751e-05
 41.575  0.00535147657  0.000990116393  0.000107140016
 41.6059  0.00559201765  0.00136447804  0.000119214309
 41.6369  0.0062784334  0.0016668519  0.000144463112
 41.6679  0.00611632693  0.001934835  0.000157963759
 41.6988  0.00568228176  0.0018255422  0.000159945432
 41.7298  0.00552097416  0.00165609638  0.0001658667
 41.7607  0.00569612594  0.00195831777  0.000196765375
 41.7917  0.00540715544  0.00180327797  0.00020574192
 41.8226  0.00601538859  0.00238203481  0.000278787317
 41.8536  0.00508213738  0.0020197778  0.000325130141
 41.8846  0.00406729607  0.00140027823  0.000374155458
 41.9155  0.00257526049  0.000853325987  0.000322109507
 41.9465  0.0016568821  0.000696110846  0.000224568699
 41.9774  0.0008153631  0.000255746483  9.46626307e-05
 42.0084  0.000510371105  8.91581093e-05  3.39410609e-05
 42.0393  0.000416745245  6.98081857e-05  1.75685579e-05
 42.0703  0.00043834963  7.42978478e-05  1.39213795e-05
 42.1013  0.000377528217  7.65400866e-06  5.59356689e-06
 42.1322  0.000389944589  1.10969752e-05  8.787402e-06
 42.1632  0.00039371952  7.66094038e-06  5.38352404e-06
 42.1941  0.000421467575  1.03575953e-05  1.01655451e-05
 42.2251  0.000466770817  1.41121983e-05  1.35193775e-05
 42.256  0.000534907805  1.69849263e-05  1.14120908e-05
 42.287  0.000515373109  1.22424664e-05  7.53673942e-06
 42.3179  0.000560477195  1.38176003e-05  7.6227231e-06
 42.3489  0.000598530582  1.34345033e-05  1.04321054e-05
 42.3799  0.000609525997  1.46098375e-05  1.87052944e-05
 42.4108  0.000610769439  1.28243543e-05  1.75955865e-05
 42.4418  0.000646901803  1.92310546e-05  3.01803107e-05
 42.4727  0.000641356537  1.48946696e-05  2.35418697e-05
 42.5037  0.000619934277  8.94488351e-06  1.8414256e-05
 42.5346  0.000585873245  1.3806549e-05  2.95236087e-05
 42.5656  0.000605863389  2.72512098e-05  5.42630558e-05
 42.5966  0.000635562124  1.6114678e-05  3.6544882e-05
 42.6275  0.000655521485  1.76333931e-05  3.79912897e-05
 42.6585  0.000722089949  2.8140855e-05  5.34284709e-05
 42.6894  0.000671395804  4.08140328e-05  8.12772898e-05
 42.7204  0.0006567747  3.42128149e-05  8.72740737e-05
 42.7513  0.000637678099  3.55689318e-05  9.43118829e-05
 42.7823  0.000574300274  2.86067246e-05  8.78996513e-05
 42.8133  0.000719932978  3.64948987e-05  0.000121027798
 42.8442  0.000816633751  5.33490757e-05  0.000165670077
 42.8752  0.000935982826  6.78673638e-05  0.000219817032
 42.9061  0.000891858776  0.000115700824  0.000229037402
 42.9371  0.0008847572  0.0001179023  0.000228916526
 42.968  0.000903510702  0.000100156402  0.000243527308
 42.999  0.000904021276  0.000275275144  0.000236145286
 43.03  0.000638747445  9.58056491e-05  0.000154093612
 43.0609  0.000479651005  9.41079236e-05  0.000118918443
 43.0919  0.000227395749  5.5559851e-05  7.17360324e-05
 43.1228  0.000245750514  2.74616012e-05  6.20652112e-05
 43.1538  0.000136374736  2.51550872e-05  3.24673796e-05
 43.1847  0.000126159779  1.96059243e-05  2.17706887e-05
 43.2157  3.79397572e-05  7.60029176e-06  9.83443594e-06
 43.2466  2.37985713e-05  4.83359749e-06  8.3645903e-06
 43.2776  9.84508385e-06  3.7275727e-06  9.4398802e-06
 43.3086  1.08864285e-05  2.30434942e-06  1.03556676e-05
 43.3395  2.1037296e-05  4.4489004e-06  1.79194724e-05
 43.3705  1.6856318e-05  3.33547746e-06  1.14386345e-05
 43.4014  1.48273912e-05  1.54375575e-06  1.68289059e-05
 43.4324  1.32370843e-05  1.54297955e-06  1.37866626e-05
 43.4633  1.21328184e-05  2.33712122e-06  1.14667236e-05
 43.4943  1.37070467e-05  6.8131706e-06  1.25817706e-05
 43.5253  1.47498723e-05  3.47698637e-05  3.90569319e-05
 43.5562  1.2801558e-05  7.41544105e-06  1.01013109e-05
 43.5872  1.4696552e-05  1.54849108e-05  1.63003668e-05
 43.6181  2.40156216e-05  6.01638682e-05  6.04451259e-05
 43.6491  5.84388711e-05  0.000130474764  0.000138486941
 43.68  3.06769066e-05  2.03290547e-05  2.82992412e-05
 43.711  5.58574564e-05  0.000104862544  0.000124807214
 43.742  0.00016921757  0.000192841037  0.000567888608
 43.7729  0.000133156983  0.000188547206  0.000423293772
 43.8039  8.56785289e-05  0.000200571983  0.000242087673
 43.8348  8.22111776e-05  0.000133501746  0.000131246745
 43.8658  7.59624001e-05  6.10420947e-05  8.27388372e-05
 43.8967  9.62469649e-05  3.25395045e-05  9.37108494e-05
 43.9277  0.000391450217  8.99596168e-05  0.000331452113
 43.9587  0.00182293044  0.000725248814  0.000585966532
 43.9896  0.00408622416  0.00213104037  0.00114570587
 44.0206  0.001663738  0.00111006627  0.00121501514
 44.0515  0.00298542004  0.00173196217  0.00234133716
 44.0825  0.000655170673  0.000562572992  0.00065606767
 44.1134  0.000450534876  0.000350094248  0.000393439166
 44.1444  0.000646596473  0.000609514039  0.00077515236
 44.1753  0.000895735518  0.000699669978  0.000787163077
 44.2063  0.00119302435  0.00108961573  0.00109864869
 44.2373  0.00118892773  5.53770113e-05  6.28268512e-05
 44.2682  0.00148422608  8.00394867e-05  5.2012372e-05
 44.2992  0.00193013271  0.000986348873  0.000965856453
 44.3301  0.00209012269  0.00049931679  0.000332417467
 44.3611  0.00243696384  0.000820054896  0.000675674881
 44.392  0.00263208434  0.000196055278  0.000115337044
 44.423  0.00306227017  0.00110437107  0.000824797205
 44.454  0.0027446465  0.000996082105  0.000820903668
 44.4849  0.00250370436  0.0015294996  0.00164593233
 44.5159  0.00250285167  0.00426105192  0.0044660258
 44.5468  0.0029746225  0.00299045944  0.00263594812
 44.5778  0.00288206737  0.00142859397  0.00155231904
 44.6087  0.00372042732  0.00877680488  0.00780924153
 44.6397  0.00365904232  0.00913485502  0.00790145165
 44.6707  0.00480543624  0.00327566897  0.00140106198
 44.7016  0.00271842203  0.00114477883  0.00143247688
 44.7326  0.00230332347  0.00141594551  0.00165741545
 44.7635  0.00199139662  0.000567420529  0.000588687036
 44.7945  0.00197416135  0.00252759466  0.00160132041
 44.8254  0.00280477499  0.00273519767  0.00205815061
 44.8564  0.00269468037  0.0011837879  0.00115075284
 44.8874  0.00232913192  0.000521709892  0.000626832988
 44.9183  0.00256218482  0.00071531416  0.00105821649
 44.9493  0.00209427234  0.00037561041  0.000475309129
 44.9802  0.00242864153  0.000504143602  0.000602111579
 45.0112  0.00221378013  0.00105135505  0.000915040692
 45.0421  0.00236610386  0.00315889414  0.0022577732
 45.0731  0.00378774491  0.00774286497  0.0055676983
 45.104  0.00482031393  0.0109691484  0.00910865588
 45.135  0.0037184608  0.00289029759  0.0022209702
 45.166  0.00561407961  0.00534260146  0.00385952399
 45.1969  0.00594841163  0.00559672047  0.00425835186
 45.2279  0.00567596747  0.00335486651  0.00222572272
 45.2588  0.00612514371  0.00399630804  0.00239835201
 45.2898  0.00683623667  0.011177595  0.0035654347
 45.3207  0.00593986642  0.0042445926  0.00129679567
 45.3517  nan  nan  nan
