# X (m) TKE_avg epsilon_turb_pw_avg_Y_avg epsilon_pw_avg_Y_avg
 33.0308  4.96970046e-05  8.58583543e-07  3.06033774e-06
 33.0616  3.9664653e-05  5.19716645e-07  4.00955023e-06
 33.0924  4.4222605e-05  6.95316723e-07  5.3376357e-06
 33.1232  5.93409171e-05  1.72067117e-06  1.14592436e-05
 33.154  7.38316108e-05  2.91735747e-06  1.82318509e-05
 33.1848  0.000103533289  1.80556394e-06  2.3814271e-05
 33.2156  0.000232525696  3.18795055e-05  2.83327362e-05
 33.2465  0.000472061469  9.72181811e-05  0.000104871475
 33.2773  0.00050200675  9.08755825e-05  0.000119431407
 33.3081  0.000392761708  4.55115277e-05  7.93242166e-05
 33.3389  0.00027487037  1.65100235e-05  5.09969558e-05
 33.3697  0.000224293377  1.29626704e-05  4.23599337e-05
 33.4005  0.000186604579  1.09796376e-05  3.78947749e-05
 33.4313  0.000161357269  1.20019065e-05  3.42632373e-05
 33.4621  0.000161274075  1.2835049e-05  3.13951435e-05
 33.4929  0.000208455039  1.50014719e-05  3.53458217e-05
 33.5237  0.000194321295  1.35306881e-05  3.47280386e-05
 33.5545  0.000377252808  3.35283733e-05  3.77956178e-05
 33.5853  0.000466588144  2.77450612e-05  3.61505337e-05
 33.6161  0.000690189872  4.7127298e-05  4.70474116e-05
 33.6469  0.000571209411  5.48658097e-05  4.59469284e-05
 33.6778  0.000321975552  1.78151584e-05  3.28177768e-05
 33.7086  0.000210914563  1.67940376e-05  2.57603517e-05
 33.7394  0.000166186114  1.18333254e-05  1.52698926e-05
 33.7702  0.000149971588  9.48625761e-06  7.57252748e-06
 33.801  0.000145159759  1.01955486e-05  7.0010221e-06
 33.8318  0.000138183796  7.80368871e-06  5.17881994e-06
 33.8626  0.000120861407  5.50864433e-06  5.79661626e-06
 33.8934  0.000120688569  4.47303684e-06  3.2238507e-06
 33.9242  0.000121147744  7.65318216e-06  6.28142968e-06
 33.955  0.000118692247  5.28713676e-06  4.6350022e-06
 33.9858  0.000125967451  5.20670195e-06  5.99840645e-06
 34.0166  0.000144629523  4.84925409e-06  6.14034126e-06
 34.0474  0.000151171586  5.88746207e-06  5.98009253e-06
 34.0782  0.000195381674  1.51805709e-05  8.31443235e-06
 34.109  0.000213059654  1.48300833e-05  1.09832703e-05
 34.1399  0.00022702189  8.75459481e-06  7.54512389e-06
 34.1707  0.000237540031  7.21500055e-06  5.52543787e-06
 34.2015  0.000244425311  7.05697678e-06  8.68268814e-06
 34.2323  0.000310947667  7.49741992e-06  5.83267032e-06
 34.2631  0.000294508462  9.87302876e-06  7.80001476e-06
 34.2939  0.000278047148  1.55270305e-05  1.40092429e-05
 34.3247  0.000268520383  1.55086605e-05  1.27017699e-05
 34.3555  0.000258942521  9.8679531e-06  8.7177007e-06
 34.3863  0.000260687823  1.2966277e-05  5.9537085e-06
 34.4171  0.000289135029  1.03743665e-05  5.60135665e-06
 34.4479  0.00027628846  9.02136176e-06  4.15411326e-06
 34.4787  0.00026064678  1.26640112e-05  7.25389057e-06
 34.5095  0.000249927849  1.20493132e-05  8.4735085e-06
 34.5403  0.0002597554  6.20060629e-06  4.43612864e-06
 34.5712  0.000315220044  5.61480899e-06  4.77290223e-06
 34.602  0.000323214222  1.04328772e-05  8.17173106e-06
 34.6328  0.00031138557  8.71853622e-06  5.56651272e-06
 34.6636  0.000283552801  7.36860848e-06  5.23338838e-06
 34.6944  0.000269081336  6.03269549e-06  4.20215684e-06
 34.7252  0.000283502147  7.87361759e-06  5.27799259e-06
 34.756  0.000321288707  8.25750922e-06  5.6548614e-06
 34.7868  0.000332390073  5.32807818e-06  3.53706573e-06
 34.8176  0.000350626096  7.15372171e-06  5.53500226e-06
 34.8484  0.000356607762  7.85063967e-06  5.10083359e-06
 34.8792  0.000343709258  7.83161784e-06  5.58289695e-06
 34.91  0.000352011344  5.94715383e-06  4.06160351e-06
 34.9408  0.000330479765  5.70717698e-06  3.8245527e-06
 34.9716  0.000335208238  6.50434354e-06  4.25568996e-06
 35.0024  0.000333269864  6.49450997e-06  4.52838321e-06
 35.0333  0.00031817639  4.88547414e-06  3.67034992e-06
 35.0641  0.00035174675  5.28030496e-06  4.28391135e-06
 35.0949  0.000337215436  5.99667177e-06  4.49273123e-06
 35.1257  0.000323052776  6.01393824e-06  4.38152635e-06
 35.1565  0.000311235445  5.57370057e-06  4.29741991e-06
 35.1873  0.000322167821  5.92424021e-06  4.04830068e-06
 35.2181  0.000290315769  5.20120821e-06  4.1019022e-06
 35.2489  0.000261864139  4.34684599e-06  3.70756524e-06
 35.2797  0.000250477896  4.36685166e-06  4.57110408e-06
 35.3105  0.000237783308  4.59149644e-06  5.62165065e-06
 35.3413  0.000219301793  4.02420261e-06  4.73907111e-06
 35.3721  0.000221938705  4.23280927e-06  3.91068269e-06
 35.4029  0.000245795017  5.58126671e-06  6.92030053e-06
 35.4337  0.000244978277  5.52421272e-06  6.11577172e-06
 35.4646  0.000243717718  6.16354118e-06  5.97505009e-06
 35.4954  0.000237094855  7.47669338e-06  8.936894e-06
 35.5262  0.000238792654  7.36770219e-06  9.32609556e-06
 35.557  0.000235580357  7.0284945e-06  7.69983387e-06
 35.5878  0.000241942435  5.3462314e-06  5.47024695e-06
 35.6186  0.000227540104  9.36018356e-06  1.05891029e-05
 35.6494  0.000236841025  7.61814586e-06  8.37261835e-06
 35.6802  0.000214744145  8.39537441e-06  9.54045619e-06
 35.711  0.000210589898  6.54627449e-06  8.27001085e-06
 35.7418  0.000227736958  6.07370585e-06  1.15444662e-05
 35.7726  0.000240679161  5.33496163e-06  1.0090466e-05
 35.8034  0.000272170777  7.26542673e-06  1.35086809e-05
 35.8342  0.000324594115  8.01420854e-06  1.12673061e-05
 35.865  0.000324460882  1.02206069e-05  1.38543647e-05
 35.8958  0.000326382333  1.02786774e-05  1.6028997e-05
 35.9267  0.000366357847  1.01123189e-05  1.80074357e-05
 35.9575  0.000399913262  1.27590803e-05  2.20507578e-05
 35.9883  0.000424673426  1.06744068e-05  1.63414785e-05
 36.0191  0.00040180099  9.42917176e-06  1.34067219e-05
 36.0499  0.000355727529  8.34147381e-06  1.34839281e-05
 36.0807  0.000391861084  1.13536784e-05  1.6099252e-05
 36.1115  0.000458496528  1.29203221e-05  1.80610591e-05
 36.1423  0.00052606304  1.86740666e-05  1.99579562e-05
 36.1731  0.000540177203  2.77920191e-05  2.86824683e-05
 36.2039  0.000514265345  2.58985512e-05  2.12720586e-05
 36.2347  0.000459836081  2.01570281e-05  2.46708024e-05
 36.2655  0.000471910806  1.87646956e-05  1.69852983e-05
 36.2963  0.000443327827  2.02497129e-05  1.65793022e-05
 36.3271  0.000419157361  2.43231231e-05  2.05731612e-05
 36.358  0.00043063017  2.66912943e-05  1.92237876e-05
 36.3888  0.000459577883  2.61281296e-05  1.66308993e-05
 36.4196  0.000465342115  2.10843204e-05  1.63139115e-05
 36.4504  0.000455983881  2.73434419e-05  1.93085495e-05
 36.4812  0.000464791834  2.93836342e-05  2.03017226e-05
 36.512  0.00058522419  4.01024579e-05  2.25581409e-05
 36.5428  0.000592394763  4.59866159e-05  2.0179567e-05
 36.5736  0.000470600804  4.43036255e-05  2.01501214e-05
 36.6044  0.000393824133  3.32505048e-05  1.37829633e-05
 36.6352  0.000408435684  2.62048755e-05  1.42562949e-05
 36.666  0.000390373481  1.97654359e-05  1.23921411e-05
 36.6968  0.000406390598  1.92249833e-05  1.40167322e-05
 36.7276  0.000447847924  1.98874613e-05  1.92408708e-05
 36.7584  0.000447128815  1.76713127e-05  1.77952968e-05
 36.7892  0.000464481943  1.90403331e-05  1.80935879e-05
 36.8201  0.000498450333  2.40905202e-05  2.18462686e-05
 36.8509  0.000491215889  2.2837207e-05  2.02218745e-05
 36.8817  0.000467705669  1.86231353e-05  1.73897065e-05
 36.9125  0.000480067252  2.14051412e-05  2.23025912e-05
 36.9433  0.000536091435  2.58562143e-05  2.24167225e-05
 36.9741  0.000567398031  2.50355997e-05  1.89607328e-05
 37.0049  0.000592549724  3.82857514e-05  2.27716061e-05
 37.0357  0.000614563363  4.3842792e-05  2.14507957e-05
 37.0665  0.000616969458  3.68616254e-05  1.9255627e-05
 37.0973  0.000560411646  2.89176332e-05  1.78052164e-05
 37.1281  0.000558593523  2.99251502e-05  1.61616374e-05
 37.1589  0.000533910384  2.66813665e-05  1.3654137e-05
 37.1897  0.000541483306  2.53500198e-05  1.45617591e-05
 37.2205  0.000546716058  1.98346644e-05  1.08311431e-05
 37.2513  0.000526128126  2.5790273e-05  1.4738459e-05
 37.2822  0.000532759312  1.61402705e-05  1.02630311e-05
 37.313  0.000575223563  2.29391871e-05  1.81256356e-05
 37.3438  0.000588444614  2.53356593e-05  2.2001694e-05
 37.3746  0.000602742498  2.39088084e-05  1.96161562e-05
 37.4054  0.000617249236  1.67527383e-05  1.15465538e-05
 37.4362  0.000633022696  1.75761164e-05  1.33528652e-05
 37.467  0.000670419999  3.1229238e-05  2.95371971e-05
 37.4978  0.000692619829  2.1115462e-05  2.12148451e-05
 37.5286  0.0007005539  1.36566982e-05  1.34518392e-05
 37.5594  0.000710782221  2.15329422e-05  2.20421008e-05
 37.5902  0.000734486189  2.78447545e-05  2.24369032e-05
 37.621  0.000697530485  3.000447e-05  2.46986203e-05
 37.6518  0.000758158657  2.29133558e-05  1.93353752e-05
 37.6826  0.000739894167  2.79757685e-05  2.49220619e-05
 37.7135  0.000748570912  2.86548583e-05  2.93372023e-05
 37.7443  0.000826787435  2.52782922e-05  3.13906394e-05
 37.7751  0.000988461307  4.09688315e-05  4.36604646e-05
 37.8059  0.000855218266  4.10170792e-05  3.26978376e-05
 37.8367  0.00066488742  2.54447339e-05  2.28013183e-05
 37.8675  0.000574524992  1.73168093e-05  1.81088732e-05
 37.8983  0.000584277074  1.58528238e-05  1.68307256e-05
 37.9291  0.000605121742  2.04530712e-05  1.66910603e-05
 37.9599  0.00051263425  1.50458463e-05  1.40548156e-05
 37.9907  0.000478451097  9.64113526e-06  1.26597493e-05
 38.0215  0.00046990269  9.37031357e-06  1.15564404e-05
 38.0523  0.000478597571  8.80100774e-06  1.0716913e-05
 38.0831  0.00052139988  9.00835969e-06  1.08872046e-05
 38.1139  0.000587724814  1.26431269e-05  1.28260578e-05
 38.1447  0.000684266714  1.81607787e-05  1.70404208e-05
 38.1756  0.000859380318  3.34411837e-05  2.84739288e-05
 38.2064  0.00104977746  2.67193484e-05  2.95457051e-05
 38.2372  0.00118057961  3.77785984e-05  3.51399656e-05
 38.268  0.00113181961  3.94589055e-05  3.06034195e-05
 38.2988  0.00100023731  7.72847616e-05  6.69669551e-05
 38.3296  0.00119155349  6.22920626e-05  4.1669348e-05
 38.3604  0.00129604897  6.04748431e-05  6.59396015e-05
 38.3912  0.00130308696  9.81048381e-05  7.33461341e-05
 38.422  0.00133606601  0.000123530054  8.90366105e-05
 38.4528  0.00179522158  0.000303176026  0.000214846793
 38.4836  0.00253780314  0.000382478538  0.000264001493
 38.5144  0.00309121725  0.000356798024  0.000281926717
 38.5452  0.00346585571  0.000332787917  0.000252875302
 38.576  0.00382305732  0.000368421268  0.000212554626
 38.6069  0.00536776824  0.000554745263  0.000213843063
 38.6377  0.00622588483  0.000808022351  0.000390630093
 38.6685  0.00698486163  0.000802331234  0.000447838537
 38.6993  0.007101448  0.000476514842  0.000152810344
 38.7301  0.00721879573  0.00086345728  0.000368835129
 38.7609  0.0077645377  0.00115687316  0.000362811465
 38.7917  0.00879143902  0.0010537995  0.000217765315
 38.8225  0.0100817078  0.00157173095  0.000311644938
 38.8533  0.0110741863  0.00154887919  0.000245605554
 38.8841  0.0113990063  0.00146979764  0.000170205284
 38.9149  0.0108963913  0.00142834631  0.000152724485
 38.9457  0.0103366601  0.00149809873  0.00016793171
 38.9765  0.00996343966  0.00159030121  0.000195399804
 39.0073  0.0115949355  0.00160253741  0.000195007359
 39.0381  0.0135222624  0.00204335637  0.000236964672
 39.069  0.0135351522  0.0020537202  0.000250430209
 39.0998  0.0129819725  0.00194135592  0.000233316619
 39.1306  0.0126087671  0.00157152522  0.000230784197
 39.1614  0.0125682677  0.00148416439  0.000232151893
 39.1922  0.0148364399  0.00251916294  0.000234750863
 39.223  0.0209433173  0.00401917907  0.000367196791
 39.2538  0.027055649  0.00494693974  0.000444416273
 39.2846  0.0330381457  0.00595620834  0.000457706481
 39.3154  0.038668047  0.0078018889  0.000558617528
 39.3462  0.0386003107  0.0117987704  0.00059037868
 39.377  0.0414720917  0.0136981843  0.000671994186
 39.4078  0.0445037987  0.0141142048  0.000714164172
 39.4386  0.0447345583  0.0133779442  0.000697793857
 39.4694  0.0426870854  0.0136407927  0.000726901995
 39.5003  0.0507890418  0.0153515915  0.000680397482
 39.5311  0.051664966  0.0183193511  0.000668938347
 39.5619  0.0497431078  0.0188190157  0.000654696717
 39.5927  0.0445021888  0.0160665256  0.000582595481
 39.6235  0.0353728546  0.0110063503  0.000466151589
 39.6543  0.0264935244  0.00828022445  0.000336641516
 39.6851  0.0164786291  0.00449352232  0.000203642219
 39.7159  0.0100001534  0.00228792122  0.000128255082
 39.7467  0.00633460522  0.00126505107  9.92439107e-05
 39.7775  0.00458900917  0.000784597055  8.05491082e-05
 39.8083  0.00475641199  0.000737197476  6.97699891e-05
 39.8391  0.00676689047  0.000983714865  8.03872474e-05
 39.8699  0.01267868  0.00227194737  0.00013369776
 39.9007  0.0196494326  0.00354922157  0.000189455002
 39.9315  0.0249801178  0.00404745984  0.000207258431
 39.9624  0.0260620398  0.00399630613  0.000200250535
 39.9932  0.0210057185  0.00441242438  0.000207579213
 40.024  0.0201747425  0.00378087934  0.000186936352
 40.0548  0.0218480677  0.00375798185  0.000196172686
 40.0856  0.022247377  0.00346749419  0.000195677694
 40.1164  0.0214020035  0.00335858253  0.000207325183
 40.1472  0.0202379433  0.00319667998  0.000209530943
 40.178  0.0196441994  0.00342805338  0.000222568666
 40.2088  0.0176302664  0.00271146762  0.00022472381
 40.2396  0.0167431147  0.00267659747  0.000223213149
 40.2704  0.0172108433  0.00284436944  0.000226341166
 40.3012  0.0182634155  0.00278692803  0.000207500374
 40.332  0.0183167641  0.00300422517  0.000229742286
 40.3628  0.0208850902  0.00384123687  0.00025027172
 40.3937  0.0218732721  0.00404325623  0.000243005004
 40.4245  0.0205480328  0.00389645299  0.000228868921
 40.4553  0.0197643994  0.00372925686  0.000235764038
 40.4861  0.0195038106  0.00272916602  0.000254044094
 40.5169  0.0190720359  0.00265433617  0.000275280137
 40.5477  0.0184662568  0.00233565271  0.000270414399
 40.5785  0.0168073803  0.0024606955  0.00028089459
 40.6093  0.0159458262  0.0036173963  0.000308668442
 40.6401  0.011778247  0.00274943091  0.00018142621
 40.6709  0.00965109041  0.00109783506  0.000133503004
 40.7017  0.00958536237  0.000892417106  0.00014065904
 40.7325  0.00975309851  0.000950214025  0.000149876852
 40.7633  0.0097257218  0.000960504251  0.000141495907
 40.7941  0.00924160548  0.000903546511  0.000124066842
 40.8249  0.00874767473  0.000886453943  0.000112970742
 40.8558  0.00792088593  0.000791813148  0.000111381427
 40.8866  0.00823296625  0.000827558251  0.000127185744
 40.9174  0.00856796479  0.0008536601  0.000133988305
 40.9482  0.00864780137  0.000795622996  0.000144624823
 40.979  0.00884272048  0.000802848059  0.000155712086
 41.0098  0.0089893976  0.000876154803  0.000139561075
 41.0406  0.00910675444  0.000709953866  0.000136113068
 41.0714  0.00920248411  0.000796263561  0.000128060366
 41.1022  0.00922419051  0.000762514345  0.000157205489
 41.133  0.00916598554  0.000693831015  0.000142251753
 41.1638  0.00906734039  0.00070562258  0.000125636774
 41.1946  0.0100158934  0.000798873923  0.000122818537
 41.2254  0.0104023118  0.000885212275  0.000120537636
 41.2562  0.00992531451  0.000809219229  0.000131002393
 41.2871  0.00932720392  0.000763298831  0.000104376765
 41.3179  0.00833222056  0.000752239229  0.000112761109
 41.3487  0.00694348721  0.000652350392  0.000110048139
 41.3795  0.00638667412  0.000562804889  7.43405339e-05
 41.4103  0.00618251319  0.000516364144  9.31966647e-05
 41.4411  0.00648423051  0.000530555342  0.000117890523
 41.4719  0.00704664488  0.000543417461  8.69994876e-05
 41.5027  0.00744394855  0.000594911869  9.58527182e-05
 41.5335  0.00709103593  0.000587538717  9.72140332e-05
 41.5643  0.00647237966  0.000494182325  8.02947459e-05
 41.5951  0.00604228409  0.000450894843  8.55585861e-05
 41.6259  0.00554359257  0.000432386403  0.000102158638
 41.6567  0.00507194918  0.000439856386  0.000110887786
 41.6875  0.00490179182  0.000473333688  9.31645597e-05
 41.7183  0.00418741018  0.000374423214  7.79143811e-05
 41.7492  0.00399528451  0.00029280365  5.78438167e-05
 41.78  0.00369016638  0.00024789801  4.43169749e-05
 41.8108  0.00326651868  0.00023413979  4.74129889e-05
 41.8416  0.00285781079  0.000232883032  4.357203e-05
 41.8724  0.00282361602  0.000268477464  4.64373155e-05
 41.9032  0.00326213156  0.000229795538  4.78063776e-05
 41.934  0.00401859052  0.000272538108  5.39185198e-05
 41.9648  0.00447868255  0.000396200227  6.39025567e-05
 41.9956  0.00462445831  0.000491978421  7.31773422e-05
 42.0264  0.0048197641  0.000450436772  6.64768378e-05
 42.0572  0.00546266893  0.000512941883  7.26948228e-05
 42.088  0.00586665789  0.000614580815  7.61123239e-05
 42.1188  0.00578964716  0.000666607562  7.3493849e-05
 42.1496  0.00552145145  0.000751555882  7.37653704e-05
 42.1805  0.00502194591  0.000788409428  6.80346174e-05
 42.2113  0.00401723899  0.000570699679  5.47344375e-05
 42.2421  0.00385621593  0.000476373791  4.96925942e-05
 42.2729  0.00353144248  0.00043537695  4.87018134e-05
 42.3037  0.00381450428  0.0005423307  5.59353102e-05
 42.3345  0.00440614725  0.000661327962  6.35680039e-05
 42.3653  0.00463758787  0.000635132308  6.25881634e-05
 42.3961  0.00442421472  0.000669562946  5.86627409e-05
 42.4269  0.0042149448  0.000590658048  5.74187497e-05
 42.4577  0.00422734664  0.000557009147  5.38592359e-05
 42.4885  0.00453320037  0.000629076939  5.46917336e-05
 42.5193  0.0052386249  0.000831138181  6.58903603e-05
 42.5501  0.00611523345  0.00101617509  8.51687151e-05
 42.5809  0.00606265724  0.00137795692  9.7565698e-05
 42.6117  0.00640481306  0.00137800556  9.33291711e-05
 42.6426  0.00625398041  0.00122226931  8.81256456e-05
 42.6734  0.00585719141  0.00110891511  8.52699506e-05
 42.7042  0.0054193967  0.00110126377  8.2803949e-05
 42.735  0.00502193227  0.00101561691  8.22650943e-05
 42.7658  0.00491881895  0.000950618727  8.94093442e-05
 42.7966  0.00575470277  0.00093655394  9.89161435e-05
 42.8274  0.00649769292  0.00114353918  0.000110638691
 42.8582  0.00688582913  0.00148490355  0.000130431605
 42.889  0.00678012439  0.00150205168  0.000143228075
 42.9198  0.0066458885  0.00117861455  0.000160058118
 42.9506  0.00713149011  0.00123213962  0.000207487078
 42.9814  0.0078214424  0.00157988116  0.000269124781
 43.0122  0.00776976354  0.00179984606  0.000318958028
 43.043  0.00672941025  0.0016866161  0.000342900852
 43.0739  0.00577936927  0.0014629046  0.000310961673
 43.1047  0.00515521813  0.0012338028  0.000310382371
 43.1355  0.00397346789  0.000757389398  0.000285588783
 43.1663  0.0032613887  0.000365060685  0.000263989455
 43.1971  0.00267094637  0.000330314679  0.000166494267
 43.2279  0.002720205  0.000385721305  0.000108091246
 43.2587  0.00310562052  0.000225141557  8.38708823e-05
 43.2895  0.00312284202  0.000263366817  9.50863085e-05
 43.3203  0.00317868021  0.000244261738  0.000111738983
 43.3511  0.00326870665  0.000181441325  7.26763049e-05
 43.3819  0.00380465739  0.000226090303  0.000106320453
 43.4127  0.00409659272  0.000232383772  0.000166512447
 43.4435  0.00370466563  0.000139468981  0.000111448924
 43.4743  0.00332816998  9.68281399e-05  0.000106069665
 43.5051  0.00317357259  9.72059792e-05  0.00012753801
 43.536  0.00316745474  0.000110991182  0.000144400318
 43.5668  0.00310231886  9.18130209e-05  0.000109844367
 43.5976  0.00306442599  0.000111397664  0.000144996444
 43.6284  0.00295837661  0.000128227736  0.000172571774
 43.6592  0.00298373146  0.000101080241  0.000150159275
 43.69  0.00285294814  7.44108798e-05  0.000135170574
 43.7208  0.00280609837  7.65519442e-05  0.000157033701
 43.7516  0.00288835936  8.35705645e-05  0.000153280032
 43.7824  0.00282654892  0.000118037179  0.000134148738
 43.8132  0.00292246881  0.000144369416  0.000134497586
 43.844  0.00306895877  0.000157123842  0.000135381853
 43.8748  0.00298833307  0.000141919285  0.000128138278
 43.9056  0.00303475338  0.000120961008  0.000136030267
 43.9364  0.00316933481  0.000163529767  0.000137517612
 43.9673  0.00310346496  0.000167140192  0.000135363872
 43.9981  0.00302446685  0.000180862616  0.000135401209
 44.0289  0.00315043895  0.000196099839  0.000148610971
 44.0597  0.00342951279  0.000206514724  0.000161005113
 44.0905  0.00366230256  0.00026435015  0.000176722436
 44.1213  0.00357949522  0.000236052654  0.000176974712
 44.1521  0.0035980011  0.000216677866  0.000181893709
 44.1829  0.00378197372  0.00020422258  0.00018961843
 44.2137  0.00397022992  0.000211306153  0.0001918405
 44.2445  0.00427622714  0.000269545787  0.000195410455
 44.2753  0.00478932172  0.000401238898  0.000218574032
 44.3061  0.00512517088  0.000601656739  0.000263037018
 44.3369  0.00514896814  0.000566356026  0.000220375607
 44.3677  0.00551660209  0.000566908051  0.000179152623
 44.3985  0.00587465692  0.000715396109  0.00017442497
 44.4294  0.00678053993  0.00108289324  0.000217662193
 44.4602  0.00814650091  0.00148225831  0.000194312324
 44.491  0.00978954676  0.0015814174  0.000235785772
 44.5218  0.0111341449  0.00233021722  0.000306888365
 44.5526  0.0125746312  0.00332662754  0.000390830074
 44.5834  0.0155927786  0.00426899739  0.000556722026
 44.6142  0.0159946588  0.00423006359  0.000670187561
 44.645  0.0159534646  0.00364871524  0.000552900447
 44.6758  0.016127433  0.00490930536  0.000676668019
 44.7066  0.0206505833  0.00827851912  0.0010274608
 44.7374  0.0315361571  0.0140380307  0.00150160691
 44.7682  0.0470312166  0.0224789  0.00205923407
 44.799  0.0487425103  0.0228333516  0.00226872588
 44.8298  0.052733895  0.0286158052  0.00208963103
 44.8607  0.0570343545  0.0320379653  0.00258319257
 44.8915  0.0563810314  0.030812039  0.00342267046
 44.9223  0.0453221025  0.0252709428  0.00399265977
 44.9531  0.0342288706  0.0148349838  0.00830816352
 44.9839  0.030440815  0.0106956959  0.00844458946
 45.0147  0.0252685056  0.00792824418  0.00749226874
 45.0455  0.0219383542  0.00689201923  0.00640514048
 45.0763  0.0220369211  0.00821065817  0.00593646533
 45.1071  0.0240573149  0.0118380257  0.00600288844
 45.1379  0.0170945302  0.0101359904  0.00515340598
 45.1687  0.0111415952  0.00786812152  0.00320731741
 45.1995  0.00648803241  0.00411887884  0.00167658227
 45.2303  0.00506838731  0.00223203185  0.00124302766
 45.2611  0.00439953301  0.00137385498  0.00112494162
 45.2919  nan  nan  nan
