# X (m) TKE_avg epsilon_turb_pw_avg_Y_avg epsilon_pw_avg_Y_avg
 33.0308  6.76279731e-05  8.2578628e-07  9.38933822e-07
 33.0616  4.89005707e-05  1.00603431e-06  1.24140699e-06
 33.0925  5.72034089e-05  1.46387621e-06  1.61396672e-06
 33.1233  4.8410601e-05  1.20851147e-06  1.67492298e-06
 33.1541  4.11552204e-05  7.20303021e-07  1.56432418e-06
 33.1849  5.41263409e-05  7.79743169e-07  2.60331754e-06
 33.2157  6.67128445e-05  2.55946071e-06  2.48742977e-06
 33.2465  9.49125604e-05  2.40563797e-05  5.88045214e-05
 33.2774  0.000109833188  2.48036733e-05  6.10461132e-05
 33.3082  0.000142908437  1.71121519e-05  2.64126592e-05
 33.339  0.000130552366  1.52220719e-05  1.50822236e-05
 33.3698  0.000133075572  2.05742225e-05  1.8439663e-05
 33.4006  0.00010631324  1.40938231e-05  1.1669196e-05
 33.4315  0.000152087253  1.67431175e-05  1.17743455e-05
 33.4623  0.000153958469  6.57640295e-06  7.73628033e-06
 33.4931  0.000133359334  7.07674801e-06  5.28205281e-06
 33.5239  0.000185223249  1.70015074e-05  8.52469227e-06
 33.5547  0.000145442924  8.80388097e-06  4.62512956e-06
 33.5856  0.000125542023  6.10765874e-06  5.75488582e-06
 33.6164  0.00012073222  3.84675864e-06  4.31796087e-06
 33.6472  0.000115515466  4.26254245e-06  4.90034556e-06
 33.678  0.000136873468  3.82288813e-06  4.2994234e-06
 33.7088  0.000158770399  3.42710377e-06  4.948514e-06
 33.7396  0.00016361148  4.45393616e-06  4.89790401e-06
 33.7705  0.000187382402  6.00119465e-06  5.35115558e-06
 33.8013  0.000192619724  3.81615321e-06  4.16534462e-06
 33.8321  0.000233367462  5.05139287e-06  4.49779619e-06
 33.8629  0.000221722678  5.24952935e-06  4.03212401e-06
 33.8937  0.00019855132  3.98444731e-06  3.57422179e-06
 33.9246  0.000178271343  3.77589804e-06  3.93408064e-06
 33.9554  0.000177310964  4.2075027e-06  4.16869856e-06
 33.9862  0.000169591769  4.0131598e-06  4.10583727e-06
 34.017  0.000166006123  3.62460988e-06  3.88550829e-06
 34.0478  0.000166329266  4.9621578e-06  4.06098365e-06
 34.0786  0.000179958029  5.41546275e-06  4.27513941e-06
 34.1095  0.000181551885  5.41316812e-06  4.89622166e-06
 34.1403  0.000189260063  5.15457212e-06  4.61785772e-06
 34.1711  0.000227953099  5.52816266e-06  4.19149065e-06
 34.2019  0.000251536372  6.95307553e-06  6.15259914e-06
 34.2327  0.000222229278  6.20147128e-06  4.59314901e-06
 34.2636  0.000202981373  6.0865757e-06  4.66848552e-06
 34.2944  0.000188904344  7.01046872e-06  7.81327019e-06
 34.3252  0.000177469179  6.93708572e-06  8.31167592e-06
 34.356  0.000202881176  7.11616092e-06  8.04984269e-06
 34.3868  0.000218931491  5.96007664e-06  7.3103466e-06
 34.4177  0.000217780001  5.83258818e-06  6.011632e-06
 34.4485  0.000209385326  5.40482166e-06  5.8221887e-06
 34.4793  0.000224584936  7.97367286e-06  9.43062555e-06
 34.5101  0.000211673506  8.96286378e-06  1.03360803e-05
 34.5409  0.000229243104  6.3989307e-06  8.43156132e-06
 34.5717  0.000211969326  5.15911049e-06  7.83883424e-06
 34.6026  0.000194438442  8.35432673e-06  1.11948147e-05
 34.6334  0.000221268467  5.85557664e-06  7.3816212e-06
 34.6642  0.000262576118  7.18348163e-06  8.4333966e-06
 34.695  0.000248751493  6.95022169e-06  7.11708906e-06
 34.7258  0.000249130774  1.03575659e-05  1.13106631e-05
 34.7567  0.000231455841  1.13188898e-05  1.21105117e-05
 34.7875  0.000231997721  7.7456811e-06  6.60662132e-06
 34.8183  0.000239360165  9.64641764e-06  9.08170655e-06
 34.8491  0.000258376461  1.5747664e-05  1.88634977e-05
 34.8799  0.000279052944  1.28350929e-05  1.48178596e-05
 34.9107  0.000294440444  9.93214693e-06  9.8676676e-06
 34.9416  0.000305618315  9.29200873e-06  8.54654251e-06
 34.9724  0.000304631768  1.07852737e-05  1.2014849e-05
 35.0032  0.000307833409  1.51011418e-05  2.11617134e-05
 35.034  0.000312905654  1.48199738e-05  2.20529745e-05
 35.0648  0.000323327387  1.6278677e-05  2.03551457e-05
 35.0957  0.000324971532  1.58882404e-05  1.81488429e-05
 35.1265  0.000330806484  1.54353799e-05  1.88593576e-05
 35.1573  0.00032445771  1.48322623e-05  1.9380604e-05
 35.1881  0.000345480583  1.41490674e-05  2.17050734e-05
 35.2189  0.000377432878  1.2875707e-05  2.58257635e-05
 35.2498  0.000414970092  1.20352056e-05  2.84761787e-05
 35.2806  0.000401188611  9.56455813e-06  2.66682608e-05
 35.3114  0.000356850198  9.28809418e-06  2.27662962e-05
 35.3422  0.000373243972  1.22812457e-05  2.83255794e-05
 35.373  0.000357264902  1.15072279e-05  2.40969226e-05
 35.4038  0.000381291996  1.21640476e-05  2.61357018e-05
 35.4347  0.000348650492  1.06145397e-05  2.46115798e-05
 35.4655  0.000336138644  8.98488421e-06  2.44820611e-05
 35.4963  0.000300984606  8.17616162e-06  2.05918712e-05
 35.5271  0.000301338015  1.04977236e-05  2.22767941e-05
 35.5579  0.000324133156  1.36456563e-05  2.31019389e-05
 35.5888  0.000317756858  1.34805911e-05  2.02924921e-05
 35.6196  0.000311125771  1.13406079e-05  1.83952481e-05
 35.6504  0.000297511213  1.04305288e-05  1.49340582e-05
 35.6812  0.000306896907  1.06625078e-05  1.3725535e-05
 35.712  0.000329949054  1.08604495e-05  1.40139674e-05
 35.7428  0.000315761232  1.00491119e-05  1.36283824e-05
 35.7737  0.000306610812  8.40242734e-06  1.23057299e-05
 35.8045  0.000314573557  8.39354565e-06  1.1260186e-05
 35.8353  0.000283890782  7.45582159e-06  7.20183216e-06
 35.8661  0.000288205634  9.30566156e-06  7.35764117e-06
 35.8969  0.000267223027  1.06664611e-05  9.88034003e-06
 35.9278  0.00028864133  1.2409911e-05  1.01081866e-05
 35.9586  0.000306190508  1.08271563e-05  7.54304717e-06
 35.9894  0.000314454721  8.56598169e-06  4.97945721e-06
 36.0202  0.000335977127  7.75795604e-06  4.02002097e-06
 36.051  0.000359814842  6.72790369e-06  4.2329509e-06
 36.0819  0.000398690696  6.51511522e-06  4.26373993e-06
 36.1127  0.000456966222  7.32822313e-06  4.70789674e-06
 36.1435  0.000431397072  8.53957988e-06  4.74475952e-06
 36.1743  0.000395691111  1.28004257e-05  1.07412705e-05
 36.2051  0.000390526329  1.95193515e-05  2.17915137e-05
 36.2359  0.000428316318  1.48138123e-05  1.23561542e-05
 36.2668  0.000486033813  1.46333374e-05  1.25908682e-05
 36.2976  0.000566095616  1.65180742e-05  8.07968919e-06
 36.3284  0.000609825538  2.11984768e-05  1.71569743e-05
 36.3592  0.000607807091  1.88631656e-05  1.09745268e-05
 36.39  0.000511422255  1.62048634e-05  7.60233897e-06
 36.4209  0.000447461359  1.74136914e-05  8.234736e-06
 36.4517  0.000480093232  2.32791404e-05  1.24965265e-05
 36.4825  0.000515324807  2.93926223e-05  1.82008267e-05
 36.5133  0.000496698263  2.44924864e-05  1.25635409e-05
 36.5441  0.000479311717  2.95066163e-05  1.80537413e-05
 36.5749  0.000447005306  2.84115911e-05  2.00956928e-05
 36.6058  0.000401105883  1.54547893e-05  7.54956891e-06
 36.6366  0.00036870875  3.30784982e-05  1.82858111e-05
 36.6674  0.000391804487  3.23766743e-05  2.60738683e-05
 36.6982  0.000428355947  1.58665892e-05  1.07123123e-05
 36.729  0.000450385214  1.74314685e-05  1.31293998e-05
 36.7599  0.000440473924  2.68718801e-05  2.21998967e-05
 36.7907  0.000422726685  1.69794256e-05  1.05793047e-05
 36.8215  0.000412317334  2.02940356e-05  1.52259291e-05
 36.8523  0.0004439887  1.30455149e-05  1.0439636e-05
 36.8831  0.000514297227  1.66961752e-05  1.29682792e-05
 36.914  0.000557296094  1.55658211e-05  1.1194702e-05
 36.9448  0.00058012523  1.50612839e-05  8.33519831e-06
 36.9756  0.000540963085  1.58949443e-05  1.03016609e-05
 37.0064  0.000522662452  1.53737423e-05  8.85876731e-06
 37.0372  0.0005176709  1.53218044e-05  8.96904246e-06
 37.068  0.000503976454  1.40623756e-05  1.04786278e-05
 37.0989  0.000472172011  1.47479665e-05  1.10071342e-05
 37.1297  0.000448870022  1.28783081e-05  1.28316754e-05
 37.1605  0.00046793162  1.25561239e-05  1.63941298e-05
 37.1913  0.000486329218  1.07296986e-05  1.52267811e-05
 37.2221  0.000506033898  1.00473725e-05  1.15526357e-05
 37.253  0.000514041647  1.39955715e-05  1.63006014e-05
 37.2838  0.000509403508  1.04625622e-05  1.25695726e-05
 37.3146  0.000490375843  1.44726642e-05  2.10002546e-05
 37.3454  0.000488229173  1.01202229e-05  1.26867858e-05
 37.3762  0.000498562909  1.43422298e-05  1.77161641e-05
 37.407  0.000517777136  2.20335264e-05  2.50215306e-05
 37.4379  0.000567026932  1.7370678e-05  1.8874397e-05
 37.4687  0.000614030872  2.22647657e-05  2.77375826e-05
 37.4995  0.000614111813  1.8905754e-05  2.63114957e-05
 37.5303  0.000593827774  2.02768884e-05  3.66442178e-05
 37.5611  0.000608396881  1.82431184e-05  3.14895411e-05
 37.592  0.000644769861  3.24149882e-05  5.48842628e-05
 37.6228  0.00067694053  1.45591399e-05  3.16956417e-05
 37.6536  0.000672973544  3.0819945e-05  5.15089358e-05
 37.6844  0.000689404794  1.90543345e-05  3.10086842e-05
 37.7152  0.000763670263  2.21862948e-05  3.14238518e-05
 37.7461  0.000869643283  2.69963255e-05  4.19866544e-05
 37.7769  0.000944631414  2.40107456e-05  4.40730896e-05
 37.8077  0.0008998183  2.93769099e-05  4.57448159e-05
 37.8385  0.000814196541  3.10074084e-05  4.14449885e-05
 37.8693  0.000759196109  2.82168531e-05  3.86115314e-05
 37.9001  0.000733199602  2.40488816e-05  3.48311469e-05
 37.931  0.000729483058  2.15087958e-05  3.05109384e-05
 37.9618  0.000726507934  2.99524961e-05  4.22485599e-05
 37.9926  0.000718683426  2.44173564e-05  4.12402526e-05
 38.0234  0.000783633634  3.91121193e-05  5.15055537e-05
 38.0542  0.00082878707  4.44914907e-05  5.10686946e-05
 38.0851  0.00091159367  4.22144336e-05  4.04402925e-05
 38.1159  0.000841897097  3.14578364e-05  2.34308524e-05
 38.1467  0.000894177296  5.13981342e-05  3.71191165e-05
 38.1775  0.000847007961  4.92857694e-05  2.69229218e-05
 38.2083  0.000834501839  5.24453084e-05  3.35394417e-05
 38.2391  0.000845368004  6.30275672e-05  2.98261149e-05
 38.27  0.000915570543  7.43084682e-05  3.49700036e-05
 38.3008  0.00100001999  6.58210134e-05  2.63903902e-05
 38.3316  0.00107034119  6.07036812e-05  2.1137098e-05
 38.3624  0.00106057609  5.74723366e-05  4.29245931e-05
 38.3932  0.00106662077  5.53968165e-05  3.48336996e-05
 38.4241  0.00121381014  6.63744775e-05  3.88633933e-05
 38.4549  0.00137227133  7.25617527e-05  4.27104419e-05
 38.4857  0.00149149965  0.000113467814  5.38532056e-05
 38.5165  0.0015118448  0.000148255445  4.72973255e-05
 38.5473  0.00147159871  0.000129539793  3.66443271e-05
 38.5782  0.00163242209  0.000150100407  4.45978938e-05
 38.609  0.00152979882  0.00013288608  4.65411514e-05
 38.6398  0.00161287497  0.000191133648  5.6119405e-05
 38.6706  0.0018265642  0.000173648169  4.83174701e-05
 38.7014  0.00239328929  0.000155052811  3.64162628e-05
 38.7322  0.00311625958  0.000181610964  3.97749646e-05
 38.7631  0.00389179131  0.000251626422  4.57058764e-05
 38.7939  0.00463755207  0.000375189233  5.64219991e-05
 38.8247  0.00531874664  0.000517652374  6.73197606e-05
 38.8555  0.00654135782  0.000653644523  8.75886104e-05
 38.8863  0.00768965771  0.000817566686  0.000109497021
 38.9172  0.00921192561  0.0011645095  0.000141563268
 38.948  0.0114957554  0.00176857994  0.000198473006
 38.9788  0.0153652717  0.00241369332  0.000294061821
 39.0096  0.0218648559  0.00279506321  0.000386911131
 39.0404  0.0270064582  0.00440734638  0.00069610236
 39.0712  0.0370541033  0.00755912903  0.000726659912
 39.1021  0.0451061756  0.0122110732  0.00122423914
 39.1329  0.0480381272  0.0176571612  0.00192505264
 39.1637  0.0600918381  0.0214273243  0.00136783779
 39.1945  0.0637006736  0.0253699618  0.00164412908
 39.2253  0.0738612787  0.0257205274  0.00174120884
 39.2562  0.090647677  0.0328738256  0.00210351489
 39.287  0.106983667  0.0510223581  0.00203886816
 39.3178  0.126522811  0.078539785  0.00291820516
 39.3486  0.211677047  0.124038155  0.00436116605
 39.3794  0.205732765  0.110935487  0.00469025704
 39.4102  0.103190034  0.0450093502  0.00240095284
 39.4411  0.0538406404  0.0173469401  0.00117603736
 39.4719  0.0349344169  0.00875076703  0.0006204634
 39.5027  0.0199017798  0.00525979748  0.000306964416
 39.5335  0.0153152412  0.00346434776  0.000285420348
 39.5643  0.0149095413  0.00374219068  0.000292612913
 39.5952  0.0159732488  0.00512938768  0.000284030445
 39.626  0.0188106551  0.00896132396  0.000333172229
 39.6568  0.0200877975  0.0141477291  0.000393808477
 39.6876  0.025741376  0.0256585323  0.000621121778
 39.7184  0.049216752  0.0338046196  0.000867204768
 39.7493  0.0567813919  0.0408872132  0.00109225708
 39.7801  0.0623679218  0.0376497906  0.00101632146
 39.8109  0.0716764705  0.0289526095  0.000861306682
 39.8417  0.0603221907  0.0331127867  0.000886249847
 39.8725  0.0487305214  0.0234512987  0.000820900426
 39.9033  0.0397561509  0.0222133283  0.00076769999
 39.9342  0.0279641838  0.0157478515  0.000564858967
 39.965  0.0347390626  0.0196788324  0.000700707524
 39.9958  0.0298393212  0.0190646648  0.000807098633
 40.0266  0.0203411285  0.0116591862  0.000594998717
 40.0574  0.0164015476  0.00576303071  0.000340482253
 40.0883  0.0145053832  0.00621141252  0.000312808259
 40.1191  0.0133177027  0.00571535089  0.00027856809
 40.1499  0.0127357719  0.00217105255  0.000215711661
 40.1807  0.0129972397  0.00163838752  0.000210253542
 40.2115  0.013703773  0.0014617644  0.000161808193
 40.2423  0.0138293091  0.00143687902  0.00016371006
 40.2732  0.0136684133  0.00135414891  0.000170071305
 40.304  0.0129024518  0.00120530652  0.00020894006
 40.3348  0.0116537487  0.00110142761  0.000138917781
 40.3656  0.0101483114  0.00111053643  0.000122421802
 40.3964  0.0100148494  0.00107963191  0.000109860269
 40.4273  0.00999307042  0.00105458128  0.000144350859
 40.4581  0.0102276525  0.00100588148  0.000186991294
 40.4889  0.0108852832  0.000923487679  0.000118494017
 40.5197  0.0111158902  0.000940850123  0.000106013522
 40.5505  0.0127217358  0.00121955304  0.00018342835
 40.5814  0.0140891873  0.00135166807  0.000194314315
 40.6122  0.0146938921  0.00139850834  0.000166607915
 40.643  0.0147948091  0.0013873097  0.000143046571
 40.6738  0.0142555498  0.00122239419  0.000142814429
 40.7046  0.0127836471  0.00113403446  0.000129119187
 40.7354  0.0116431166  0.00109239546  0.000123468419
 40.7663  0.0111686402  0.00112162022  0.000119447717
 40.7971  0.0105579391  0.00113387218  0.000120877048
 40.8279  0.00950707169  0.00106622469  0.000130546526
 40.8587  0.00836493187  0.000816137159  0.000115139969
 40.8895  0.00801347094  0.000712080548  0.000117984742
 40.9204  0.0083522937  0.000667353166  0.000101979981
 40.9512  0.00874492004  0.000687881676  0.000109169436
 40.982  0.00876722081  0.00068844187  0.000112061134
 41.0128  0.00812882488  0.000591665647  0.000106996639
 41.0436  0.00809482884  0.00057540901  9.47160715e-05
 41.0744  0.00758889609  0.000634172512  9.87663933e-05
 41.1053  0.00781299012  0.000634829717  9.81643929e-05
 41.1361  0.00789397842  0.000620738032  9.89198195e-05
 41.1669  0.0078521151  0.000603633425  0.000103341302
 41.1977  0.00824116004  0.000523811973  0.000100604873
 41.2285  0.00883588681  0.000573366811  9.97804957e-05
 41.2594  0.00962308003  0.000752033158  0.000110068678
 41.2902  0.00946064956  0.000783329712  0.000111042078
 41.321  0.00893046907  0.000793734566  0.000112508566
 41.3518  0.00819424677  0.000741245092  0.000100277694
 41.3826  0.00759643708  0.000690137148  0.000101253965
 41.4135  0.00755417202  0.00073184395  0.00011027158
 41.4443  0.00823703153  0.000777828646  0.000114495192
 41.4751  0.00807188981  0.000773718892  0.000110989431
 41.5059  0.00746537444  0.000757551595  0.000100496183
 41.5367  0.00724587233  0.000714664873  8.79179363e-05
 41.5675  0.0067823488  0.000685805769  7.8484448e-05
 41.5984  0.00650202171  0.000635144519  7.64036322e-05
 41.6292  0.00636303669  0.000758424342  7.46058802e-05
 41.66  0.00579419189  0.000698464705  6.85883331e-05
 41.6908  0.00532177308  0.000553540302  6.42469124e-05
 41.7216  0.00499182814  0.000504053626  7.16855899e-05
 41.7525  0.00422461481  0.000493097123  6.92707631e-05
 41.7833  0.00380756359  0.000491846461  6.89111536e-05
 41.8141  0.00439997956  0.000697843394  8.07619484e-05
 41.8449  0.00563072219  0.001074209  0.000101866695
 41.8757  0.00736185019  0.00167856166  0.000149503519
 41.9065  0.0118652756  0.00315839726  0.00021266624
 41.9374  0.0142941608  0.00484784751  0.000269602479
 41.9682  0.0147218024  0.00574123646  0.000292441628
 41.999  0.0134462277  0.00600082553  0.00034004109
 42.0298  0.0110568418  0.00581732118  0.0003995355
 42.0606  0.00803211186  0.00351317157  0.000324125516
 42.0915  0.00678104733  0.00295258917  0.000302045819
 42.1223  0.00612594249  0.00270270336  0.000298401072
 42.1531  0.00542993919  0.00262294107  0.000273229645
 42.1839  0.0044071144  0.00229438524  0.000228693675
 42.2147  0.00374140581  0.00194603341  0.000179747482
 42.2456  0.00287921405  0.00107639543  8.75790635e-05
 42.2764  0.00280672377  0.000473305411  5.16199716e-05
 42.3072  0.00278218614  0.000223970392  4.64724638e-05
 42.338  0.00287565643  0.00021270236  4.86254911e-05
 42.3688  0.00302714155  0.000220951466  4.69968778e-05
 42.3996  0.0034021337  0.000242761693  6.73886774e-05
 42.4305  0.00292174706  0.000229550195  6.82777975e-05
 42.4613  0.00278897785  0.000192259802  5.04244246e-05
 42.4921  0.00352140239  0.000225244844  5.89899223e-05
 42.5229  0.00422379106  0.00029672018  6.48215303e-05
 42.5537  0.00392190496  0.000347261346  7.32360609e-05
 42.5846  0.00397312305  0.000322265604  6.66643707e-05
 42.6154  0.00366786593  0.000335171477  4.42722955e-05
 42.6462  0.00313581371  0.00026208014  5.0108948e-05
 42.677  0.00292824026  0.000255038978  6.36007818e-05
 42.7078  0.00298425652  0.000298469275  7.6673691e-05
 42.7386  0.00310051813  0.000240576018  7.89652018e-05
 42.7695  0.00303521452  0.000219227418  7.91580376e-05
 42.8003  0.00292951981  0.000220365015  6.14504552e-05
 42.8311  0.00265766019  0.00019354719  6.52375313e-05
 42.8619  0.00245383261  0.000178155028  6.67001853e-05
 42.8927  0.00254892518  0.000209145784  5.44741035e-05
 42.9236  0.00300643759  0.000219271425  6.1480655e-05
 42.9544  0.00326779792  0.000222236444  6.42221379e-05
 42.9852  0.0031881285  0.000229232087  5.58153729e-05
 43.016  0.00305175857  0.00023481596  6.30142305e-05
 43.0468  0.00288808469  0.000220107109  5.79261258e-05
 43.0777  0.00270523703  0.000227984735  5.68797398e-05
 43.1085  0.00275476282  0.000236379669  6.36480824e-05
 43.1393  0.00281054807  0.000216627837  6.22696984e-05
 43.1701  0.00302736552  0.000231990376  6.54102171e-05
 43.2009  0.00326006928  0.000246449335  6.29181345e-05
 43.2317  0.00345471223  0.000257871972  6.82303066e-05
 43.2626  0.00363760683  0.000309238061  7.95049172e-05
 43.2934  0.00376257464  0.000301457498  9.31497392e-05
 43.3242  0.00353604799  0.000242280288  0.000103314511
 43.355  0.0037348897  0.000260091834  0.000119237994
 43.3858  0.00418065196  0.000307672949  0.000141582872
 43.4167  0.00448924356  0.000296175408  0.000151673071
 43.4475  0.00491905884  0.000318758858  0.000151872074
 43.4783  0.00485827019  0.000327644328  0.00015085647
 43.5091  0.00443640004  0.000290279791  0.000120012093
 43.5399  0.00443170419  0.000291476031  0.00010808705
 43.5707  0.00460187444  0.000344811396  0.000102300422
 43.6016  0.00498286477  0.000472488423  0.00010471196
 43.6324  0.00507735975  0.000521496443  9.71636172e-05
 43.6632  0.00528723333  0.000510231785  9.81317578e-05
 43.694  0.00530027761  0.000522052192  9.36449706e-05
 43.7248  0.00549935303  0.000669990987  9.20258998e-05
 43.7557  0.00575885362  0.000791894558  8.27611027e-05
 43.7865  0.00511235593  0.000633634032  7.63608855e-05
 43.8173  0.00714214781  0.00102605  0.000111476848
 43.8481  0.0148631753  0.00326243478  0.000205794609
 43.8789  0.0188838644  0.00426687796  0.000250673713
 43.9098  0.0161406064  0.00332146768  0.000213591968
 43.9406  0.0125917684  0.00241644806  0.000164000145
 43.9714  0.0128850847  0.00195858102  0.000184844717
 44.0022  0.0174606992  0.00305634982  0.000213320643
 44.033  0.0176517385  0.00419700078  0.000252847536
 44.0638  0.0152748233  0.00453931708  0.000305846484
 44.0947  0.0156843851  0.00414329566  0.000345754442
 44.1255  0.0185046485  0.00518970693  0.000451090992
 44.1563  0.0316234854  0.00850575158  0.000581094161
 44.1871  0.044916787  0.0120850281  0.000769977684
 44.2179  0.0516188391  0.0165125061  0.00114261059
 44.2488  0.0531002795  0.0269882384  0.00235650142
 44.2796  0.0699479279  0.0573508713  0.0056746758
 44.3104  0.104335664  0.107566819  0.0124556614
 44.3412  0.163227938  0.304327715  0.0630787058
 44.372  0.171404878  0.40930899  0.0774628977
 44.4028  0.0854633784  0.201237101  0.0820662075
 44.4337  0.0558388486  0.218022052  0.133265317
 44.4645  0.0180537294  0.0575100453  0.0405476264
 44.4953  0.0347417819  0.0429311641  0.0304657577
 44.5261  0.0348720166  0.0657905075  0.049208053
 44.5569  nan  nan  nan
 44.5878  0.0536793167  0.0464337684  0.024668696
 44.6186  0.00758952371  0.0280930074  0.0275235098
 44.6494  0.00356223366  0.0242073677  0.0271671096
 44.6802  0.00651158941  0.00554308142  0.00532019119
 44.711  0.00641637127  0.00518759679  0.00509306772
 44.7419  0.00689296196  0.00555357723  0.0061744701
 44.7727  0.00546009593  0.00352444108  0.00322308868
 44.8035  0.00398799729  0.0108242374  0.007791356
 44.8343  0.0110392263  0.00981797871  0.00721495446
 44.8651  0.00807177583  0.00456448841  0.00395574108
 44.8959  0.00674666412  0.00209856911  0.00206012901
 44.9268  0.00531596872  0.00181121506  0.00186757901
 44.9576  0.00345936083  0.00153108018  0.00147104859
 44.9884  0.00486973485  0.00103859324  0.00107512579
 45.0192  0.00480603445  0.000834340738  0.000747065736
 45.05  0.00536906627  0.000956793265  0.00080663644
 45.0809  0.00579473599  0.00117765983  0.000912894194
 45.1117  0.00673134392  0.0013997508  0.000920519569
 45.1425  0.00769109344  0.0014200793  0.000745082146
 45.1733  0.00724007703  0.00206433492  0.00104904131
 45.2041  0.0085660808  0.00259514261  0.00125581842
 45.2349  0.00868921283  0.00282769109  0.00133205838
 45.2658  0.00911627774  0.00326611355  0.00155379986
 45.2966  nan  nan  nan
