# X (m) TKE_avg epsilon_turb_pw_avg_Y_avg epsilon_pw_avg_Y_avg
 33.0302  5.60538991e-05  0.162960288  0.00654550308
 33.0605  3.62157809e-05  0.000422301602  4.48888688e-05
 33.0907  5.98723068e-05  6.57968405e-05  8.13885285e-06
 33.1209  5.9654769e-05  1.06903116e-06  1.59479165e-06
 33.1511  5.64597215e-05  2.49966179e-06  6.73139605e-06
 33.1814  0.000100062034  8.07371892e-06  7.03867532e-05
 33.2116  0.000126240317  1.64341784e-05  3.21325701e-05
 33.2418  0.000146119097  0.000212022183  0.000112013952
 33.272  0.000158769464  0.000274203624  0.000146543684
 33.3023  0.000126209868  8.53670269e-05  4.77801401e-05
 33.3325  0.000104499803  2.2762096e-05  1.90698216e-05
 33.3627  9.30526067e-05  5.62808149e-06  8.48405458e-06
 33.3929  8.17653284e-05  3.5734339e-06  7.94889958e-06
 33.4232  7.30308341e-05  5.82452316e-06  1.42131099e-05
 33.4534  7.08046882e-05  4.53908477e-06  1.21844055e-05
 33.4836  7.23688926e-05  2.20117968e-06  6.82838611e-06
 33.5138  8.04857608e-05  9.61135046e-06  1.75493535e-05
 33.5441  9.0910467e-05  5.83219483e-06  1.25447941e-05
 33.5743  9.74292997e-05  7.89577644e-06  1.78679198e-05
 33.6045  0.000124663162  7.64016425e-06  1.6488203e-05
 33.6347  0.000135866854  9.3825244e-06  2.14338148e-05
 33.665  0.000150510321  7.93967109e-06  2.03027553e-05
 33.6952  0.000150436606  4.72633546e-06  1.6052139e-05
 33.7254  0.000147214332  6.14596035e-06  2.32517593e-05
 33.7556  0.000167674323  5.60176745e-06  2.13097912e-05
 33.7859  0.000166236486  6.37947922e-06  2.74549063e-05
 33.8161  0.000177634283  7.98047404e-06  3.15262372e-05
 33.8463  0.000189356579  1.02140416e-05  4.33917265e-05
 33.8765  0.000187775745  7.5459732e-06  4.22522207e-05
 33.9068  0.000189834772  8.54755993e-06  4.70739432e-05
 33.937  0.000177344243  1.26948549e-05  4.86093658e-05
 33.9672  0.000221730036  1.74270807e-05  6.22019492e-05
 33.9974  0.000256405652  1.53804834e-05  6.56543289e-05
 34.0277  0.00027869616  1.77105073e-05  6.79243206e-05
 34.0579  0.000287871592  1.37337989e-05  5.52074357e-05
 34.0881  0.000299228359  1.75016566e-05  5.29451736e-05
 34.1183  0.000278346524  1.13243816e-05  4.78072603e-05
 34.1486  0.000207782075  9.0491517e-06  4.22027092e-05
 34.1788  0.00019788583  1.04414435e-05  4.72706763e-05
 34.209  0.000198369767  7.99747709e-06  4.83724035e-05
 34.2392  0.000228540514  7.90264517e-06  4.29077136e-05
 34.2695  0.000201760921  1.02640379e-05  4.56543958e-05
 34.2997  0.000194616882  9.13468227e-06  4.69870383e-05
 34.3299  0.000212158728  8.37853792e-06  5.05158629e-05
 34.3601  0.000165777389  6.3216476e-06  4.08859421e-05
 34.3904  0.00017273041  5.08560408e-06  3.91997362e-05
 34.4206  0.000168541526  6.56357656e-06  3.91765212e-05
 34.4508  0.000127761256  4.49295133e-06  2.78958841e-05
 34.481  0.000135983221  5.08979277e-06  3.12184325e-05
 34.5113  0.000148862542  6.20857592e-06  3.62969035e-05
 34.5415  0.000147501729  5.53018444e-06  3.17891499e-05
 34.5717  0.000190528452  6.74506155e-06  3.54760733e-05
 34.6019  0.000151420765  5.6315585e-06  2.74170048e-05
 34.6322  0.000155839093  6.35942224e-06  2.70180898e-05
 34.6624  0.000174643174  6.59586821e-06  2.79388943e-05
 34.6926  0.000179477092  6.39547339e-06  2.76426042e-05
 34.7228  0.000150794403  6.75850413e-06  2.6661126e-05
 34.7531  0.000147795172  6.05853914e-06  2.39683249e-05
 34.7833  0.000142281839  5.15088486e-06  2.05801646e-05
 34.8135  0.000139673004  5.97612132e-06  2.02629102e-05
 34.8437  0.000133476245  7.42660164e-06  1.92685528e-05
 34.874  0.000118869963  5.27204769e-06  1.38597333e-05
 34.9042  0.000124165621  4.2524022e-06  1.16859845e-05
 34.9344  0.000121650149  3.24800541e-06  8.87890072e-06
 34.9646  0.000115048577  3.60390449e-06  8.52197849e-06
 34.9949  0.000118869389  4.48450083e-06  8.71856342e-06
 35.0251  0.000130073577  4.6711783e-06  8.93812751e-06
 35.0553  0.000131535872  3.87610698e-06  7.57764542e-06
 35.0855  0.000117892625  2.60267613e-06  5.66261111e-06
 35.1158  0.000101281464  2.35242157e-06  5.38989592e-06
 35.146  9.16945706e-05  2.53306745e-06  4.9359886e-06
 35.1762  7.99333164e-05  4.59663031e-06  7.77861771e-06
 35.2064  8.08506222e-05  5.01257234e-06  8.76832429e-06
 35.2367  7.96495037e-05  3.62461347e-06  9.14761319e-06
 35.2669  7.37194898e-05  3.07649828e-06  7.33929339e-06
 35.2971  6.56515014e-05  4.32980957e-06  1.16527862e-05
 35.3273  7.26369612e-05  1.78116236e-06  6.83821607e-06
 35.3576  6.65317415e-05  3.63380123e-06  8.1868491e-06
 35.3878  6.26747096e-05  5.24004242e-06  1.23203768e-05
 35.418  5.71486163e-05  2.01533372e-06  8.24829769e-06
 35.4482  5.49440521e-05  1.95270252e-06  7.35318952e-06
 35.4785  5.48527134e-05  7.9730377e-06  1.54907246e-05
 35.5087  5.35940082e-05  3.81992022e-06  1.09432687e-05
 35.5389  5.64312335e-05  1.65334284e-06  8.19438186e-06
 35.5691  5.60349666e-05  1.516238e-06  8.40126104e-06
 35.5994  5.71225722e-05  2.10697255e-06  8.66717958e-06
 35.6296  5.73923543e-05  3.8447014e-06  1.02229584e-05
 35.6598  5.92006964e-05  4.62622365e-06  1.05258983e-05
 35.69  5.52651327e-05  1.54243516e-06  7.00996144e-06
 35.7203  5.4753099e-05  3.03677309e-06  8.96054553e-06
 35.7505  5.7966835e-05  2.46515835e-06  8.7693363e-06
 35.7807  5.89317359e-05  1.98293266e-06  8.65827599e-06
 35.8109  6.03514573e-05  2.12969473e-06  7.61314352e-06
 35.8412  6.30764525e-05  1.85928017e-06  7.22385368e-06
 35.8714  6.89591211e-05  2.00218116e-06  7.3040831e-06
 35.9016  7.48372296e-05  2.52019769e-06  6.77621575e-06
 35.9318  6.51773949e-05  1.17316599e-06  5.92765681e-06
 35.9621  6.1879434e-05  1.0762295e-06  6.56418732e-06
 35.9923  6.36361448e-05  1.04252937e-06  6.67924841e-06
 36.0225  6.4756057e-05  1.50213566e-06  7.55519516e-06
 36.0527  5.96469798e-05  1.59236543e-06  6.51422222e-06
 36.083  5.01736705e-05  1.41705537e-06  5.51768534e-06
 36.1132  5.00240754e-05  2.32448702e-06  6.7670814e-06
 36.1434  5.0722699e-05  2.64891271e-06  7.9521802e-06
 36.1736  5.4206605e-05  1.21181766e-06  8.52520913e-06
 36.2039  5.44529738e-05  1.22010329e-06  9.47630949e-06
 36.2341  5.32312617e-05  2.54535578e-06  1.11712333e-05
 36.2643  6.09003745e-05  2.41541085e-06  1.23895872e-05
 36.2946  6.7187424e-05  3.79795217e-06  9.38247554e-06
 36.3248  6.60894394e-05  4.44373615e-06  1.29431335e-05
 36.355  6.64394967e-05  1.65313326e-06  7.85944382e-06
 36.3852  6.70642018e-05  2.06648472e-06  7.1507195e-06
 36.4155  6.46222152e-05  7.27126251e-06  1.27937477e-05
 36.4457  7.50098011e-05  1.33393111e-05  1.88553819e-05
 36.4759  8.15880139e-05  1.45926112e-05  2.40649813e-05
 36.5061  8.57737159e-05  1.00067921e-05  1.87729217e-05
 36.5364  8.9922156e-05  3.81246213e-06  1.17941014e-05
 36.5666  0.000111612415  9.78100047e-06  2.91296854e-05
 36.5968  0.000118630965  4.49642937e-06  1.8628471e-05
 36.627  0.000137197466  1.43753119e-05  3.3550594e-05
 36.6573  0.000117284464  2.05207437e-05  4.32723326e-05
 36.6875  0.000113773175  5.29300726e-06  1.90565868e-05
 36.7177  0.000147951957  5.21879373e-06  3.00433904e-05
 36.7479  0.000155511379  2.11532238e-05  5.31862076e-05
 36.7782  0.00012450201  1.1517303e-05  3.53485348e-05
 36.8084  0.000129586895  1.81800806e-05  4.89523724e-05
 36.8386  0.000148831314  1.71423405e-05  4.53913343e-05
 36.8688  0.00014197275  1.71272003e-05  4.93424121e-05
 36.8991  0.000173431139  1.48299581e-05  4.73729201e-05
 36.9293  0.000155528883  9.36033736e-06  3.58399629e-05
 36.9595  0.000144702899  1.10926721e-05  4.4251281e-05
 36.9897  0.000122490299  8.60288386e-06  3.88440228e-05
 37.02  0.000109822585  1.09763295e-05  4.19911513e-05
 37.0502  0.000146570326  1.52014382e-05  4.92764973e-05
 37.0804  0.000187085357  1.09018737e-05  4.20967817e-05
 37.1106  0.000206809566  1.28284121e-05  4.26975009e-05
 37.1409  0.000223939785  1.57425247e-05  4.90830566e-05
 37.1711  0.000223717104  1.33269973e-05  4.52088289e-05
 37.2013  0.000178802353  7.433479e-06  3.4607012e-05
 37.2315  0.000145690374  7.68327909e-06  3.22846369e-05
 37.2618  0.000171995505  6.30863918e-06  3.46544381e-05
 37.292  0.000182537244  8.15426491e-06  3.49501894e-05
 37.3222  0.000179010229  9.22938268e-06  3.28848025e-05
 37.3524  0.000145866543  8.851196e-06  2.97015053e-05
 37.3827  0.000151662938  4.85097299e-06  2.33534657e-05
 37.4129  0.000179952311  5.97841475e-06  2.51468909e-05
 37.4431  0.000166018579  5.19983315e-06  2.08826636e-05
 37.4733  0.000149039856  4.74055066e-06  1.69229926e-05
 37.5036  0.000166431384  5.2028742e-06  1.8404905e-05
 37.5338  0.000142020145  3.83129774e-06  1.55652686e-05
 37.564  0.000122076378  3.1761882e-06  1.38317192e-05
 37.5942  0.00013949537  3.99643199e-06  1.65235595e-05
 37.6245  0.000107946071  2.87896383e-06  1.18633635e-05
 37.6547  0.000120058409  3.34839102e-06  1.08888469e-05
 37.6849  0.000115607775  2.98810565e-06  9.33693605e-06
 37.7151  0.000103589268  2.58280345e-06  7.63365816e-06
 37.7454  0.000118935659  3.37312597e-06  8.90173283e-06
 37.7756  9.41097702e-05  2.15473646e-06  6.20648244e-06
 37.8058  0.000114180335  3.39899128e-06  8.43389247e-06
 37.836  9.80522402e-05  2.59355644e-06  6.54136576e-06
 37.8663  0.000102671407  3.43942843e-06  7.91922459e-06
 37.8965  9.81423305e-05  2.69964494e-06  6.53691525e-06
 37.9267  9.78028854e-05  2.38138778e-06  5.83527779e-06
 37.9569  0.000101598277  2.4119937e-06  5.73254645e-06
 37.9872  0.000101508231  3.37212124e-06  6.52422738e-06
 38.0174  0.000112653325  4.41986729e-06  7.36793415e-06
 38.0476  0.000113628277  5.60937063e-06  9.09504368e-06
 38.0778  0.000120424349  5.72297047e-06  9.2458007e-06
 38.1081  0.000122504833  1.47079267e-06  3.73110346e-06
 38.1383  0.000115239331  9.61017907e-06  1.24209546e-05
 38.1685  0.000115382499  8.58501638e-06  1.21539449e-05
 38.1987  0.000112809303  4.3219811e-06  1.00272175e-05
 38.229  0.000117100514  6.27234542e-06  1.18155213e-05
 38.2592  0.000116084809  8.91214243e-06  1.47056906e-05
 38.2894  0.000132404351  2.3430962e-06  7.79955968e-06
 38.3196  0.000134569578  1.58523129e-06  6.63518321e-06
 38.3499  0.000136896765  9.0323985e-06  1.74151002e-05
 38.3801  0.000148025472  1.23477312e-05  1.82394759e-05
 38.4103  0.000138731859  2.2292072e-05  3.04809552e-05
 38.4405  0.000130768225  2.09308928e-05  3.03613498e-05
 38.4708  0.000113712414  1.71346141e-05  2.66675592e-05
 38.501  9.98360263e-05  1.40169592e-05  2.26925439e-05
 38.5312  7.9823077e-05  1.92019997e-05  2.772037e-05
 38.5614  5.41682588e-05  3.04240405e-05  4.06276915e-05
 38.5917  4.57134334e-05  4.07455406e-05  5.44999235e-05
 38.6219  3.41137241e-05  3.46381534e-05  4.57586871e-05
 38.6521  2.80411602e-05  1.61919165e-05  2.79024334e-05
 38.6823  3.27014016e-05  1.76975378e-05  3.23270788e-05
 38.7126  5.18519689e-05  3.48151254e-05  5.3652585e-05
 38.7428  4.61425588e-05  5.82887463e-05  0.000104938591
 38.773  0.000100903633  7.17396481e-05  0.00012720791
 38.8032  0.000170593481  7.52526442e-05  0.000218356036
 38.8335  0.000266742636  0.000109303728  0.000410095216
 38.8637  0.000346335112  0.00022510893  0.000633711941
 38.8939  0.000197038385  0.000136241522  0.000418451397
 38.9241  0.000187151138  0.000130897686  0.000302623171
 38.9544  0.000210412478  0.000175799399  0.000370757284
 38.9846  0.000257512042  0.000142950842  0.000233628525
 39.0148  0.000172213112  0.000146485229  0.000396640247
 39.045  0.000337289432  0.000104583389  0.000195744996
 39.0753  0.000574116452  0.000123996046  0.000244621114
 39.1055  0.000558228583  0.000173934284  0.000262055662
 39.1357  0.000270649784  0.000111623476  0.000124341217
 39.1659  0.000278382177  0.000109387345  0.000158981333
 39.1962  0.000238100717  6.54658349e-05  0.000128609696
 39.2264  0.000307038298  5.86462973e-05  0.000107528602
 39.2566  0.00024179281  7.48375464e-05  0.000116821165
 39.2868  0.000322546663  1.88067391e-05  3.37867732e-05
 39.3171  0.000339875218  2.54295921e-05  3.99773189e-05
 39.3473  0.00033020369  3.44929349e-05  5.85757779e-05
 39.3775  0.000310225601  3.59999032e-05  5.90446276e-05
 39.4077  0.000248838233  2.13533709e-05  4.31748069e-05
 39.438  0.000251681184  1.55152284e-05  3.15022881e-05
 39.4682  0.000191685027  9.12155595e-06  2.51226254e-05
 39.4984  0.000168602061  7.5775247e-06  2.25616416e-05
 39.5287  0.000191411575  7.26562392e-06  2.89264693e-05
 39.5589  0.000162958878  8.65433533e-06  2.69647514e-05
 39.5891  0.00013083423  4.61139615e-06  9.8886269e-06
 39.6193  0.000118396243  2.26538513e-06  4.53886711e-06
 39.6496  0.000136737789  8.96358605e-06  5.06699998e-06
 39.6798  0.000188101632  5.95427685e-06  7.71404057e-06
 39.71  0.00023501686  6.53726672e-06  8.66417815e-06
 39.7402  0.000271336251  1.03081157e-05  1.14004781e-05
 39.7705  0.000389562497  3.4417392e-05  1.99784706e-05
 39.8007  0.00122295153  0.000195701948  4.137091e-05
 39.8309  0.00123987623  0.000303457996  4.06273868e-05
 39.8611  0.000854664159  0.000201370631  2.58688353e-05
 39.8914  0.000577637138  0.000135548259  1.77172132e-05
 39.9216  0.000675244869  0.000196765504  2.42554454e-05
 39.9518  0.00136235991  0.00017128468  3.84022891e-05
 39.982  0.00179796794  0.000277600797  4.24182085e-05
 40.0123  0.00169535485  0.000279024493  3.60293958e-05
 40.0425  0.00126353011  0.00019293966  2.45236477e-05
 40.0727  0.000848980543  0.000103043448  1.71431838e-05
 40.1029  0.000914581897  0.000114105602  2.23495597e-05
 40.1332  0.00227083591  0.000381928528  4.00800718e-05
 40.1634  0.00316476264  0.00058007848  4.94377729e-05
 40.1936  0.00334075207  0.000597858529  4.98751595e-05
 40.2238  0.00319779459  0.000553988007  4.87864874e-05
 40.2541  0.00267781539  0.000576342477  4.22216514e-05
 40.2843  0.00154505036  0.00030451603  2.93322668e-05
 40.3145  0.000961919104  0.000142078312  1.93300164e-05
 40.3447  0.00108019766  0.000133334405  1.99357041e-05
 40.375  0.00172908339  0.000254205696  3.07155793e-05
 40.4052  0.00234508473  0.000441343961  4.50414005e-05
 40.4354  0.00242599131  0.000397173355  4.50224081e-05
 40.4656  0.00220809289  0.000428369698  4.50201576e-05
 40.4959  0.00234676291  0.000457341998  4.23087274e-05
 40.5261  0.00294376159  0.000504334335  5.0931006e-05
 40.5563  0.00314328305  0.0005317053  5.89198478e-05
 40.5865  0.00256475257  0.000507444081  6.79497092e-05
 40.6168  0.00264819964  0.000550735441  6.41483974e-05
 40.647  0.00248612401  0.000526060967  7.0329664e-05
 40.6772  0.00237955564  0.000516070937  7.95958105e-05
 40.7074  0.00306245536  0.000652111666  9.7394181e-05
 40.7377  0.00264679029  0.000648157584  0.000106069679
 40.7679  0.00235558106  0.000600592823  0.000100319947
 40.7981  0.00204794929  0.000452475008  9.84320719e-05
 40.8283  0.0015637589  0.000255613018  8.54113468e-05
 40.8586  0.00137076849  0.000136419893  8.48253277e-05
 40.8888  0.00115675701  0.000117790529  7.84781845e-05
 40.919  0.0009591065  7.29663704e-05  6.51890635e-05
 40.9492  0.000855549315  8.47976206e-05  8.25403111e-05
 40.9795  0.000795580244  9.99406656e-05  0.000104746433
 41.0097  0.000606429938  7.77789864e-05  7.76413078e-05
 41.0399  0.000282033217  0.000177626296  5.10759671e-05
 41.0701  0.000258046193  0.000202295598  4.62191672e-05
 41.1004  1.87055544e-05  4.97060764e-05  1.67798227e-05
 41.1306  5.68839061e-06  2.86703394e-06  7.20209156e-06
 41.1608  6.83654018e-06  1.36656084e-06  6.68184038e-06
 41.191  4.59316681e-06  1.7462498e-06  7.1603425e-06
 41.2213  4.37046946e-06  1.07840226e-06  4.9082337e-06
 41.2515  5.80597462e-06  1.32883728e-06  5.90283963e-06
 41.2817  6.654596e-06  2.55339262e-06  6.9263915e-06
 41.3119  5.86620371e-06  2.96955601e-06  5.01750405e-06
 41.3422  3.95732833e-06  1.92063518e-06  4.42162937e-06
 41.3724  4.09238789e-06  1.91946544e-06  5.69819011e-06
 41.4026  5.10259081e-06  3.0004439e-06  5.20824844e-06
 41.4328  3.94335434e-06  4.10210153e-06  7.8679831e-06
 41.4631  2.91267109e-06  2.00614151e-06  9.22595932e-06
 41.4933  2.32663816e-06  4.88891769e-07  3.52401215e-06
 41.5235  2.15929492e-06  2.15625235e-06  4.0204238e-06
 41.5537  2.12558525e-06  2.81856694e-06  4.09903132e-06
 41.584  2.22910335e-06  4.11317722e-06  5.31720548e-06
 41.6142  2.28344218e-06  8.58964482e-06  1.04522443e-05
 41.6444  4.06417634e-06  1.95799088e-05  2.51640341e-05
 41.6746  5.50335572e-06  1.77387718e-05  2.23463995e-05
 41.7049  3.92014175e-06  8.90599468e-06  1.13860847e-05
 41.7351  2.97334769e-06  1.5488262e-05  2.1024296e-05
 41.7653  2.9326841e-06  2.80616405e-07  1.10166578e-06
 41.7955  3.62267301e-06  1.78987552e-06  2.47844404e-06
 41.8258  4.40911039e-06  6.23253909e-06  1.13108029e-05
 41.856  4.10643475e-06  3.8849824e-06  7.05592497e-06
 41.8862  3.72518513e-06  1.42414772e-06  2.44751827e-06
 41.9164  4.50446134e-06  3.21460874e-06  6.393113e-06
 41.9467  4.44998157e-06  3.04210917e-06  5.44654654e-06
 41.9769  5.04245779e-06  5.09901306e-06  7.73355418e-06
 42.0071  4.1228791e-06  2.68093944e-06  4.38971229e-06
 42.0373  2.75986132e-06  6.63537941e-07  1.90115784e-06
 42.0676  4.07609317e-06  3.12206353e-07  1.27544905e-06
 42.0978  3.34075962e-06  3.6934014e-07  1.0999237e-06
 42.128  2.31016938e-06  8.75141312e-07  1.39529445e-06
 42.1582  1.59413673e-06  4.8690959e-07  8.96696189e-07
 42.1885  1.4549369e-06  8.47220744e-07  1.42449435e-06
 42.2187  1.60552968e-06  1.52118107e-06  2.26959164e-06
 42.2489  1.5803677e-06  9.64591343e-07  1.37317329e-06
 42.2791  1.83457144e-06  4.73776557e-07  8.38610828e-07
 42.3094  2.0826281e-06  4.3360047e-07  9.23957635e-07
 42.3396  2.01854016e-06  3.33220365e-07  8.75883505e-07
 42.3698  1.25972451e-06  2.55539964e-07  7.18892477e-07
 42.4  1.05481801e-06  5.85049324e-07  1.0995401e-06
 42.4303  1.21405455e-06  4.28281717e-07  1.0174288e-06
 42.4605  1.34141506e-06  3.61562891e-07  1.15103887e-06
 42.4907  2.43419232e-06  5.41329077e-07  1.78632617e-06
 42.5209  1.43671212e-06  4.66551602e-07  1.82869409e-06
 42.5512  7.55167563e-07  4.06706237e-07  1.89910436e-06
 42.5814  8.52828691e-07  6.14490864e-07  2.58376207e-06
 42.6116  1.50152528e-06  4.41932535e-07  2.41656622e-06
 42.6418  8.92167419e-07  2.9846792e-07  2.55608534e-06
 42.6721  9.53785122e-07  8.10678693e-07  3.81895015e-06
 42.7023  1.0547664e-06  1.91856604e-06  5.74481834e-06
 42.7325  1.01989346e-06  2.7992588e-06  7.68311885e-06
 42.7628  8.75347511e-07  3.36195887e-06  9.28715135e-06
 42.793  7.42852782e-07  1.74782415e-06  6.58374886e-06
 42.8232  1.36822418e-06  4.68794687e-06  9.7854773e-06
 42.8534  1.43367161e-06  5.55030241e-06  8.77240974e-06
 42.8837  1.74701529e-06  4.92234421e-06  1.00484593e-05
 42.9139  1.56568352e-06  5.25427518e-06  1.06721476e-05
 42.9441  1.55205387e-06  2.78241216e-06  4.10539053e-06
 42.9743  2.88968978e-06  5.29928764e-06  8.85072777e-06
 43.0046  3.04587331e-06  7.64676907e-06  1.57334793e-05
 43.0348  2.9063303e-06  1.96132382e-06  5.7663603e-06
 43.065  2.46317864e-06  9.38411963e-07  2.40854285e-06
 43.0952  3.02689756e-06  5.63397176e-06  1.19452592e-05
 43.1255  3.69865737e-06  5.04161123e-06  8.63624458e-06
 43.1557  4.50590196e-06  3.03007246e-06  3.99274836e-06
 43.1859  5.20360648e-06  1.24964822e-05  1.25734844e-05
 43.2161  4.47774217e-06  8.78043585e-07  2.10879069e-06
 43.2464  5.67004628e-06  5.74665698e-07  1.85031436e-06
 43.2766  7.78178307e-06  4.47881576e-06  6.42457426e-06
 43.3068  7.63609876e-06  2.08769345e-06  3.78659339e-06
 43.337  1.07343949e-05  5.68133587e-06  8.41764071e-06
 43.3673  1.22827392e-05  2.50785397e-06  4.88562296e-06
 43.3975  1.20564351e-05  2.09298325e-06  5.87036241e-06
 43.4277  1.77231534e-05  1.39395669e-05  2.34809954e-05
 43.4579  2.51540875e-05  3.45837859e-05  5.57477895e-05
 43.4882  2.27677801e-05  9.85338935e-06  3.19694841e-05
 43.5184  2.86891919e-05  1.00562743e-05  2.93709127e-05
 43.5486  2.93329399e-05  9.57516621e-06  2.22421528e-05
 43.5788  2.69550748e-05  1.91583706e-05  2.92804586e-05
 43.6091  2.64491903e-05  1.58804741e-05  2.30969474e-05
 43.6393  2.37342953e-05  1.21494707e-05  2.06276426e-05
 43.6695  1.78147239e-05  5.76223689e-06  1.25691263e-05
 43.6997  1.48623237e-05  4.40158438e-06  1.39487413e-05
 43.73  1.35876459e-05  7.82184315e-06  1.93724538e-05
 43.7602  1.26692236e-05  1.11076289e-05  2.10996459e-05
 43.7904  1.53393932e-05  1.38555007e-05  2.20309125e-05
 43.8206  1.99541136e-05  1.41984977e-05  2.25442536e-05
 43.8509  1.60021949e-05  1.13055046e-05  1.87747108e-05
 43.8811  1.11523633e-05  9.81861765e-06  1.62947799e-05
 43.9113  1.13161283e-05  9.30372786e-06  1.41604296e-05
 43.9415  1.66386768e-05  5.47175747e-06  6.09271219e-06
 43.9718  2.61693212e-05  1.61179361e-05  2.13795723e-05
 44.002  3.49247998e-05  1.8899526e-05  3.6006377e-05
 44.0322  5.84174586e-05  7.0568395e-06  1.97146834e-05
 44.0624  5.13801651e-05  5.72833259e-06  1.87236952e-05
 44.0927  5.10655105e-05  1.25054255e-05  2.62018053e-05
 44.1229  7.79974818e-05  1.03876614e-05  3.04721852e-05
 44.1531  7.18710907e-05  1.23632261e-05  2.94115613e-05
 44.1833  0.000105595429  2.67345913e-05  4.87166062e-05
 44.2136  0.000124709463  4.47943424e-05  5.69713862e-05
 44.2438  0.000151945137  3.33239316e-05  6.0078249e-05
 44.274  0.000215541978  4.60864414e-05  9.69907617e-05
 44.3042  0.000297660804  0.000103634473  0.000160611371
 44.3345  0.000240197115  6.05459929e-05  0.000115353432
 44.3647  0.000264745601  4.68792904e-05  0.000100205566
 44.3949  0.000368875693  8.48935413e-05  0.000122383485
 44.4251  0.000472766081  8.98729497e-05  0.000121195461
 44.4554  0.00045114521  2.12992431e-05  5.9552349e-05
 44.4856  0.000524437103  2.39827138e-05  5.25931759e-05
 44.5158  0.000620784813  7.51658849e-05  0.000109301395
 44.546  0.000744537612  0.000153210835  0.000202930382
 44.5763  0.000930873689  8.15389533e-05  9.82756945e-05
 44.6065  0.000868710672  0.00015931511  0.000171215445
 44.6367  0.000913854008  0.000257496647  0.000264174141
 44.6669  0.000806438087  0.000248942113  0.000366323659
 44.6972  0.000997769504  0.000482797144  0.00079966286
 44.7274  0.00114020742  0.00198862211  0.00267616619
 44.7576  0.00131328474  0.00138855959  0.00224000031
 44.7878  0.00105869803  0.000345498741  0.000976303897
 44.8181  0.00111659275  0.00106954501  0.00203399126
 44.8483  0.00120000175  0.00100008686  0.0014514707
 44.8785  0.00125845517  0.00106213155  0.00181646836
 44.9087  0.001275666  0.00129051394  0.0024866403
 44.939  0.00149637822  0.0029533347  0.00383273806
 44.9692  0.00144343891  0.00329931142  0.00400012731
 44.9994  0.00213768158  0.0023940639  0.00446263783
 45.0296  0.00143749113  0.00635995301  0.00671548406
 45.0599  0.00149245924  0.00563819006  0.00574155468
