# X (m) TKE_avg epsilon_turb_pw_avg_Y_avg epsilon_pw_avg_Y_avg
 33.031  6.40719764e-05  4.93484113e-06  1.56670604e-06
 33.0621  3.76655403e-05  8.2885808e-07  1.19590669e-06
 33.0931  4.62639389e-05  9.52644182e-07  9.81346383e-07
 33.1241  4.20284677e-05  1.01801608e-06  1.30717273e-06
 33.1551  4.14106322e-05  5.27264593e-07  1.80833919e-06
 33.1862  6.25954838e-05  5.22142769e-07  2.5591558e-06
 33.2172  7.89608073e-05  7.17384671e-07  2.62786935e-06
 33.2482  9.9691249e-05  1.18781616e-05  7.73647226e-05
 33.2792  0.000109519122  2.23584528e-05  7.43662771e-05
 33.3103  0.000149263199  3.80595964e-05  2.41705721e-05
 33.3413  0.000136604906  8.21909941e-06  4.97862223e-06
 33.3723  0.000133955089  5.65227573e-06  3.46091669e-06
 33.4033  0.000133685536  4.18214558e-06  3.22539107e-06
 33.4344  0.000123052041  2.8446445e-06  2.81526477e-06
 33.4654  0.000105984349  1.76938269e-06  2.28098882e-06
 33.4964  9.26612867e-05  1.53397582e-06  2.21525122e-06
 33.5274  8.95433777e-05  2.14770988e-06  2.66289884e-06
 33.5585  0.000102409199  2.60603242e-06  2.83048866e-06
 33.5895  0.000110002712  2.60498299e-06  2.60658919e-06
 33.6205  0.000126803422  3.11273625e-06  2.64977182e-06
 33.6515  0.000148661025  3.95403016e-06  3.50995433e-06
 33.6826  0.000163856631  4.46775231e-06  4.25796078e-06
 33.7136  0.000156609232  3.31278359e-06  4.06739777e-06
 33.7446  0.000160677249  4.84991091e-06  4.85696192e-06
 33.7756  0.000171921192  4.19374927e-06  4.83386433e-06
 33.8067  0.000169107393  2.99830606e-06  5.07919696e-06
 33.8377  0.000194197619  3.3343653e-06  4.50394099e-06
 33.8687  0.000210986655  4.4614128e-06  6.08812922e-06
 33.8997  0.000198888162  4.48051295e-06  4.87046536e-06
 33.9308  0.000172131233  5.82686543e-06  6.38249178e-06
 33.9618  0.000187789285  4.85881217e-06  4.76606084e-06
 33.9928  0.000195993755  6.84835376e-06  6.36556716e-06
 34.0238  0.000225010995  7.31387232e-06  6.69672064e-06
 34.0549  0.000221646588  7.33279258e-06  7.23065304e-06
 34.0859  0.00022437661  7.70411582e-06  8.34475361e-06
 34.1169  0.000226085768  6.02443946e-06  6.32226287e-06
 34.1479  0.000214747503  7.94383825e-06  9.38942496e-06
 34.179  0.000204271436  7.35413324e-06  7.71467723e-06
 34.21  0.000187834412  7.50123354e-06  9.21910799e-06
 34.241  0.000185691751  6.84745006e-06  7.50868529e-06
 34.272  0.000201671236  7.46761141e-06  9.7455726e-06
 34.3031  0.000200529263  7.28635868e-06  9.82722082e-06
 34.3341  0.000214077369  8.93625645e-06  1.42952214e-05
 34.3651  0.000250866737  8.80338099e-06  1.41915634e-05
 34.3961  0.000271471277  9.68572009e-06  1.43454462e-05
 34.4272  0.000218876827  8.62758746e-06  1.18838912e-05
 34.4582  0.000237232416  8.42109546e-06  1.19489826e-05
 34.4892  0.000271835174  1.37793469e-05  2.12243376e-05
 34.5202  0.000305503256  1.48128688e-05  2.56943827e-05
 34.5513  0.000298904003  1.2654243e-05  2.51462255e-05
 34.5823  0.000298698211  1.35727468e-05  3.03079641e-05
 34.6133  0.000291084687  1.46286956e-05  3.76096534e-05
 34.6444  0.000314959621  1.32395191e-05  4.03963972e-05
 34.6754  0.000341857837  1.39837929e-05  4.09056521e-05
 34.7064  0.00036839648  1.51662878e-05  4.0278204e-05
 34.7374  0.000353318733  1.33534193e-05  3.55428375e-05
 34.7685  0.000337509442  1.13404693e-05  3.39310697e-05
 34.7995  0.000357579369  1.15978279e-05  3.44188995e-05
 34.8305  0.00039922484  1.27821501e-05  3.93695486e-05
 34.8615  0.000442852045  1.27155884e-05  4.02023159e-05
 34.8926  0.000417354165  1.13398703e-05  3.03664693e-05
 34.9236  0.000394881516  1.13023815e-05  2.46599903e-05
 34.9546  0.000365453055  1.07481621e-05  2.72902082e-05
 34.9856  0.000341892205  1.12687619e-05  3.16680084e-05
 35.0167  0.000327759636  1.04380864e-05  3.29454999e-05
 35.0477  0.000312101  9.00264003e-06  3.00299193e-05
 35.0787  0.000325702351  8.49646862e-06  2.95007803e-05
 35.1097  0.000322859391  7.92568089e-06  2.8419845e-05
 35.1408  0.000315898553  7.54614595e-06  2.81801344e-05
 35.1718  0.000319602109  8.72296082e-06  2.56578996e-05
 35.2028  0.000342212366  9.98984972e-06  2.75421471e-05
 35.2338  0.000370890384  1.23446352e-05  3.05648295e-05
 35.2649  0.000365406134  1.28438898e-05  2.77111113e-05
 35.2959  0.000374570467  1.30261514e-05  2.71284252e-05
 35.3269  0.000387981336  1.28631497e-05  2.13226457e-05
 35.3579  0.000409319406  1.75045357e-05  2.02918739e-05
 35.389  0.000372991204  1.62561808e-05  1.68825284e-05
 35.42  0.000305451681  1.15810326e-05  1.19263261e-05
 35.451  0.000288598131  1.19333831e-05  1.30291871e-05
 35.482  0.000289567523  1.6377691e-05  1.32253486e-05
 35.5131  0.000287010465  1.70671266e-05  1.00832268e-05
 35.5441  0.000297966608  1.62397434e-05  1.15679817e-05
 35.5751  0.000308192614  1.40755552e-05  7.80561325e-06
 35.6061  0.000319505005  1.53183254e-05  8.6754249e-06
 35.6372  0.00031696212  1.76181334e-05  1.40032475e-05
 35.6682  0.000314643986  1.04603717e-05  6.96704588e-06
 35.6992  0.000298603605  1.42215362e-05  9.80748611e-06
 35.7302  0.00029778225  1.06116295e-05  8.80790819e-06
 35.7613  0.000297416475  1.02181995e-05  1.33443244e-05
 35.7923  0.000304678509  7.55053806e-06  8.99723048e-06
 35.8233  0.000318846053  8.16064903e-06  9.44108669e-06
 35.8543  0.00035550244  7.14572846e-06  5.90809078e-06
 35.8854  0.00037992822  1.58151949e-05  1.73079797e-05
 35.9164  0.000435484894  1.55076709e-05  1.64316929e-05
 35.9474  0.000520890459  1.44947998e-05  1.26250092e-05
 35.9784  0.00057282734  1.51159893e-05  9.95191561e-06
 36.0095  0.000524831458  1.90092803e-05  1.211068e-05
 36.0405  0.000493314377  1.35918463e-05  7.86931504e-06
 36.0715  0.000513860508  1.64656537e-05  8.61901201e-06
 36.1025  0.000516243176  1.54196094e-05  8.43922459e-06
 36.1336  0.000526723368  1.59711848e-05  8.71349226e-06
 36.1646  0.000514176308  1.95508498e-05  1.49594307e-05
 36.1956  0.00049790136  2.96182501e-05  3.09715162e-05
 36.2267  0.000465118323  2.10193086e-05  1.60888336e-05
 36.2577  0.000441683573  1.80738005e-05  1.6981045e-05
 36.2887  0.000415139042  1.45510349e-05  9.81605561e-06
 36.3197  0.000387222072  1.89306912e-05  1.30172418e-05
 36.3508  0.000376411652  1.62350374e-05  9.31609267e-06
 36.3818  0.000396410135  1.32839438e-05  7.0569447e-06
 36.4128  0.000377077034  1.17533653e-05  7.06764591e-06
 36.4438  0.00034600634  1.33601185e-05  8.98544656e-06
 36.4749  0.000332748916  1.42395711e-05  9.45252401e-06
 36.5059  0.000354516106  1.45244406e-05  8.53957539e-06
 36.5369  0.000356153709  1.2108046e-05  7.90806541e-06
 36.5679  0.000356911536  1.13485878e-05  7.95237475e-06
 36.599  0.000364102885  1.01441141e-05  8.26787148e-06
 36.63  0.000348004421  7.39733661e-06  5.99301247e-06
 36.661  0.000334653083  8.15453549e-06  5.80283429e-06
 36.692  0.000348672387  8.74021309e-06  6.13190158e-06
 36.7231  0.000416297297  9.56390012e-06  7.1972485e-06
 36.7541  0.000378896874  9.9003776e-06  7.52770676e-06
 36.7851  0.000350721122  8.83957357e-06  7.77582837e-06
 36.8161  0.000334440148  8.85687136e-06  1.00060174e-05
 36.8472  0.00032162039  7.40046829e-06  8.08555932e-06
 36.8782  0.000324570652  8.45892951e-06  1.08962638e-05
 36.9092  0.000344555718  8.73572248e-06  9.98714186e-06
 36.9402  0.000349159273  1.06959122e-05  1.79068193e-05
 36.9713  0.000354418313  9.09535729e-06  1.28857377e-05
 37.0023  0.000380559064  1.06216382e-05  1.26965307e-05
 37.0333  0.000409807622  1.64169036e-05  2.23867327e-05
 37.0643  0.000467615991  1.54091312e-05  1.9788819e-05
 37.0954  0.000476003755  1.33172927e-05  1.93676633e-05
 37.1264  0.000484459184  1.67375097e-05  2.45625112e-05
 37.1574  0.000480766673  1.69092148e-05  2.66316032e-05
 37.1884  0.00045370487  1.21060063e-05  2.07083438e-05
 37.2195  0.000454210569  1.52962466e-05  2.51625581e-05
 37.2505  0.000456495673  1.84908374e-05  2.61659927e-05
 37.2815  0.00046506312  9.66233364e-06  1.6014968e-05
 37.3125  0.000497036923  2.39396241e-05  3.71809746e-05
 37.3436  0.000490469531  1.54249949e-05  2.47649062e-05
 37.3746  0.000466004998  1.67955525e-05  2.76128191e-05
 37.4056  0.000460058116  1.82065217e-05  3.15807863e-05
 37.4366  0.000465166916  1.67403067e-05  3.08832914e-05
 37.4677  0.000433061448  2.11998655e-05  3.78533851e-05
 37.4987  0.000469109041  2.72945654e-05  4.73037159e-05
 37.5297  0.00048992523  2.0333356e-05  3.41739029e-05
 37.5607  0.000511665991  2.13726933e-05  3.0200349e-05
 37.5918  0.000518192318  2.82416976e-05  3.66370329e-05
 37.6228  0.000536958541  2.14997325e-05  2.30752945e-05
 37.6538  0.000596395805  2.58374441e-05  3.0096541e-05
 37.6849  0.000561649006  1.73802221e-05  2.1614374e-05
 37.7159  0.000609769323  2.12733799e-05  2.37298063e-05
 37.7469  0.000599386367  2.83182272e-05  2.35442347e-05
 37.7779  0.000563684546  3.55268412e-05  2.14926304e-05
 37.809  0.000531736358  2.26321448e-05  1.81835173e-05
 37.84  0.000520674131  1.54908492e-05  1.53860341e-05
 37.871  0.000526838137  1.19490245e-05  1.57591432e-05
 37.902  0.000518045061  1.16475386e-05  1.72605043e-05
 37.9331  0.000481771577  1.15895392e-05  1.53475912e-05
 37.9641  0.000471114924  1.10071543e-05  1.34561811e-05
 37.9951  0.000490001179  1.02009029e-05  1.37929331e-05
 38.0261  0.000511752431  9.66193812e-06  1.44850813e-05
 38.0572  0.000497684568  9.21505142e-06  1.4490904e-05
 38.0882  0.000486295291  8.62945084e-06  1.42659899e-05
 38.1192  0.000488028043  7.83290846e-06  1.2815894e-05
 38.1502  0.000526158304  1.10886349e-05  1.46678971e-05
 38.1813  0.000578057457  1.51955269e-05  1.90556137e-05
 38.2123  0.000611400573  2.18383677e-05  1.73972605e-05
 38.2433  0.000647525436  2.50495825e-05  1.55811643e-05
 38.2743  0.000707207054  2.78135244e-05  1.53254861e-05
 38.3054  0.000709703861  2.71493006e-05  1.24137604e-05
 38.3364  0.000766702335  3.09844013e-05  9.19396055e-06
 38.3674  0.000819552094  3.14027478e-05  1.35220169e-05
 38.3984  0.000835466359  2.51195191e-05  1.31364398e-05
 38.4295  0.000874938941  2.67735487e-05  1.45529967e-05
 38.4605  0.000897753738  3.07553896e-05  1.87045338e-05
 38.4915  0.000931000481  3.0665898e-05  1.77208381e-05
 38.5225  0.00105971739  4.9133534e-05  2.91470365e-05
 38.5536  0.00117723799  6.0306946e-05  3.66789329e-05
 38.5846  0.00139779376  8.24216142e-05  4.18094976e-05
 38.6156  0.00158848015  0.000101146904  4.44393316e-05
 38.6466  0.00154432679  8.45377823e-05  4.00574234e-05
 38.6777  0.00158742761  0.000110025231  4.8858641e-05
 38.7087  0.00175590347  0.000131959878  5.20142645e-05
 38.7397  0.00183665668  0.000225973463  8.52891501e-05
 38.7707  0.00236351573  0.000255885669  4.99698087e-05
 38.8018  0.004069988  0.000426636837  7.16643746e-05
 38.8328  0.00743474669  0.000718471143  0.000112704807
 38.8638  0.0123680352  0.00106856554  0.000163783647
 38.8948  0.0166115805  0.00138838535  0.000166620677
 38.9259  0.0243916363  0.00264342096  0.000245999998
 38.9569  0.0311139787  0.00553550211  0.00047534635
 38.9879  0.0351743136  0.0087977689  0.000798980681
 39.0189  0.0383171963  0.0100657319  0.000835724405
 39.05  0.0400806374  0.0102462992  0.00128451816
 39.081  0.0454888771  0.0111440506  0.00104945314
 39.112  0.0537475393  0.0130282665  0.00112311011
 39.143  0.057581893  0.0166998588  0.00121804315
 39.1741  0.0682376112  0.0278383034  0.00146170423
 39.2051  0.105409974  0.0425589111  0.00181007226
 39.2361  0.123786356  0.0615391011  0.0027908497
 39.2672  0.165887972  0.0745691294  0.00271061275
 39.2982  0.142402866  0.0617318402  0.00219214314
 39.3292  0.0992045093  0.0469901224  0.00168709366
 39.3602  0.0816963217  0.045268104  0.00142279671
 39.3913  0.0644094527  0.0377641766  0.00149920151
 39.4223  0.0450364325  0.0211873898  0.0018800744
 39.4533  0.0341121573  0.0150886059  0.00160077048
 39.4843  0.0232003683  0.0100849057  0.00111487528
 39.5154  0.0190590413  0.00887492932  0.00087906466
 39.5464  0.0084390184  0.00287898102  0.000280120516
 39.5774  0.00352946678  0.000520912917  7.18284195e-05
 39.6084  0.00262013741  0.000320036371  5.37756013e-05
 39.6395  0.00212221209  0.00023295723  3.91061147e-05
 39.6705  0.00198671759  0.000191298155  4.26689243e-05
 39.7015  0.0021584992  0.000180227558  4.35074922e-05
 39.7325  0.00235371868  0.000164394045  3.81636625e-05
 39.7636  0.00230964912  0.000133094832  2.9227587e-05
 39.7946  0.00230052019  0.000105713532  2.73401439e-05
 39.8256  0.00239109153  0.000108357081  2.87337198e-05
 39.8566  0.00267701702  0.000148266446  3.03771009e-05
 39.8877  0.00282528104  0.000172118559  3.34230157e-05
 39.9187  0.00301401918  0.000171868639  3.28849822e-05
 39.9497  0.00319262696  0.000193530613  3.47024099e-05
 39.9807  0.0046848761  0.000227114574  3.89920528e-05
 40.0118  0.00697956823  0.000417680278  5.43631015e-05
 40.0428  0.00959599065  0.000722430543  7.80226425e-05
 40.0738  0.0118782811  0.00105360008  9.85620283e-05
 40.1048  0.012803381  0.00134887205  0.00011529916
 40.1359  0.0138358847  0.00140327553  0.000122462666
 40.1669  0.0128488  0.00142964585  0.000127602312
 40.1979  0.0126992661  0.00157858075  0.00012928576
 40.2289  0.0127234226  0.00174881054  0.000142236439
 40.26  0.0115107115  0.00175251702  0.000160673946
 40.291  0.0112647344  0.00138850514  0.000183223717
 40.322  0.0118682361  0.00127959149  0.000143244741
 40.353  0.0122949112  0.00147908825  0.000168900998
 40.3841  0.0140897384  0.00167668999  0.000161248946
 40.4151  0.0165768352  0.00186251774  0.000177501877
 40.4461  0.0175884167  0.00212569653  0.000196452702
 40.4771  0.017599123  0.00166455625  0.000192950107
 40.5082  0.0190231284  0.00170855857  0.000164900586
 40.5392  0.0195164136  0.0018569214  0.000174854734
 40.5702  0.0179499769  0.00177675251  0.000167851167
 40.6012  0.0156703346  0.00156082568  0.000158075964
 40.6323  0.0171917132  0.00172407038  0.000184969067
 40.6633  0.0178623362  0.00178277343  0.000172372438
 40.6943  0.0163971575  0.00152745745  0.000139814608
 40.7253  0.0151039699  0.00141198526  0.000133366298
 40.7564  0.0139355119  0.0013946657  0.000132204328
 40.7874  0.0122563567  0.0012975789  0.000130404491
 40.8184  0.0108387537  0.00124162666  0.000129762232
 40.8495  0.0105953997  0.00122784479  0.000130087679
 40.8805  0.0102536929  0.001226831  0.000132833916
 40.9115  0.0103977087  0.00113995271  0.000122258641
 40.9425  0.0105816296  0.00108640165  0.000117482728
 40.9736  0.01020143  0.00126157296  0.000128965694
 41.0046  0.0102636729  0.00113817186  0.000132987254
 41.0356  0.0106330042  0.00111402543  0.000139798324
 41.0666  0.0112002497  0.0011598154  0.000145004355
 41.0977  0.0117594883  0.00121169392  0.000153804608
 41.1287  0.0119132197  0.00116287746  0.0001505785
 41.1597  0.011292082  0.00098257152  0.000129206458
 41.1907  0.0119355545  0.00104545782  0.000122962903
 41.2218  0.0122046423  0.00112093931  0.00012770326
 41.2528  0.0122570988  0.00111233217  0.000130902983
 41.2838  0.0120054697  0.0011243804  0.000123468584
 41.3148  0.0109459214  0.00115600634  0.000118796576
 41.3459  0.00975058847  0.00101029968  0.000112969529
 41.3769  0.00881086735  0.000858883311  0.000106687231
 41.4079  0.00826212467  0.000807296405  0.000109268147
 41.4389  0.00798398194  0.000836068472  0.000109897866
 41.47  0.00763927877  0.000805646325  9.78349831e-05
 41.501  0.007067171  0.000711384745  9.63164309e-05
 41.532  0.00674160946  0.000733148023  0.000101274675
 41.563  0.00688490657  0.00077441642  0.000103322794
 41.5941  0.00677351945  0.000742279869  9.56453608e-05
 41.6251  0.00648035228  0.000629643702  8.45004256e-05
 41.6561  0.00694123576  0.00081670041  9.66639538e-05
 41.6871  0.00771459713  0.00133513077  0.0001347004
 41.7182  0.010130403  0.00265521206  0.000192517936
 41.7492  0.012749527  0.00345783595  0.00026354676
 41.7802  0.0132651787  0.00452279775  0.000321358091
 41.8112  0.0134186118  0.00573991837  0.000389387978
 41.8423  0.0128433109  0.00585051842  0.00044249378
 41.8733  0.0122121025  0.00555709498  0.000522310146
 41.9043  0.0144166801  0.00659850167  0.000646590346
 41.9353  0.0121378259  0.0070675239  0.000411278573
 41.9664  0.0107837032  0.00581518045  0.000394993514
 41.9974  0.00840522788  0.00301983272  0.000313428939
 42.0284  0.00549685004  0.001140641  0.000113647063
 42.0594  0.00536646552  0.000561087949  6.02785432e-05
 42.0905  0.00529807404  0.000537674149  5.80532992e-05
 42.1215  0.00520310805  0.000553225073  6.26954196e-05
 42.1525  0.0050964277  0.00052436911  5.84956213e-05
 42.1835  0.00453341771  0.00045495555  5.09538356e-05
 42.2146  0.00342790255  0.000399626193  5.07575321e-05
 42.2456  0.00285361823  0.000291625037  3.68473107e-05
 42.2766  0.00199490056  0.000172935436  3.02733622e-05
 42.3076  0.0023575771  0.000267326423  3.07663055e-05
 42.3387  0.00275949611  0.000289933381  3.35460572e-05
 42.3697  0.00271805837  0.000225618184  3.22905021e-05
 42.4007  0.00239430801  0.000229187467  3.95893722e-05
 42.4318  0.00310085557  0.000287156974  4.46260753e-05
 42.4628  0.00309537054  0.000292359922  3.64064361e-05
 42.4938  0.00255672938  0.000240210301  3.66831023e-05
 42.5248  0.00230079634  0.000203327127  4.05889639e-05
 42.5559  0.00255548155  0.000214682871  4.19101128e-05
 42.5869  0.00284961491  0.000275088987  4.56956954e-05
 42.6179  0.00251633058  0.000248667584  3.35479949e-05
 42.6489  0.00204297582  0.000161963137  3.10953116e-05
 42.68  0.00182650876  0.000133497554  3.69742663e-05
 42.711  0.00218959395  0.000159692896  4.66821647e-05
 42.742  0.00300276071  0.000185904786  5.39081428e-05
 42.773  0.00348861362  0.000246384281  5.59993847e-05
 42.8041  0.00252776071  0.000196663269  4.02797734e-05
 42.8351  0.00260373291  0.000191573021  4.81350545e-05
 42.8661  0.00269362537  0.000219210839  5.78841107e-05
 42.8971  0.00258304266  0.00023065138  4.76448685e-05
 42.9282  0.00292558018  0.000239661135  5.12880967e-05
 42.9592  0.0032153313  0.000347339988  6.35779765e-05
 42.9902  0.00374860361  0.000305391825  5.95594228e-05
 43.0212  0.00381397591  0.000315961181  6.09864266e-05
 43.0523  0.00349477113  0.000312370856  5.99547084e-05
 43.0833  0.00288638092  0.000250100132  6.64738841e-05
 43.1143  0.00240409878  0.00018980452  6.18706879e-05
 43.1453  0.00249850485  0.000128469356  5.90387782e-05
 43.1764  0.00245832409  0.000105167861  6.48942902e-05
 43.2074  0.00238066969  0.000100582839  6.58068622e-05
 43.2384  0.0022665325  0.000100728931  7.0290926e-05
 43.2694  0.00219993377  9.44461785e-05  7.90746529e-05
 43.3005  0.00242051084  0.000115590531  9.1576994e-05
 43.3315  0.0028279493  0.00015812908  0.000111603487
 43.3625  0.00330044323  0.000201563053  0.000127952142
 43.3935  0.0038157151  0.000262538424  0.000164250151
 43.4246  0.00405238271  0.000297672088  0.000180466844
 43.4556  0.00430593944  0.00031782958  0.000178483472
 43.4866  0.00422141172  0.000280410898  0.000194622479
 43.5176  0.00418187657  0.000277183449  0.000198532432
 43.5487  0.00399452129  0.00025183755  0.000193647751
 43.5797  0.0038585921  0.000228746396  0.000195838592
 43.6107  0.00397676489  0.000235606619  0.00021127969
 43.6417  0.00403895819  0.000229453351  0.000209180006
 43.6728  0.00398451461  0.000221877954  0.000180207498
 43.7038  0.00367889528  0.000207990628  0.000160603796
 43.7348  0.00378851447  0.000303055024  0.000156375027
 43.7658  0.00389176092  0.000423957728  0.000148519582
 43.7969  0.00377804534  0.000492132599  0.000139169788
 43.8279  0.003873112  0.000551968964  0.000145551495
 43.8589  0.00381819409  0.000561155144  0.000144528612
 43.8899  0.00341296493  0.00054722554  0.000140966962
 43.921  0.00351433542  0.000577187918  9.28650668e-05
 43.952  0.00414239784  0.000750329496  0.000131333445
 43.983  0.00468725173  0.00085925809  0.000132749469
 44.0141  0.00593265202  0.00125013644  0.000145499478
 44.0451  0.00560078995  0.00103486838  0.000134629369
 44.0761  0.00686237646  0.00131092777  0.000195551635
 44.1071  0.00826217046  0.00145246772  0.000256225859
 44.1382  0.0101892176  0.00159533171  0.000374448336
 44.1692  0.0125197096  0.00225464249  0.000624943368
 44.2002  0.00976481532  0.00353028588  0.000531078374
 44.2312  0.00667963182  0.000925415557  0.000358580722
 44.2623  0.00715687827  0.00107588456  0.000427719573
 44.2933  0.00800483456  0.00194006338  0.00112984962
 44.3243  0.00766878282  0.00222337206  0.00156431975
 44.3553  0.00694139249  0.00190792524  0.00110009617
 44.3864  0.00796879369  0.00137581588  0.000303126406
 44.4174  0.011441606  0.00418110616  0.00308126014
 44.4484  0.0112264439  0.00755621761  0.00773374498
 44.4794  0.00792426668  0.011707898  0.0117720044
 44.5105  0.00658215858  0.015456441  0.0137201079
 44.5415  0.0070908449  0.0209858164  0.0181051313
 44.5725  0.00496753847  0.00331365098  0.00322307119
 44.6035  0.0073432609  0.0131816761  0.0131812007
 44.6346  0.00634460513  0.0127778551  0.0121267797
 44.6656  0.0118245774  0.0103552115  0.00398360332
 44.6966  0.00507881779  0.00255778633  0.00236922785
 44.7276  0.00392029079  0.00243917113  0.0023272656
 44.7587  0.00595096182  0.00267128506  0.00236294896
 44.7897  0.00414152505  0.00343611271  0.00221769095
 44.8207  0.00689251764  0.00411192573  0.00250260257
 44.8517  0.00631967589  0.00199010949  0.00168302219
 44.8828  0.00512935484  0.00124073545  0.000987593722
 44.9138  0.00586078324  0.00137952263  0.00124919516
 44.9448  0.00432576932  0.000733189086  0.000701068509
 44.9758  0.00446782951  0.000853368067  0.000782983936
 45.0069  0.00518652344  0.00135393822  0.00102072729
 45.0379  0.0061606015  0.00183563778  0.00118497622
 45.0689  0.00799424125  0.00212802504  0.00133012091
 45.0999  0.00910070999  0.00242861933  0.00155572267
 45.131  0.0108698286  0.00275185093  0.00160188507
 45.162  0.0112202645  0.0040707498  0.00197954948
 45.193  0.0226117078  0.00969088297  0.00249675874
 45.224  0.0309843202  0.0145776071  0.00192902745
 45.2551  0.0285697952  0.00829696572  0.00221261473
 45.2861  0.0234346457  0.00788198698  0.00191425473
 45.3171  0.0221955136  0.0064702901  0.00151957707
 45.3481  0.0203285374  0.004807498  0.00144915783
 45.3792  nan  nan  nan
