# X (m) TKE_avg epsilon_turb_pw_avg_Y_avg epsilon_pw_avg_Y_avg
 33.0308  5.72312607e-05  6.15974993e-07  1.9770072e-06
 33.0615  4.6192753e-05  5.17319826e-07  2.19605508e-06
 33.0923  5.10110387e-05  6.80002778e-07  3.23939674e-06
 33.123  4.95134973e-05  1.56387413e-06  5.67536924e-06
 33.1538  6.46445287e-05  4.30353961e-06  1.37191848e-05
 33.1846  9.12861049e-05  2.02125242e-06  2.42295759e-05
 33.2153  0.000177161104  2.13302934e-05  2.84783431e-05
 33.2461  0.000362370566  4.98902266e-05  8.63396492e-05
 33.2769  0.000447914948  5.64835759e-05  9.48179809e-05
 33.3076  0.000368780635  3.779065e-05  5.6328395e-05
 33.3384  0.000287896004  1.58391566e-05  3.80868586e-05
 33.3691  0.000227336548  1.20717683e-05  3.42928751e-05
 33.3999  0.000221444686  1.60908458e-05  3.57445472e-05
 33.4307  0.000165414766  1.49648255e-05  2.6851179e-05
 33.4614  0.000202922377  1.52031783e-05  2.98560905e-05
 33.4922  0.000178214807  9.14527061e-06  2.62586681e-05
 33.5229  0.000194792749  1.29549054e-05  2.66370949e-05
 33.5537  0.000291853162  2.63668608e-05  2.69089244e-05
 33.5845  0.000396921673  3.30892047e-05  2.6135198e-05
 33.6152  0.000578994684  3.46668132e-05  2.91466727e-05
 33.646  0.000489957843  2.28390883e-05  2.7886088e-05
 33.6768  0.00045530237  3.36014938e-05  3.27144359e-05
 33.7075  0.000311796747  2.50476254e-05  3.10591439e-05
 33.7383  0.000289916267  2.59888848e-05  2.4140285e-05
 33.769  0.000264410346  2.4712304e-05  1.68374425e-05
 33.7998  0.000176199286  1.47968866e-05  1.04150563e-05
 33.8306  0.000138110196  9.84608219e-06  6.59736487e-06
 33.8613  0.000119324087  8.82763553e-06  5.77217533e-06
 33.8921  0.000107854615  6.42161056e-06  3.76902097e-06
 33.9228  0.000118886614  8.92202157e-06  5.88605993e-06
 33.9536  0.000126960193  6.82891943e-06  4.4421449e-06
 33.9844  0.000146313723  7.3240344e-06  5.3024659e-06
 34.0151  0.000151828845  7.27110907e-06  5.87867746e-06
 34.0459  0.000180526192  1.00009182e-05  6.09802003e-06
 34.0767  0.000207754024  1.16952493e-05  6.94427107e-06
 34.1074  0.000215936966  1.01168235e-05  4.79055733e-06
 34.1382  0.00021553027  1.02752487e-05  6.39065243e-06
 34.1689  0.000213233933  8.25309786e-06  5.32860784e-06
 34.1997  0.000214337144  9.1660703e-06  7.33535331e-06
 34.2305  0.000247861472  1.0396137e-05  5.33404691e-06
 34.2612  0.000278137702  8.99656741e-06  6.59135802e-06
 34.292  0.000272728621  8.58968326e-06  6.25212181e-06
 34.3227  0.000242463591  1.21088316e-05  9.90910044e-06
 34.3535  0.000267996882  1.22416322e-05  7.43427725e-06
 34.3843  0.000285834064  9.52134681e-06  5.31661416e-06
 34.415  0.000301700342  7.70857455e-06  4.23934057e-06
 34.4458  0.000315128154  8.21275468e-06  4.56378413e-06
 34.4766  0.000299713925  1.01157232e-05  6.89981138e-06
 34.5073  0.000279473992  1.0157593e-05  7.87806136e-06
 34.5381  0.000262678491  7.70034538e-06  5.14230335e-06
 34.5688  0.000270434711  1.22377745e-05  5.64762433e-06
 34.5996  0.000299987588  1.08826179e-05  7.57600201e-06
 34.6304  0.000314638693  8.89725236e-06  6.70157879e-06
 34.6611  0.000312387459  1.16017209e-05  7.09890491e-06
 34.6919  0.000357575082  1.37452312e-05  7.24640516e-06
 34.7226  0.0003021279  1.07593087e-05  5.64463045e-06
 34.7534  0.000304704995  8.4410663e-06  5.79939014e-06
 34.7842  0.000327219824  7.0294918e-06  6.00627301e-06
 34.8149  0.000369422897  9.63216764e-06  7.4848621e-06
 34.8457  0.000422785465  9.07939489e-06  5.12030644e-06
 34.8765  0.000384204157  7.30825387e-06  4.50206229e-06
 34.9072  0.000375212029  7.9152885e-06  4.91043478e-06
 34.938  0.000349140284  7.17739312e-06  4.62060791e-06
 34.9687  0.000314379632  6.39858233e-06  3.98194891e-06
 34.9995  0.000287902904  5.46822264e-06  3.53519254e-06
 35.0303  0.000254788067  5.75350407e-06  3.08910891e-06
 35.061  0.000262991943  6.06184157e-06  4.19943056e-06
 35.0918  0.000266391922  7.87748712e-06  5.21238119e-06
 35.1225  0.000267609056  7.1779423e-06  4.83248346e-06
 35.1533  0.000296799958  7.24561394e-06  5.50115197e-06
 35.1841  0.000328441809  8.06217122e-06  5.97808317e-06
 35.2148  0.000320737184  7.87572616e-06  5.88294965e-06
 35.2456  0.000319116774  6.23066811e-06  6.12760278e-06
 35.2764  0.00032005233  6.28081671e-06  6.83931971e-06
 35.3071  0.000298937829  5.42256188e-06  6.26435848e-06
 35.3379  0.000254510275  5.32962356e-06  8.47529544e-06
 35.3686  0.000228638995  5.07032072e-06  7.32673727e-06
 35.3994  0.000208942555  5.50696583e-06  8.20815448e-06
 35.4302  0.000206148058  5.84484495e-06  1.0309589e-05
 35.4609  0.000221813358  5.57087489e-06  9.02698269e-06
 35.4917  0.000256680215  5.70217193e-06  8.47028935e-06
 35.5224  0.000276479496  8.38635385e-06  1.636471e-05
 35.5532  0.000282459489  7.4568852e-06  1.26851334e-05
 35.584  0.000263757971  5.19584938e-06  7.63720922e-06
 35.6147  0.000245296535  1.30660443e-05  1.71493362e-05
 35.6455  0.000222113713  1.10859619e-05  1.43429023e-05
 35.6763  0.000232351433  1.24698125e-05  1.6634869e-05
 35.707  0.000252400437  1.1285785e-05  1.52819129e-05
 35.7378  0.000256807834  9.06007987e-06  2.18744918e-05
 35.7685  0.000259225081  8.78754147e-06  1.90620847e-05
 35.7993  0.000297235215  9.56826382e-06  1.84550672e-05
 35.8301  0.000318632112  1.08062304e-05  2.0532404e-05
 35.8608  0.000335877821  1.14672931e-05  2.13970034e-05
 35.8916  0.000383860856  1.84696818e-05  3.59157626e-05
 35.9223  0.000387427916  1.75560898e-05  3.66064606e-05
 35.9531  0.000411344146  1.55609242e-05  3.43724577e-05
 35.9839  0.000432711856  1.64786363e-05  3.88665427e-05
 36.0146  0.00044298721  1.23752156e-05  3.41869293e-05
 36.0454  0.000478245603  1.23441606e-05  3.50719139e-05
 36.0761  0.000449167883  1.2233547e-05  3.22737069e-05
 36.1069  0.000425086733  1.30634647e-05  3.0944985e-05
 36.1377  0.000404248362  1.26868801e-05  2.87703629e-05
 36.1684  0.000398385734  1.47807613e-05  3.32771524e-05
 36.1992  0.000432521808  1.60076274e-05  3.35826019e-05
 36.23  0.000424563074  1.51541886e-05  3.04809299e-05
 36.2607  0.000458856522  1.90998444e-05  3.26878431e-05
 36.2915  0.00048077874  1.97701946e-05  3.0018833e-05
 36.3222  0.000504278089  1.78423428e-05  2.57287952e-05
 36.353  0.00050951547  1.66035847e-05  2.36261794e-05
 36.3838  0.000454019598  1.62027143e-05  1.82230595e-05
 36.4145  0.000409139086  1.37058708e-05  1.5552833e-05
 36.4453  0.000445198601  2.19329477e-05  1.5120725e-05
 36.476  0.000516834402  3.28747424e-05  1.52270845e-05
 36.5068  0.00055531241  3.36221922e-05  1.17788627e-05
 36.5376  0.000532275154  2.45359938e-05  9.74625686e-06
 36.5683  0.000488809769  2.24754471e-05  9.14358844e-06
 36.5991  0.000455500064  2.26028993e-05  6.95402236e-06
 36.6299  0.000450931975  2.09364661e-05  6.06530037e-06
 36.6606  0.000449423503  2.17539769e-05  6.40555525e-06
 36.6914  0.000416026081  1.95632869e-05  6.10129592e-06
 36.7221  0.000416241958  1.54194445e-05  6.6099279e-06
 36.7529  0.000431270619  1.50090878e-05  8.67548613e-06
 36.7837  0.000388139809  1.47940008e-05  6.00260731e-06
 36.8144  0.000386208868  1.76049108e-05  7.89354883e-06
 36.8452  0.000382797978  1.69157761e-05  9.57310913e-06
 36.8759  0.00040493212  1.61116901e-05  7.79105218e-06
 36.9067  0.000441504805  1.70105539e-05  9.42698689e-06
 36.9375  0.000439086382  1.78873571e-05  1.18085765e-05
 36.9682  0.000435938858  1.41785686e-05  8.55079406e-06
 36.999  0.000469702482  1.38469077e-05  9.40059406e-06
 37.0298  0.000582074044  2.38547634e-05  1.72274202e-05
 37.0605  0.000639104032  2.86061741e-05  1.26226393e-05
 37.0913  0.00059948557  2.17271856e-05  1.02682267e-05
 37.122  0.000550480598  2.51601262e-05  1.19048822e-05
 37.1528  0.000564377566  3.11112134e-05  1.35940564e-05
 37.1836  0.000587341923  2.66897435e-05  1.13514964e-05
 37.2143  0.000647906968  2.48331067e-05  1.24068911e-05
 37.2451  0.00056818223  2.00402334e-05  1.16461014e-05
 37.2758  0.000511296347  1.92431323e-05  1.24489798e-05
 37.3066  0.000521281204  2.70762389e-05  2.40612877e-05
 37.3374  0.000561750625  1.87344805e-05  1.43011882e-05
 37.3681  0.000586277736  2.06935171e-05  1.47819212e-05
 37.3989  0.000614371154  2.54150024e-05  1.63891661e-05
 37.4297  0.000609092551  1.6180346e-05  9.91609433e-06
 37.4604  0.000614683844  2.44816141e-05  2.00466563e-05
 37.4912  0.000625861122  3.74037779e-05  3.51468333e-05
 37.5219  0.000667745483  2.42409617e-05  2.02911077e-05
 37.5527  0.000761523593  2.4543639e-05  1.44864866e-05
 37.5835  0.000844241703  4.14723495e-05  3.83937864e-05
 37.6142  0.000896608356  3.3256279e-05  2.05549085e-05
 37.645  0.000931600783  4.920955e-05  3.05102105e-05
 37.6757  0.000917307761  3.99845296e-05  2.23505824e-05
 37.7065  0.000858178538  3.48050929e-05  2.11797697e-05
 37.7373  0.000871679363  2.49131331e-05  1.3725885e-05
 37.768  0.000869458703  3.29774459e-05  2.17773902e-05
 37.7988  0.000866687372  3.60360536e-05  1.7265665e-05
 37.8296  0.000922593355  3.67662392e-05  2.28877177e-05
 37.8603  0.00106217414  2.50784216e-05  1.85829295e-05
 37.8911  0.00126241274  2.32253626e-05  1.98310589e-05
 37.9218  0.00126766733  3.07443957e-05  1.93933229e-05
 37.9526  0.00110988078  3.60603436e-05  1.79035267e-05
 37.9834  0.000961160003  3.18689869e-05  1.7104531e-05
 38.0141  0.000797679286  1.99031823e-05  1.48230665e-05
 38.0449  0.000664337292  1.89055264e-05  1.22298719e-05
 38.0756  0.000658116696  2.25562962e-05  1.25123368e-05
 38.1064  0.000698442961  3.16195641e-05  1.72232139e-05
 38.1372  0.0006918112  2.52291634e-05  1.53377465e-05
 38.1679  0.000738818443  3.39698533e-05  2.18139336e-05
 38.1987  0.000844339405  3.8364238e-05  2.81647299e-05
 38.2295  0.00101701631  3.12836606e-05  2.48678147e-05
 38.2602  0.00120118419  5.04312642e-05  3.67107865e-05
 38.291  0.00117700002  7.16792393e-05  6.5285791e-05
 38.3217  0.0011498306  5.48314593e-05  4.85299915e-05
 38.3525  0.00123588693  4.18568603e-05  5.64832123e-05
 38.3833  0.00144526105  7.62988848e-05  7.37562512e-05
 38.414  0.00178346477  0.000115612306  8.86477104e-05
 38.4448  0.00239591245  0.000217708929  0.00018792608
 38.4755  0.00281765333  0.000312349151  0.000269872522
 38.5063  0.00330683422  0.000361809866  0.000279419239
 38.5371  0.00385803091  0.000289835493  0.000246375746
 38.5678  0.00457357108  0.000382669336  0.000347144186
 38.5986  0.00497407679  0.000528656021  0.000599883881
 38.6294  0.00552744151  0.00124864232  0.00088887055
 38.6601  0.00627744355  0.00106994237  0.000705575261
 38.6909  0.00713580605  0.000729940276  0.000239699535
 38.7216  0.00743968497  0.00116201239  0.000460549954
 38.7524  0.00766199452  0.0012674134  0.000483486579
 38.7832  0.00791506397  0.0012033977  0.000267497722
 38.8139  0.00928989739  0.00204638174  0.000487185221
 38.8447  0.0105935244  0.00199101483  0.0003458693
 38.8754  0.0117735066  0.00204119536  0.000469224719
 38.9062  0.01394384  0.00246983175  0.000445788386
 38.937  0.0167564413  0.00230519413  0.000539514692
 38.9677  0.0188243669  0.00298368423  0.000540765588
 38.9985  0.0210440046  0.00314661743  0.000540006294
 39.0293  0.0218415088  0.00337168605  0.000431675962
 39.06  0.0239466755  0.00496489122  0.000469451598
 39.0908  0.0354661385  0.00850472514  0.000455499205
 39.1215  0.0445265904  0.0118306501  0.000720941536
 39.1523  0.0443574221  0.014528089  0.000835983623
 39.1831  0.0468927978  0.0165703805  0.000825262675
 39.2138  0.0495695959  0.0164277355  0.000818755832
 39.2446  0.0520029135  0.0180698433  0.000960518547
 39.2753  0.0640628943  0.0249274704  0.000967241804
 39.3061  0.0827677495  0.0292242398  0.00110652959
 39.3369  0.0806128741  0.0296485807  0.00123417451
 39.3676  0.075056218  0.0284574952  0.00120530251
 39.3984  0.072732347  0.0274882496  0.0011784806
 39.4292  0.0630117911  0.0272428446  0.00106630298
 39.4599  0.0631416651  0.0239962727  0.00103202498
 39.4907  0.056081283  0.0174534193  0.00079646251
 39.5214  0.0509808574  0.01363719  0.000722743396
 39.5522  0.043941763  0.011232292  0.000686351152
 39.583  0.0351889349  0.00979260943  0.000537808738
 39.6137  0.0227677337  0.00657527013  0.000357454357
 39.6445  0.0163457149  0.0040880621  0.00026450516
 39.6752  0.0128130357  0.00251981958  0.000252415121
 39.706  0.009427899  0.00145502901  0.000201553924
 39.7368  0.00583396606  0.000725466684  0.000104338356
 39.7675  0.00486536118  0.000315134474  5.20726177e-05
 39.7983  0.00505719013  0.000337232172  5.04343747e-05
 39.8291  0.00576130841  0.000335935921  4.95763605e-05
 39.8598  0.00653205456  0.000395876679  5.79589949e-05
 39.8906  0.00758992288  0.000505405434  6.80536086e-05
 39.9213  0.00986258339  0.000815547673  8.92795959e-05
 39.9521  0.014437448  0.00157937878  0.000131463235
 39.9829  0.0228391609  0.00333122013  0.000196235134
 40.0136  0.0297420369  0.0065466906  0.000295499405
 40.0444  0.0341223702  0.00870623771  0.000366468005
 40.0751  0.0348756182  0.0089916224  0.00039600785
 40.1059  0.0299544638  0.00793176664  0.000354751294
 40.1367  0.0278380654  0.00725977991  0.000330929217
 40.1674  0.0260022221  0.00540363285  0.000279608549
 40.1982  0.0234347395  0.00454215852  0.000245025966
 40.229  0.0213095708  0.00450049809  0.000231663509
 40.2597  0.0211997754  0.0042675591  0.000227321989
 40.2905  0.0209839329  0.00406834967  0.0002328439
 40.3212  0.0206153563  0.00402466051  0.000222876417
 40.352  0.0188836458  0.00350307229  0.000206801691
 40.3828  0.0183031965  0.00319728996  0.000205532907
 40.4135  0.018976536  0.00321064392  0.00021440298
 40.4443  0.018679581  0.00365505065  0.000235527647
 40.475  0.0219179678  0.00294267507  0.000233854618
 40.5058  0.0224001476  0.00295634772  0.000227491158
 40.5366  0.0214241454  0.00297493727  0.000229149025
 40.5673  0.0208106505  0.00267459078  0.000218958391
 40.5981  0.0217920222  0.00235087909  0.00022031606
 40.6289  0.0233828371  0.00263837019  0.000217140832
 40.6596  0.0187343015  0.00196898261  0.000201729451
 40.6904  0.0163357297  0.00184421776  0.000186782059
 40.7211  0.0145872437  0.00174549303  0.000158288927
 40.7519  0.0133315253  0.00152025744  0.000145654005
 40.7827  0.0119213913  0.00117506218  0.000127403922
 40.8134  0.0117699079  0.00097443409  0.000143939994
 40.8442  0.0114891699  0.00103398366  0.000163326233
 40.8749  0.010563319  0.000967408236  0.000170601335
 40.9057  0.0099639231  0.000838819257  0.000167566299
 40.9365  0.00984239847  0.000764817716  0.00015015244
 40.9672  0.00895480984  0.000890109719  0.000165135055
 40.998  0.00818776415  0.000766504517  0.000155155862
 41.0288  0.00772225949  0.000669339817  0.000153224281
 41.0595  0.00761469522  0.000648847099  0.000163318812
 41.0903  0.0073860776  0.000620624465  0.000170905463
 41.121  0.00777876943  0.000649616651  0.000174566317
 41.1518  0.00750667145  0.000643495654  0.00017116745
 41.1826  0.00826004241  0.000738192791  0.000193213141
 41.2133  0.0087916794  0.000787507128  0.000199442103
 41.2441  0.00858530128  0.000756235319  0.000178649069
 41.2748  0.00804520744  0.000755579484  0.000173261898
 41.3056  0.00829227583  0.000672394214  0.000133085458
 41.3364  0.00844171836  0.000696625598  0.000134606257
 41.3671  0.0079013372  0.000626018688  0.000135059866
 41.3979  0.00683025024  0.000518295366  0.000107444147
 41.4287  0.0055309043  0.000463459542  0.000114814247
 41.4594  0.00504616094  0.000492924707  0.000108820383
 41.4902  0.00509915239  0.000449302055  8.06884374e-05
 41.5209  0.0052642758  0.000420545059  7.96186723e-05
 41.5517  0.00500413739  0.000361905538  7.38991933e-05
 41.5825  0.00467206127  0.000349112889  7.38254955e-05
 41.6132  0.00452556634  0.000405200069  7.69665156e-05
 41.644  0.00464890633  0.000445982446  8.336266e-05
 41.6747  0.00493092145  0.000370150596  7.02355438e-05
 41.7055  0.00499452659  0.000327446666  5.74365099e-05
 41.7363  0.00430941748  0.000271100841  5.3258686e-05
 41.767  0.00330002996  0.000208066576  4.22622429e-05
 41.7978  0.00252001479  0.000152121541  3.42204983e-05
 41.8286  0.00239335686  0.000161457207  3.79787436e-05
 41.8593  0.00286622938  0.000183700538  4.27915527e-05
 41.8901  0.00333938873  0.000223832556  5.35336892e-05
 41.9208  0.00383804471  0.000304729738  5.60386653e-05
 41.9516  0.00423319696  0.000409970755  6.14261183e-05
 41.9824  0.00401873852  0.000393213859  6.30727784e-05
 42.0131  0.0034371491  0.000301252701  5.43195277e-05
 42.0439  0.00382966925  0.000366925209  5.31457483e-05
 42.0746  0.00444331721  0.000449661156  5.48095987e-05
 42.1054  0.00468500991  0.000466160628  5.64104348e-05
 42.1362  0.00451075408  0.000503833169  5.75450722e-05
 42.1669  0.00513074773  0.00053305986  6.04041678e-05
 42.1977  0.00528119495  0.000595937122  5.96739505e-05
 42.2284  0.00456526507  0.000559803456  5.27970179e-05
 42.2592  0.00384512645  0.000508075879  4.76117913e-05
 42.29  0.00400062715  0.000563833241  5.2289978e-05
 42.3207  0.00462600207  0.000632403427  5.85547052e-05
 42.3515  0.00381293784  0.00045817995  4.94421372e-05
 42.3823  0.00339652981  0.000377296584  4.65579822e-05
 42.413  0.00358754555  0.000438312939  4.9541876e-05
 42.4438  0.00418407752  0.000524606845  5.43087146e-05
 42.4745  0.0050267259  0.000599141421  6.27483396e-05
 42.5053  0.00567442407  0.000818822312  6.90970459e-05
 42.5361  0.00627064089  0.000925255747  7.7313386e-05
 42.5668  0.00654021795  0.00100289109  7.76530169e-05
 42.5976  0.00661040686  0.000996843535  7.88019274e-05
 42.6283  0.00719263868  0.000885734755  9.04264084e-05
 42.6591  0.00856299949  0.00135032677  0.000111517866
 42.6899  0.00793959857  0.0015277179  0.000121770621
 42.7206  0.00705827402  0.0012471854  0.00011504527
 42.7514  0.00620999312  0.000962924352  0.000115051613
 42.7822  0.00578970693  0.000959957282  0.000133743938
 42.8129  0.00609872481  0.000945658291  0.000148646761
 42.8437  0.00832481842  0.00173372112  0.000201078615
 42.8744  0.00815645569  0.00209653823  0.000250961629
 42.9052  0.00721504214  0.00200666619  0.00031239618
 42.936  0.00526413073  0.00132833315  0.000287858101
 42.9667  0.00492079913  0.0012770246  0.000139969801
 42.9975  0.00340282102  0.000563116481  7.66169715e-05
 43.0282  0.00311137388  0.00056400715  6.51475478e-05
 43.059  0.0029221481  0.000408470543  5.9505815e-05
 43.0898  0.00282252015  0.000228211686  4.80149579e-05
 43.1205  0.00274083709  0.000166160573  3.79144296e-05
 43.1513  0.00281983499  0.000180373767  3.68990585e-05
 43.1821  0.00300648387  0.00019158693  5.40110781e-05
 43.2128  0.00345971726  0.000191055115  4.57269024e-05
 43.2436  0.00380863674  0.000199603964  5.79870697e-05
 43.2743  0.00434910325  0.000281203817  0.000106407238
 43.3051  0.00543936322  0.000401383757  0.000133701309
 43.3359  0.00568607664  0.000458319528  0.000266358223
 43.3666  0.00575449944  0.000331800793  0.000139995059
 43.3974  0.005351656  0.000311343367  0.000209771983
 43.4281  0.00487731032  0.000250756946  0.00018548992
 43.4589  0.00440468854  0.000260033368  0.000178268248
 43.4897  0.00407447338  0.000247724564  0.000165509898
 43.5204  0.00374172866  0.000259914384  0.00018114833
 43.5512  0.00373678878  0.00025512634  0.000130660129
 43.582  0.00370211932  0.000289317193  0.000111009333
 43.6127  0.0038620346  0.00036397516  0.000145066424
 43.6435  0.00448176859  0.000427524191  0.00017704324
 43.6742  0.00425946273  0.000446988289  9.05170254e-05
 43.705  0.00365823351  0.000282842015  7.97177039e-05
 43.7358  0.00392873351  0.000284845241  0.000129617649
 43.7665  0.00548666868  0.000539052342  0.000158590639
 43.7973  0.007409901  0.000917974909  0.000193373249
 43.828  0.00808078257  0.00110914965  0.000185702872
 43.8588  0.00698767166  0.000792558654  0.000131261519
 43.8896  0.00714419612  0.000769711683  0.000112100734
 43.9203  0.00680865728  0.000691494225  0.000113422157
 43.9511  0.00579775224  0.000535295973  0.00010089171
 43.9819  0.004882148  0.000468144375  8.95199618e-05
 44.0126  0.00457366715  0.000529293354  9.40826825e-05
 44.0434  0.00553692372  0.000664825229  0.000110627532
 44.0741  0.00765481755  0.000858287674  0.000145723313
 44.1049  0.0102435256  0.00120668631  0.000177882749
 44.1357  0.0120933127  0.00158338638  0.000224817329
 44.1664  0.0120940216  0.00192474484  0.000309070223
 44.1972  0.00976044634  0.00162875092  0.000179452351
 44.2279  0.00907827167  0.0014887058  0.000139859803
 44.2587  0.00937784643  0.00153777896  0.000163221139
 44.2895  0.0110969107  0.00216025885  0.000250365257
 44.3202  0.0132922249  0.00303597511  0.000286849198
 44.351  0.0164273529  0.00356817627  0.000541623505
 44.3818  0.0208052741  0.00382517753  0.000482253982
 44.4125  0.0219674833  0.00463058372  0.000576373035
 44.4433  0.0215448178  0.00563361256  0.000534812267
 44.474  0.0233674178  0.007181634  0.000606218341
 44.5048  0.0273067197  0.00835287664  0.000790421629
 44.5356  0.0278911312  0.0102891292  0.0010605759
 44.5663  0.0311605389  0.0146428514  0.00114031354
 44.5971  0.0367208331  0.0152752173  0.00145036045
 44.6278  0.0397347524  0.0149770316  0.00152004857
 44.6586  0.0408343461  0.0185974941  0.00203014616
 44.6894  0.0426386725  0.0225809915  0.00332011732
 44.7201  0.0362372928  0.0216174621  0.0046122946
 44.7509  0.0365083655  0.0225014759  0.00678788656
 44.7817  0.0364621458  0.0256318217  0.00967562463
 44.8124  0.0347965707  0.0245573516  0.013783038
 44.8432  0.0442424887  0.0609068307  0.0262811626
 44.8739  0.0600943959  0.119174498  0.0418421905
 44.9047  0.0620799237  0.124983423  0.0435848101
 44.9355  0.0233629224  0.0342532755  0.0177008046
 44.9662  0.0193756324  0.0171270609  0.0170994549
 44.997  0.00942535873  0.00791222378  0.00767892769
 45.0277  0.00542288404  0.00365629995  0.00369736876
 45.0585  0.00456553383  0.0052559145  0.00261097036
 45.0893  0.00290659555  0.00317683874  0.00115814265
 45.12  0.00210834981  0.00118752105  0.00037149585
 45.1508  0.00211901477  0.000469385202  0.000255253471
 45.1816  0.0021281675  0.000773495511  0.000385871483
 45.2123  0.00236542074  0.000584646565  0.000469727296
 45.2431  0.00254193103  0.000728914967  0.000534748935
 45.2738  nan  nan  nan
