# X (m) TKE_avg epsilon_turb_pw_avg_Y_avg epsilon_pw_avg_Y_avg
 33.0306  2.94738029e-05  4.55299572e-07  6.5264281e-07
 33.0612  2.80387719e-05  2.05751474e-07  7.09504397e-07
 33.0919  4.35850391e-05  4.55884004e-07  8.17111369e-07
 33.1225  4.67009052e-05  7.91781688e-07  1.32769994e-06
 33.1531  5.35774709e-05  1.88862261e-06  9.12874769e-06
 33.1837  8.86140213e-05  4.13128867e-06  5.0391229e-05
 33.2143  0.000114319317  1.99249943e-05  2.1261875e-05
 33.245  0.000165646136  0.000164987962  8.66838051e-05
 33.2756  0.000239317928  0.000175654234  9.81464552e-05
 33.3062  0.000153978405  4.95138323e-05  3.03140833e-05
 33.3368  0.000157558173  1.30629929e-05  1.34274335e-05
 33.3674  0.00014786373  9.68705767e-06  9.15950012e-06
 33.3981  0.000153565365  8.64972394e-06  1.05522418e-05
 33.4287  0.000118082877  6.83402999e-06  1.40079049e-05
 33.4593  0.000113826714  4.68949965e-06  1.17765289e-05
 33.4899  9.49148075e-05  2.63660563e-06  8.39323678e-06
 33.5206  9.70181274e-05  8.19039121e-06  1.62715561e-05
 33.5512  0.000128450845  6.84111502e-06  1.20746702e-05
 33.5818  0.000152466148  9.81693697e-06  1.63704848e-05
 33.6124  0.000213979926  8.60611314e-06  1.58481771e-05
 33.643  0.00023478848  9.90783867e-06  2.0491466e-05
 33.6737  0.00025219046  9.25306113e-06  2.0088611e-05
 33.7043  0.000239274618  6.74447917e-06  1.6675011e-05
 33.7349  0.000272990005  8.69218294e-06  2.36958695e-05
 33.7655  0.000263363087  7.68180727e-06  2.20089812e-05
 33.7961  0.000260511657  9.02298587e-06  2.80453511e-05
 33.8268  0.000273279804  9.03525348e-06  2.87634723e-05
 33.8574  0.000293629188  1.27359637e-05  3.40118982e-05
 33.888  0.0003180013  1.10351923e-05  3.54611464e-05
 33.9186  0.00026538444  1.15917115e-05  3.95813012e-05
 33.9492  0.000223382999  1.10199358e-05  4.14140424e-05
 33.9799  0.000250616172  1.12094741e-05  4.82278997e-05
 34.0105  0.000296191505  1.20588714e-05  4.86705564e-05
 34.0411  0.000271345589  1.160498e-05  4.47658671e-05
 34.0717  0.000258666047  1.05022538e-05  4.13985347e-05
 34.1023  0.000260636214  1.01831569e-05  3.9477802e-05
 34.133  0.000229874283  9.77223212e-06  3.5772467e-05
 34.1636  0.000225624543  7.86841125e-06  3.80444484e-05
 34.1942  0.000221183973  7.44764649e-06  3.29559981e-05
 34.2248  0.000233973659  7.15203549e-06  3.30422091e-05
 34.2555  0.000193583407  5.78478974e-06  2.88044436e-05
 34.2861  0.000194492464  6.68663226e-06  3.22000362e-05
 34.3167  0.000189228515  8.69881109e-06  3.26629298e-05
 34.3473  0.000204866607  7.5069996e-06  3.05503468e-05
 34.3779  0.000220811017  7.19761099e-06  2.99868728e-05
 34.4086  0.000204760073  5.60553036e-06  2.3296696e-05
 34.4392  0.000207047922  5.57425207e-06  2.20750185e-05
 34.4698  0.000198290791  7.68983692e-06  2.49809406e-05
 34.5004  0.000223450742  1.1307514e-05  2.35108778e-05
 34.531  0.000219845118  9.32959266e-06  2.03024555e-05
 34.5617  0.000235968019  8.04771652e-06  1.98700944e-05
 34.5923  0.000227769236  8.56511642e-06  1.82532795e-05
 34.6229  0.000240857334  1.15978281e-05  2.0191189e-05
 34.6535  0.000214674116  1.02700209e-05  2.01248789e-05
 34.6841  0.000220478247  1.1960325e-05  1.97175456e-05
 34.7148  0.000194235966  9.66426804e-06  1.55029004e-05
 34.7454  0.000232749441  1.09133871e-05  1.85359296e-05
 34.776  0.000252631767  9.94408226e-06  1.75633009e-05
 34.8066  0.0002428714  1.27148853e-05  1.48257518e-05
 34.8372  0.000230520303  1.3864e-05  1.33284359e-05
 34.8679  0.00022337155  1.2056407e-05  1.14501131e-05
 34.8985  0.000209112679  1.12860736e-05  1.08626507e-05
 34.9291  0.000211525822  1.36107571e-05  8.94875841e-06
 34.9597  0.000188879408  1.54967838e-05  8.809707e-06
 34.9904  0.000170880488  1.30787008e-05  8.69332458e-06
 35.021  0.000176044011  1.4706718e-05  1.31013838e-05
 35.0516  0.000177817253  1.14563373e-05  1.06008668e-05
 35.0822  0.000175042506  6.90807752e-06  7.28467112e-06
 35.1128  0.000177154965  4.04164717e-06  5.06576991e-06
 35.1435  0.000163766576  5.16770529e-06  5.45463188e-06
 35.1741  0.000158213458  9.99630904e-06  1.15091691e-05
 35.2047  0.000158289648  4.75593826e-06  6.946373e-06
 35.2353  0.000173020531  8.81570743e-06  1.42004913e-05
 35.2659  0.000178144483  8.37097614e-06  1.30332806e-05
 35.2966  0.000168448446  6.15379956e-06  9.93081197e-06
 35.3272  0.000158985614  6.27887063e-06  1.08399033e-05
 35.3578  0.000177571212  1.03595351e-05  1.53149218e-05
 35.3884  0.00019315782  6.4042331e-06  1.07403415e-05
 35.419  0.000220734583  8.4796798e-06  1.34306547e-05
 35.4497  0.000230915271  9.63867807e-06  1.35397582e-05
 35.4803  0.000214893146  8.71537775e-06  1.40359007e-05
 35.5109  0.000238576169  1.02789629e-05  1.72625547e-05
 35.5415  0.000206104002  5.20428054e-06  1.14551353e-05
 35.5721  0.000192179917  3.73841214e-06  1.0264415e-05
 35.6028  0.000195211347  3.83261998e-06  1.18950666e-05
 35.6334  0.00020647256  7.47926592e-06  1.52625333e-05
 35.664  0.000175860875  7.30338845e-06  1.30307596e-05
 35.6946  0.000132487316  4.75461443e-06  1.08220608e-05
 35.7253  0.000103851297  3.99907184e-06  1.00572318e-05
 35.7559  9.08085416e-05  4.6030109e-06  1.08703834e-05
 35.7865  8.33928965e-05  2.0047006e-06  8.30765217e-06
 35.8171  8.04834933e-05  3.0665999e-06  1.00940437e-05
 35.8477  7.78929588e-05  2.7159977e-06  9.8705172e-06
 35.8784  7.76165461e-05  1.68361464e-06  7.55470308e-06
 35.909  8.0679994e-05  1.36864912e-06  7.3147112e-06
 35.9396  7.3038077e-05  1.27720478e-06  7.83498041e-06
 35.9702  6.75209847e-05  3.42262618e-06  1.24794235e-05
 36.0008  6.99733666e-05  2.82811259e-06  1.23204855e-05
 36.0315  7.85883632e-05  2.30290753e-06  1.00862529e-05
 36.0621  8.15233665e-05  2.41959349e-06  8.59292796e-06
 36.0927  7.77713311e-05  3.6135787e-06  9.62314559e-06
 36.1233  6.67305127e-05  5.30690429e-06  1.20374647e-05
 36.1539  8.52557985e-05  5.26230796e-06  1.32769373e-05
 36.1846  9.41931102e-05  1.9664438e-06  1.39148474e-05
 36.2152  9.0818553e-05  4.05144494e-06  1.65985729e-05
 36.2458  7.88678537e-05  6.7955716e-06  2.52643652e-05
 36.2764  6.99498083e-05  3.33896851e-06  1.25026139e-05
 36.307  8.8748112e-05  1.25799259e-05  2.07896557e-05
 36.3377  9.74618782e-05  8.77796532e-06  3.19695844e-05
 36.3683  0.000105546313  5.07868431e-06  1.83662497e-05
 36.3989  9.75172038e-05  8.89755877e-06  1.77384736e-05
 36.4295  9.85718688e-05  2.27839715e-05  3.36821209e-05
 36.4602  0.000113487878  3.95678039e-05  5.47155154e-05
 36.4908  0.000116556984  1.71863668e-05  3.49706394e-05
 36.5214  0.000104826357  5.24781862e-06  1.87491981e-05
 36.552  0.000104575893  1.11000051e-05  4.23859898e-05
 36.5826  0.00011530444  7.18218092e-06  3.67890421e-05
 36.6133  0.000114205882  1.0937551e-05  5.11855696e-05
 36.6439  0.000130164277  3.6494516e-05  8.09126742e-05
 36.6745  0.000157862463  1.29724867e-05  5.89489274e-05
 36.7051  0.000157885091  1.20427975e-05  7.3233556e-05
 36.7357  0.000141926476  2.22763868e-05  9.23995585e-05
 36.7664  0.000156782378  2.00526282e-05  8.62109963e-05
 36.797  0.0001707666  2.03267508e-05  9.73858185e-05
 36.8276  0.000170301471  2.00988195e-05  8.94729584e-05
 36.8582  0.000190972123  2.40819646e-05  9.72053854e-05
 36.8888  0.000189117438  1.46648911e-05  7.88904552e-05
 36.9195  0.00018692209  2.53723172e-05  9.9124495e-05
 36.9501  0.000167679255  1.66496374e-05  8.17268172e-05
 36.9807  0.000177643511  9.53868653e-06  7.11935478e-05
 37.0113  0.000197726291  2.51722345e-05  9.44607524e-05
 37.0419  0.000227711208  2.30293199e-05  9.41634416e-05
 37.0726  0.00023557363  1.99796858e-05  8.50236618e-05
 37.1032  0.000235380375  2.09843723e-05  7.93731625e-05
 37.1338  0.000247937788  2.20453797e-05  7.20932366e-05
 37.1644  0.000333308447  2.28858826e-05  6.35596337e-05
 37.1951  0.00036242312  1.98978554e-05  5.64135417e-05
 37.2257  0.000394342546  1.88792835e-05  5.78021593e-05
 37.2563  0.000303430088  1.13606223e-05  4.35371377e-05
 37.2869  0.000302582646  1.26139719e-05  4.16730736e-05
 37.3175  0.000338379629  1.43356354e-05  4.78073196e-05
 37.3482  0.000314296099  1.41143263e-05  4.11062654e-05
 37.3788  0.000286051211  1.16885055e-05  3.47218504e-05
 37.4094  0.000307828497  1.23964875e-05  3.78177692e-05
 37.44  0.000287969618  1.13182853e-05  3.37239927e-05
 37.4706  0.000229847113  9.79279714e-06  2.72330612e-05
 37.5013  0.000227703588  8.95532033e-06  2.63021159e-05
 37.5319  0.000239900672  9.85827687e-06  2.4180429e-05
 37.5625  0.000245458425  1.11672663e-05  2.11150414e-05
 37.5931  0.000234574901  1.0449317e-05  1.70772038e-05
 37.6237  0.000205096671  5.38783461e-06  1.23536285e-05
 37.6544  0.000206537101  7.38563646e-06  1.57747409e-05
 37.685  0.000200986479  7.89203038e-06  1.59854776e-05
 37.7156  0.000201897247  4.90782494e-06  1.25172673e-05
 37.7462  0.000207241212  6.26582217e-06  1.43397835e-05
 37.7768  0.000235647228  8.84022656e-06  1.6718198e-05
 37.8075  0.000196802683  1.04213417e-05  1.38196405e-05
 37.8381  0.00017695086  1.37091945e-05  1.98380951e-05
 37.8687  0.000159450963  1.05462231e-05  1.58651887e-05
 37.8993  0.000144487032  7.22694218e-06  1.19521684e-05
 37.93  0.000141422957  5.76292368e-06  9.7763103e-06
 37.9606  0.000155799411  5.80746594e-06  9.80400246e-06
 37.9912  0.000184371968  9.43559448e-06  1.34130092e-05
 38.0218  0.000216025243  2.09176448e-05  2.48550756e-05
 38.0524  0.000258323987  1.6792666e-05  2.22492591e-05
 38.0831  0.000295617404  1.23914391e-05  1.64228504e-05
 38.1137  0.000331835823  6.6798725e-06  9.91607309e-06
 38.1443  0.000396855669  2.7306048e-05  3.1289756e-05
 38.1749  0.000410113315  1.78579666e-05  2.45954425e-05
 38.2055  0.000391024772  1.6645738e-05  3.06239757e-05
 38.2362  0.000370945353  2.01161053e-05  2.8756592e-05
 38.2668  0.000329349281  1.88395427e-05  2.95567122e-05
 38.2974  0.00028386668  6.15234457e-06  1.55173877e-05
 38.328  0.000276325523  4.87907464e-06  1.27672343e-05
 38.3586  0.00026443547  3.15997752e-05  5.04788504e-05
 38.3893  0.000269105613  3.30343717e-05  4.19163528e-05
 38.4199  0.000318608296  4.12142793e-05  5.72107746e-05
 38.4505  0.000434914296  5.53527384e-05  7.66514066e-05
 38.4811  0.000556255061  5.98403361e-05  7.90258999e-05
 38.5117  0.000596925934  5.72053058e-05  7.58996519e-05
 38.5424  0.000591874548  5.21675925e-05  7.2178958e-05
 38.573  0.000558964533  5.86076735e-05  7.97497461e-05
 38.6036  0.000487636702  0.000103413398  0.000128682185
 38.6342  0.000417840378  9.61913575e-05  0.000142155654
 38.6649  0.000406190195  4.60423766e-05  0.000102733913
 38.6955  0.000429783525  0.000102300338  0.000211460699
 38.7261  0.000433291282  0.000129134148  0.000402031144
 38.7567  0.000589135581  0.000296076388  0.000882739922
 38.7873  0.00109903507  0.00108692088  0.00147629851
 38.818  0.000830602937  0.00320192772  0.00179454534
 38.8486  0.000979723601  0.000714308946  0.00081257074
 38.8792  0.000691300021  0.00035979831  0.000413911991
 38.9098  0.000762087325  0.000163487914  0.000113314932
 38.9404  0.000561546253  0.000141938954  8.14872531e-05
 38.9711  0.000805534388  0.000369173216  0.000517376597
 39.0017  0.00107133321  0.000238187168  0.000282806843
 39.0323  0.00123906419  0.000305650162  0.000438749724
 39.0629  0.00177833083  0.000440972762  0.000237081808
 39.0935  0.00115074953  0.000329189373  0.000249727784
 39.1242  0.00151655519  0.000374275886  0.00032825463
 39.1548  0.00122350376  0.000206598217  0.000212095678
 39.1854  0.00103408397  0.000134098534  0.000167513216
 39.216  0.00104528893  7.85528611e-05  0.000116721468
 39.2466  0.000881841729  0.000109400415  0.0001318167
 39.2773  0.0010262769  0.000100370735  3.88658611e-05
 39.3079  0.000926122248  0.000118244383  3.24249046e-05
 39.3385  0.000876504202  8.84301502e-05  3.7069466e-05
 39.3691  0.000842667949  7.11669845e-05  5.48158419e-05
 39.3998  0.000842567459  4.95354442e-05  5.22620915e-05
 39.4304  0.00139284646  0.000110774137  7.18081389e-05
 39.461  0.00562383911  0.000729343593  0.000132493728
 39.4916  0.00811078785  0.00129466719  0.000213587835
 39.5222  0.0075262435  0.0012744371  0.000180441916
 39.5529  0.00625342499  0.00117102329  0.000120567351
 39.5835  0.00805837702  0.00214886052  0.00015699322
 39.6141  0.0216060751  0.00738721249  0.000377457158
 39.6447  0.0241595535  0.00728214576  0.00037075007
 39.6753  0.0225953167  0.00693479694  0.000361100233
 39.706  0.0171176414  0.00535893418  0.000275446676
 39.7366  0.00951041275  0.00292423797  0.000168241563
 39.7672  0.00411958268  0.00102834666  8.09559043e-05
 39.7978  0.00230949473  0.000537924782  4.73547619e-05
 39.8284  0.00198071854  0.000418502618  4.64126953e-05
 39.8591  0.00324284473  0.000595059362  6.1718886e-05
 39.8897  0.00618950428  0.00101467454  8.63781477e-05
 39.9203  0.0111637318  0.00198539467  0.000136172977
 39.9509  0.0122683542  0.00314938075  0.000168631715
 39.9815  0.0100059506  0.00246271646  0.000141528615
 40.0122  0.00694646295  0.00151252746  0.000100183588
 40.0428  0.00448747486  0.000820428959  6.45342365e-05
 40.0734  0.00313622803  0.000514247662  4.61681302e-05
 40.104  0.00255366237  0.000433136794  4.47203518e-05
 40.1347  0.00252628451  0.000326160391  4.25891782e-05
 40.1653  0.00269371341  0.000266410083  4.1158038e-05
 40.1959  0.00343299927  0.000490618988  5.28330188e-05
 40.2265  0.00456806017  0.000792265164  6.7461479e-05
 40.2571  0.00635114657  0.00100549657  8.22557212e-05
 40.2878  0.00627982256  0.000995196107  8.59484098e-05
 40.3184  0.00632924008  0.00109687057  8.72398854e-05
 40.349  0.00517081058  0.000923964392  7.17252016e-05
 40.3796  0.00392995405  0.000706915007  5.91493397e-05
 40.4102  0.00373974337  0.000658470309  6.29920447e-05
 40.4409  0.00413296328  0.000726306822  6.39832824e-05
 40.4715  0.00426956982  0.000694228662  6.47431776e-05
 40.5021  0.0043030034  0.000816749083  6.90901091e-05
 40.5327  0.00422204218  0.000898497031  7.46504721e-05
 40.5633  0.00438401184  0.00106034637  8.39433328e-05
 40.594  0.00373664683  0.000872357068  6.92775761e-05
 40.6246  0.00374453609  0.000685227468  6.49866736e-05
 40.6552  0.00352629949  0.000628764861  6.24963753e-05
 40.6858  0.00309033562  0.000530174763  6.12268225e-05
 40.7164  0.00274558103  0.000423435819  6.67050698e-05
 40.7471  0.00319923878  0.000590147316  8.78221966e-05
 40.7777  0.00607712895  0.00158650848  0.00015534003
 40.8083  0.00961353396  0.00408880335  0.000220174998
 40.8389  0.00806789151  0.00375052731  0.00019173828
 40.8696  0.00520802707  0.0022773718  0.000162633422
 40.9002  0.0039944893  0.00112562161  0.000188489425
 40.9308  0.0072173659  0.00321702151  0.000376590978
 40.9614  0.0096515663  0.00550186487  0.000454136885
 40.992  0.00883460041  0.00429477773  0.000451350762
 41.0227  0.00745164325  0.00255893064  0.00049147733
 41.0533  0.00492650715  0.00199599941  0.000530338402
 41.0839  0.00426660099  0.00187934173  0.000641360335
 41.1145  0.00384223711  0.00172694772  0.000609754023
 41.1451  0.00153677458  0.000541093411  0.000233772298
 41.1758  0.000984709481  0.000211015892  8.08044593e-05
 41.2064  0.000790381356  1.41160342e-05  4.13301976e-05
 41.237  0.00075791091  1.12682092e-05  4.50363981e-05
 41.2676  0.00068272622  7.71385273e-06  4.55231828e-05
 41.2982  0.000714088811  8.98048678e-06  5.07551914e-05
 41.3289  0.000683549806  8.20214826e-06  5.18162377e-05
 41.3595  0.000748356029  8.8303998e-06  6.13384787e-05
 41.3901  0.00076418793  9.08886287e-06  6.43009366e-05
 41.4207  0.000752326742  1.24795316e-05  6.86378199e-05
 41.4513  0.000734635893  1.10557236e-05  7.03396562e-05
 41.482  0.000726742508  1.14131994e-05  6.70894689e-05
 41.5126  0.000709705148  1.19013912e-05  6.52395591e-05
 41.5432  0.000693326546  1.19692288e-05  6.12735335e-05
 41.5738  0.000671222892  1.39461463e-05  5.70549713e-05
 41.6045  0.000654387923  1.77989811e-05  5.60685264e-05
 41.6351  0.000603652421  2.27037469e-05  5.39309748e-05
 41.6657  0.000578567448  2.73352564e-05  4.82723021e-05
 41.6963  0.000622325777  2.8590612e-05  4.09717038e-05
 41.7269  0.000591033639  1.90160826e-05  2.88884663e-05
 41.7576  0.000535530523  1.24470935e-05  2.11964833e-05
 41.7882  0.000566086552  1.93326799e-05  1.8906104e-05
 41.8188  0.000600720761  2.75289543e-05  1.80157384e-05
 41.8494  0.000623336565  3.75034756e-05  1.68353251e-05
 41.88  0.000581139227  4.00886425e-05  1.37642087e-05
 41.9107  0.000525018148  2.87597684e-05  1.41449511e-05
 41.9413  0.000528672399  2.17099998e-05  1.52763774e-05
 41.9719  0.00059847025  2.47598351e-05  1.69688589e-05
 42.0025  0.000590266743  2.80464093e-05  1.54550713e-05
 42.0331  0.000600324659  3.2632332e-05  1.55555709e-05
 42.0638  0.000527027743  2.64102793e-05  1.44676684e-05
 42.0944  0.000549511858  2.47693417e-05  1.545455e-05
 42.125  0.000566578022  2.34978986e-05  1.90878878e-05
 42.1556  0.000637087178  2.73014175e-05  2.19381741e-05
 42.1862  0.00069356455  3.38233492e-05  2.42046728e-05
 42.2169  0.000737589173  4.19670563e-05  2.91497171e-05
 42.2475  0.000712123789  3.75745665e-05  3.01116514e-05
 42.2781  0.000788296659  3.86948898e-05  3.13126785e-05
 42.3087  0.000794775093  3.00875279e-05  3.44799364e-05
 42.3394  0.000842054347  2.90483246e-05  4.32323107e-05
 42.37  0.000882074645  3.04051662e-05  5.48663071e-05
 42.4006  0.00100427259  3.33996551e-05  7.33492539e-05
 42.4312  0.0011577546  6.41570978e-05  9.62747838e-05
 42.4618  0.0012040961  7.22111864e-05  0.000120367883
 42.4925  0.00115528647  7.22375266e-05  0.000137836312
 42.5231  0.0012916531  0.000122680015  0.000196369196
 42.5537  0.0011620415  0.000148730318  0.000209629546
 42.5843  0.000902559673  9.21908283e-05  0.000179741935
 42.6149  0.000710508858  4.65528471e-05  0.000121548207
 42.6456  0.000496516037  2.58886439e-05  7.69565772e-05
 42.6762  0.000381170667  2.33275529e-05  7.18329958e-05
 42.7068  0.000445178899  4.30724589e-05  9.91235846e-05
 42.7374  0.000406502674  5.63351785e-05  9.32211707e-05
 42.768  0.000612241475  0.000159566582  0.000122395162
 42.7987  0.000460589782  8.08521246e-05  0.000105909664
 42.8293  0.000304998866  2.88888075e-05  7.43535652e-05
 42.8599  0.000263571484  2.77711939e-05  6.9482313e-05
 42.8905  7.48307824e-05  1.91320951e-05  3.43468114e-05
 42.9211  1.01330456e-05  3.25849978e-06  4.00820841e-06
 42.9518  2.69129831e-06  3.16965339e-06  3.52141478e-06
 42.9824  2.06925521e-06  3.8897113e-06  6.06397989e-06
 43.013  2.21640019e-06  1.28725018e-06  2.65082491e-06
 43.0436  2.97078239e-06  1.00659826e-06  3.05717845e-06
 43.0743  4.41974019e-06  8.06295776e-07  1.87482242e-06
 43.1049  3.02009402e-06  1.31916787e-06  1.98834268e-06
 43.1355  3.8097981e-06  1.11117007e-06  1.46877851e-06
 43.1661  3.52766914e-06  8.74566204e-07  1.28568015e-06
 43.1967  4.23854856e-06  8.34259517e-07  1.32638859e-06
 43.2274  8.82651712e-06  1.31402738e-06  2.44608517e-06
 43.258  7.03767963e-06  2.08940891e-06  3.39830888e-06
 43.2886  1.25049216e-05  6.69547481e-06  6.97577079e-06
 43.3192  1.38670856e-05  4.13256104e-06  1.24991456e-05
 43.3498  1.77086301e-05  6.78571048e-06  1.36494933e-05
 43.3805  2.90505427e-05  3.99182709e-05  5.40037071e-05
 43.4111  8.02704967e-05  0.000177544141  0.00022713798
 43.4417  0.000175983639  0.000295935012  0.0003032114
 43.4723  0.000118166791  0.000300870403  0.000345122124
 43.5029  4.97639996e-05  4.5236807e-05  0.000103784445
 43.5336  4.41885971e-05  6.89212249e-05  8.69545046e-05
 43.5642  5.35443338e-05  1.75991842e-05  2.07771345e-05
 43.5948  7.83012589e-05  2.41714758e-05  3.25161996e-05
 43.6254  6.61727025e-05  3.15961737e-05  4.57274606e-05
 43.656  6.60197653e-05  3.14966221e-05  4.76866209e-05
 43.6867  5.03044045e-05  6.41189827e-06  1.52302833e-05
 43.7173  6.38567711e-05  1.21514592e-05  3.1102045e-05
 43.7479  4.73039112e-05  1.00518247e-05  2.5680486e-05
 43.7785  3.61101875e-05  7.99728322e-06  2.09402956e-05
 43.8092  5.37209504e-05  6.49089548e-06  2.1937569e-05
 43.8398  4.30565571e-05  4.12631743e-06  1.8027189e-05
 43.8704  4.26576365e-05  2.54144679e-06  1.76002996e-05
 43.901  3.51127943e-05  2.31010779e-06  1.6067867e-05
 43.9316  3.67736621e-05  1.82055205e-06  1.1817485e-05
 43.9623  1.97877984e-05  9.62862612e-07  3.93889217e-06
 43.9929  2.43228741e-05  2.32478702e-06  3.91849919e-06
 44.0235  3.06048905e-05  2.8897824e-06  7.15895796e-06
 44.0541  5.5260131e-05  3.05112488e-06  1.30103933e-05
 44.0847  9.59461004e-05  9.24316005e-06  2.71679623e-05
 44.1154  0.00013922143  9.47641763e-06  2.89703944e-05
 44.146  0.000248024449  1.67851748e-05  3.92997391e-05
 44.1766  0.000238556708  2.33457303e-05  4.86127105e-05
 44.2072  0.000305437235  1.48828227e-05  4.14089347e-05
 44.2378  0.000300371186  6.33306751e-06  3.32842565e-05
 44.2685  0.000265559972  9.3123051e-06  3.70417122e-05
 44.2991  0.000471336302  0.000124134972  0.000166056878
 44.3297  0.000513143981  9.86024784e-05  0.000132036384
 44.3603  0.000662250588  0.000171335071  0.000228240408
 44.3909  0.000861427804  5.93005053e-05  9.36736585e-05
 44.4216  0.00109472506  0.000314974162  0.000198024986
 44.4522  0.00127373956  0.00025669982  0.000157879335
 44.4828  0.00152391106  0.000267003459  0.000163218833
 44.5134  0.00224240808  0.000470048921  0.00022789858
 44.5441  0.00334163514  0.000880919207  0.000334784673
 44.5747  0.00506942707  0.000885724328  0.000290877705
 44.6053  0.0063173323  0.00158134057  0.000466652684
 44.6359  0.00718411874  0.00149984254  0.000399029826
 44.6665  0.00733725188  0.00127690428  0.000305435594
 44.6972  0.00790301736  0.00130409441  0.000328152625
 44.7278  0.0082184578  0.0015544665  0.000509836702
 44.7584  0.00861244783  0.00199185298  0.000624021599
 44.789  0.00890171085  0.00270750129  0.00141720767
 44.8196  0.00823324135  0.00218661626  0.000558452416
 44.8503  0.00747745168  0.00164025831  0.000757949589
 44.8809  0.00689824962  0.00159217388  0.00116344138
 44.9115  0.00764832368  0.00193733208  0.00134139107
 44.9421  0.00983384213  0.00391775924  0.00319349285
 44.9727  0.0105626218  0.00471685451  0.00456593435
 45.0034  0.0120208878  0.00495228889  0.0042357912
 45.034  0.0164823533  0.0062803677  0.00277322833
 45.0646  0.0318184793  0.0100304562  0.00462652825
 45.0952  0.03684117  0.0254015735  0.00570223083
 45.1258  0.0101621354  0.00732079792  0.00153825171
 45.1565  0.00257375062  0.00151865675  0.00103426019
 45.1871  0.00166055808  0.00248828179  0.00185317839
 45.2177  nan  nan  nan
