# X (m) TKE_avg epsilon_turb_pw_avg_Y_avg epsilon_pw_avg_Y_avg
 33.0308  4.222261e-05  8.9608147e-07  8.68883629e-07
 33.0616  4.89410238e-05  8.57841249e-07  9.45402367e-07
 33.0924  6.37219338e-05  9.39345457e-07  1.14441371e-06
 33.1232  4.74810672e-05  8.36443298e-07  1.90728555e-06
 33.154  3.37638282e-05  1.13342986e-06  3.70537412e-06
 33.1848  7.26246357e-05  2.66083345e-06  9.0421405e-06
 33.2157  6.03514016e-05  1.15786343e-05  9.185085e-06
 33.2465  0.000119381308  4.50376424e-05  2.84190854e-05
 33.2773  0.000160308271  4.4385906e-05  3.38378105e-05
 33.3081  0.000201053859  3.42189463e-05  3.00842283e-05
 33.3389  0.000196227176  2.66253561e-05  2.1257599e-05
 33.3697  0.00015753002  1.45495069e-05  2.03799214e-05
 33.4005  0.000133035111  1.31904016e-05  2.11159444e-05
 33.4313  0.000165706402  1.69728502e-05  2.23847127e-05
 33.4621  0.000284222707  2.59473676e-05  2.91101613e-05
 33.4929  0.000265442514  2.20553223e-05  2.5959199e-05
 33.5237  0.000228497779  2.21717871e-05  2.5394324e-05
 33.5545  0.000171568879  2.19969288e-05  1.32568969e-05
 33.5853  0.000169027469  1.41395467e-05  1.05103124e-05
 33.6162  0.0001555628  1.22845061e-05  1.1564445e-05
 33.647  0.000120776191  8.82607223e-06  6.63111333e-06
 33.6778  0.000127621107  8.66959058e-06  1.04514591e-05
 33.7086  0.000121766981  4.52108107e-06  4.77413406e-06
 33.7394  0.000136719875  6.81130795e-06  9.82793482e-06
 33.7702  0.000136546462  5.37066475e-06  6.03314715e-06
 33.801  0.000160133789  8.05954854e-06  9.64518778e-06
 33.8318  0.000184940558  7.44831286e-06  8.1370134e-06
 33.8626  0.0001677398  4.60791957e-06  4.43250746e-06
 33.8934  0.000237076722  8.27902081e-06  6.06436717e-06
 33.9242  0.00026440151  9.79076096e-06  7.35191552e-06
 33.955  0.000227964414  9.75089123e-06  8.49917054e-06
 33.9858  0.000211252334  7.16473069e-06  5.70253736e-06
 34.0167  0.000210532067  9.00738283e-06  9.86339396e-06
 34.0475  0.00024764835  5.76492281e-06  6.10896549e-06
 34.0783  0.000255974927  1.01791485e-05  1.09048404e-05
 34.1091  0.000258160832  8.04257392e-06  8.0586264e-06
 34.1399  0.000270154042  6.43037897e-06  5.94070133e-06
 34.1707  0.00029725999  8.60671565e-06  9.03194651e-06
 34.2015  0.00027607463  5.33815196e-06  5.33793411e-06
 34.2323  0.000243552295  3.83826425e-06  3.87900416e-06
 34.2631  0.000221252463  5.02581749e-06  6.45360297e-06
 34.2939  0.000240576622  5.07119789e-06  6.10183119e-06
 34.3247  0.000272706316  5.80321613e-06  5.39451988e-06
 34.3555  0.000254545759  7.23621622e-06  4.2319158e-06
 34.3864  0.000259621911  6.31358866e-06  3.2467682e-06
 34.4172  0.000258385165  5.96124563e-06  3.42441968e-06
 34.448  0.000245297252  5.3779756e-06  3.72828244e-06
 34.4788  0.000246535563  4.99862714e-06  3.86309184e-06
 34.5096  0.000243664155  3.8594835e-06  3.90321389e-06
 34.5404  0.000242910624  5.58284155e-06  4.4584768e-06
 34.5712  0.0002475114  4.87208937e-06  3.82593396e-06
 34.602  0.000239394723  4.6376382e-06  3.07561036e-06
 34.6328  0.000232559014  4.5275084e-06  3.00573491e-06
 34.6636  0.000219152712  4.11714096e-06  3.3352792e-06
 34.6944  0.000218282701  4.46037518e-06  3.5034608e-06
 34.7252  0.00021062375  4.18217314e-06  3.30163567e-06
 34.756  0.000217138225  4.72679155e-06  4.32803855e-06
 34.7869  0.000217601108  5.22227042e-06  4.44915104e-06
 34.8177  0.000219937626  5.40195814e-06  4.23122493e-06
 34.8485  0.000222467082  5.4243194e-06  4.25110934e-06
 34.8793  0.00022271528  5.77102858e-06  4.3975713e-06
 34.9101  0.000235093168  6.28234426e-06  6.15182168e-06
 34.9409  0.00026089584  5.82878742e-06  5.61305492e-06
 34.9717  0.00026165695  5.78134563e-06  6.16743655e-06
 35.0025  0.00025219568  6.39668977e-06  6.71148288e-06
 35.0333  0.000233471665  6.19250673e-06  6.53561021e-06
 35.0641  0.00022346349  7.60493773e-06  9.97510708e-06
 35.0949  0.000202310543  6.96625379e-06  8.32971082e-06
 35.1257  0.000202426892  6.56787268e-06  6.49267649e-06
 35.1565  0.000196934064  7.82215793e-06  7.04425058e-06
 35.1874  0.00022049967  1.12199777e-05  1.24064125e-05
 35.2182  0.000212051077  6.15790236e-06  8.47641058e-06
 35.249  0.00020545042  5.0832389e-06  8.25446247e-06
 35.2798  0.000199208297  6.56011619e-06  1.41004339e-05
 35.3106  0.000204765216  6.4471652e-06  1.24922204e-05
 35.3414  0.000211372631  6.8057791e-06  1.16387206e-05
 35.3722  0.000208237603  9.76623086e-06  1.64433053e-05
 35.403  0.000206206126  8.55527132e-06  1.34471475e-05
 35.4338  0.00022619894  7.36446579e-06  1.02177996e-05
 35.4646  0.000239794443  1.04153314e-05  1.69685437e-05
 35.4954  0.000239318021  9.65340971e-06  1.66777828e-05
 35.5262  0.000240297565  8.08987488e-06  1.62169479e-05
 35.557  0.000211306499  5.84045458e-06  1.3273067e-05
 35.5879  0.000211560373  6.39934984e-06  1.48552422e-05
 35.6187  0.000208685242  1.10219751e-05  1.92844754e-05
 35.6495  0.000214800708  1.06084696e-05  1.8411716e-05
 35.6803  0.000219820773  1.12796759e-05  1.9553203e-05
 35.7111  0.000226831986  1.14153598e-05  2.16917238e-05
 35.7419  0.000225242869  9.46713387e-06  2.28953545e-05
 35.7727  0.00024138023  9.39976603e-06  2.39864695e-05
 35.8035  0.000246517501  1.01635446e-05  2.60215628e-05
 35.8343  0.000259331234  1.00425414e-05  2.41428913e-05
 35.8651  0.000279223671  1.0560555e-05  2.31626538e-05
 35.8959  0.000308094478  1.15710951e-05  2.29467701e-05
 35.9267  0.000319328358  1.21488882e-05  2.2546672e-05
 35.9575  0.000302683688  1.2771276e-05  2.03718646e-05
 35.9884  0.000327353562  1.4293893e-05  2.08467832e-05
 36.0192  0.000358209087  1.48489099e-05  2.26732628e-05
 36.05  0.00036611091  1.24497754e-05  2.48903709e-05
 36.0808  0.000333775794  1.11021979e-05  2.40205032e-05
 36.1116  0.000318286977  9.11064223e-06  1.97752665e-05
 36.1424  0.000281188857  7.92292882e-06  1.51884259e-05
 36.1732  0.00029541242  1.0594027e-05  1.91290927e-05
 36.204  0.000269223936  1.04953494e-05  1.81822057e-05
 36.2348  0.000256699207  9.34683036e-06  1.59523649e-05
 36.2656  0.00024689607  9.23182326e-06  1.51097544e-05
 36.2964  0.000282785968  1.0784133e-05  1.51545009e-05
 36.3272  0.000295527424  9.91194356e-06  1.3401189e-05
 36.3581  0.000283556556  8.45597356e-06  1.13884107e-05
 36.3889  0.000294705763  9.63485188e-06  1.20638223e-05
 36.4197  0.00033045165  1.36586965e-05  1.3925757e-05
 36.4505  0.000316009796  1.31666874e-05  1.35744296e-05
 36.4813  0.000322547008  1.23373847e-05  1.30039741e-05
 36.5121  0.00034344554  1.2703644e-05  1.24993313e-05
 36.5429  0.000341718966  1.37650388e-05  1.33503625e-05
 36.5737  0.000331840661  1.6000763e-05  1.4507815e-05
 36.6045  0.000331093126  1.32995076e-05  1.01032251e-05
 36.6353  0.000392220355  2.01646639e-05  1.55530172e-05
 36.6661  0.000355588198  2.06493021e-05  1.71696881e-05
 36.6969  0.000351345184  2.27948944e-05  1.08573699e-05
 36.7277  0.000363105888  2.91837262e-05  1.45894071e-05
 36.7586  0.000349313753  2.87733491e-05  2.74373981e-05
 36.7894  0.000341421257  1.35590752e-05  1.30851171e-05
 36.8202  0.000339262276  3.10092236e-05  2.77325862e-05
 36.851  0.000329796248  2.50258826e-05  1.78680799e-05
 36.8818  0.000352498154  2.75867828e-05  2.49715846e-05
 36.9126  0.000416025778  2.41532073e-05  2.4444966e-05
 36.9434  0.0004288086  1.72577216e-05  1.51520048e-05
 36.9742  0.00038949832  1.53440515e-05  1.57353092e-05
 37.005  0.000410768092  2.67805818e-05  2.60893463e-05
 37.0358  0.000433561899  2.04733648e-05  1.8737433e-05
 37.0666  0.000457251161  1.47583587e-05  1.0652273e-05
 37.0974  0.000488159105  2.01915051e-05  1.37786504e-05
 37.1282  0.000475317908  1.84999926e-05  1.46465202e-05
 37.1591  0.000481693327  1.65450905e-05  1.40836908e-05
 37.1899  0.000496543559  1.46506839e-05  1.19055485e-05
 37.2207  0.000484650031  1.80623164e-05  1.45781669e-05
 37.2515  0.000474452626  2.6816479e-05  2.03764133e-05
 37.2823  0.00044947789  2.14706903e-05  1.76260663e-05
 37.3131  0.00042908423  3.71522202e-05  3.84656895e-05
 37.3439  0.000405477389  4.57178114e-05  4.80874354e-05
 37.3747  0.000416273144  1.72983806e-05  1.70227362e-05
 37.4055  0.000442498915  1.64010636e-05  1.54620089e-05
 37.4363  0.000458325931  1.42758162e-05  1.65847405e-05
 37.4671  0.00048910312  3.7623607e-05  3.83818772e-05
 37.4979  0.000516530235  2.55004784e-05  2.6192847e-05
 37.5287  0.000544120389  1.67004516e-05  1.77193206e-05
 37.5596  0.000562458293  1.8900358e-05  1.74527182e-05
 37.5904  0.000574366908  2.74487941e-05  2.31832024e-05
 37.6212  0.000540018794  1.73576928e-05  1.73038017e-05
 37.652  0.000473358659  1.60244348e-05  1.50908813e-05
 37.6828  0.000413791641  1.49267229e-05  1.58685374e-05
 37.7136  0.000388190906  1.1597991e-05  1.51127069e-05
 37.7444  0.000381525348  1.16158009e-05  1.43858646e-05
 37.7752  0.000383042186  1.01637535e-05  1.14596055e-05
 37.806  0.000395857494  7.97459069e-06  1.0770649e-05
 37.8368  0.000403947718  8.41597538e-06  1.38115196e-05
 37.8676  0.000427944839  1.00849329e-05  1.67899613e-05
 37.8984  0.000450318187  1.45531981e-05  2.93261776e-05
 37.9292  0.000496566644  1.80263212e-05  3.33808243e-05
 37.9601  0.00054235828  2.21656036e-05  3.77696798e-05
 37.9909  0.000590985801  1.83570918e-05  2.73183939e-05
 38.0217  0.000623024497  2.17114627e-05  3.13764102e-05
 38.0525  0.000662035565  2.17957127e-05  3.41467995e-05
 38.0833  0.000671493234  2.00428701e-05  3.20768444e-05
 38.1141  0.000678803576  2.05147061e-05  2.4230448e-05
 38.1449  0.000698000384  5.79632083e-05  5.76090257e-05
 38.1757  0.000750955442  6.07793734e-05  5.89476502e-05
 38.2065  0.000806700614  4.46858521e-05  7.05277818e-05
 38.2373  0.00092490348  6.76149031e-05  7.88908858e-05
 38.2681  0.00110615688  8.77404228e-05  0.000100015055
 38.2989  0.00130394085  0.000127924041  0.000152922161
 38.3298  0.0016264816  7.22790852e-05  9.29551854e-05
 38.3606  0.0018360461  0.000122273699  0.000193024239
 38.3914  0.00203148422  0.00016892759  0.000212362283
 38.4222  0.00206517333  0.000208730337  0.000281294733
 38.453  0.00189527319  0.000251076318  0.000345075536
 38.4838  0.00195968205  0.000262416929  0.000384219511
 38.5146  0.00199897928  0.000242472718  0.000392703732
 38.5454  0.00209948586  0.000192411794  0.000352846481
 38.5762  0.00228686652  0.00017284122  0.000323691794
 38.607  0.00253180661  0.000257410063  0.000365703437
 38.6378  0.00302182205  0.000429353763  0.000474755999
 38.6686  0.00310272549  0.000391353367  0.000415541282
 38.6994  0.0029922754  0.000159505666  0.000235195766
 38.7303  0.00283017179  0.000226883285  0.000273451865
 38.7611  0.00280804719  0.000219263418  0.000212518672
 38.7919  0.00281532368  0.000235657945  0.000192507183
 38.8227  0.00298826657  0.000592469686  0.000206969642
 38.8535  0.00491386273  0.00356416279  0.000210070068
 38.8843  0.00466641837  0.00297893693  0.000164943472
 38.9151  0.00455293191  0.00192268756  0.000121671213
 38.9459  0.00841751776  0.00299908949  0.000175531091
 38.9767  0.0193628706  0.00738900287  0.000363798177
 39.0075  0.0458845452  0.0160147608  0.000794648865
 39.0383  0.0900141936  0.053221661  0.00173486245
 39.0691  0.104702973  0.0575010164  0.0020117759
 39.0999  0.0975497238  0.0463332782  0.00190775721
 39.1308  0.100545015  0.0485803084  0.00197923778
 39.1616  0.105459552  0.05113531  0.00180742934
 39.1924  0.125046743  0.0529265667  0.00210508292
 39.2232  0.134051582  0.0598254411  0.00199489662
 39.254  0.137116265  0.0667299074  0.00208811807
 39.2848  0.14359834  0.0675682645  0.00185098413
 39.3156  0.145241631  0.0541556973  0.00169643618
 39.3464  0.127727877  0.0462125059  0.00150976351
 39.3772  0.107958916  0.0408936489  0.00134541556
 39.408  0.0907461967  0.0391487682  0.00128417723
 39.4388  0.077658999  0.0371821742  0.00136557286
 39.4696  0.0689508101  0.0293238267  0.00133520888
 39.5004  0.0576540724  0.0200661498  0.000983540117
 39.5313  0.040207743  0.0132626594  0.000652588648
 39.5621  0.0255730141  0.00782621587  0.000482379646
 39.5929  0.0166585417  0.00433783591  0.000353554841
 39.6237  0.0138539586  0.00304862294  0.000198491846
 39.6545  0.012138165  0.00247148468  0.000156646674
 39.6853  0.0101088563  0.00223279115  0.000138346238
 39.7161  0.00815849209  0.0016363934  0.000113082526
 39.7469  0.0068034079  0.00115211848  9.07421261e-05
 39.7777  0.00602097191  0.000999288347  7.61416006e-05
 39.8085  0.00475488795  0.000870186683  6.26596225e-05
 39.8393  0.00376064966  0.000941836361  5.73029554e-05
 39.8701  0.00349425067  0.00081237848  5.12000653e-05
 39.9009  0.00391304334  0.000779298441  5.48901718e-05
 39.9318  0.00557902899  0.00100628476  7.75277024e-05
 39.9626  0.00983158418  0.00190667135  0.000125839958
 39.9934  0.0183412111  0.00390481423  0.00019894464
 40.0242  0.0299056172  0.0108397213  0.000329910602
 40.055  0.0417948345  0.014660132  0.000406552176
 40.0858  0.0475150994  0.0165720528  0.000467992985
 40.1166  0.0488321559  0.0174855341  0.000504809619
 40.1474  0.0416556244  0.0136564794  0.000431689095
 40.1782  0.0310582166  0.00965334847  0.00034921292
 40.209  0.027551834  0.0101171938  0.00033790815
 40.2398  0.0265816544  0.00949292906  0.00034826004
 40.2706  0.0262236603  0.00805770861  0.000380547076
 40.3015  0.0251737795  0.00669363855  0.000384310769
 40.3323  0.0224805829  0.00641947084  0.00037037867
 40.3631  0.0231504566  0.00641095273  0.000346156364
 40.3939  0.0224628779  0.00545851094  0.000320975738
 40.4247  0.021090519  0.00502867125  0.000336852535
 40.4555  0.0187772712  0.0049205987  0.000346097483
 40.4863  0.0171965128  0.00511387743  0.000304884214
 40.5171  0.0169127896  0.00432631224  0.000285674493
 40.5479  0.0178480325  0.00627622435  0.000310079232
 40.5787  0.017523001  0.00498840654  0.000321854752
 40.6095  0.0186432872  0.0048507549  0.00035138425
 40.6403  0.0203406563  0.00597494815  0.000387615318
 40.6711  0.0210808128  0.00531585557  0.000352894394
 40.702  0.0199653015  0.00475189307  0.000424049179
 40.7328  0.0183718839  0.00509013427  0.000460270322
 40.7636  0.0194519842  0.00591791126  0.000481169158
 40.7944  0.0213507644  0.00624982294  0.00049048462
 40.8252  0.0180233325  0.00435253854  0.000396277074
 40.856  0.0152324678  0.00493782903  0.000449909994
 40.8868  0.0146273992  0.003765526  0.000523528028
 40.9176  0.0125844245  0.00254683198  0.000509191809
 40.9484  0.0124726341  0.00246784343  0.000538250348
 40.9792  0.0118925858  0.00230109832  0.000563451921
 41.01  0.0101101673  0.00163872362  0.000566284184
 41.0408  0.00992671485  0.00158193469  0.000617154931
 41.0716  0.0086604524  0.00128151299  0.000525595741
 41.1025  0.00924064003  0.00145007112  0.000507310708
 41.1333  0.0105011758  0.0018560895  0.000498479375
 41.1641  0.0104295367  0.00192229446  0.000450599312
 41.1949  0.010704416  0.00176422186  0.000435378293
 41.2257  0.0139199645  0.00233670175  0.000400173532
 41.2565  0.0120028308  0.00232067418  0.000358328948
 41.2873  0.010775335  0.00213098617  0.00039148714
 41.3181  0.0114242329  0.00194036062  0.000469585954
 41.3489  0.00958967802  0.00167706086  0.000461176411
 41.3797  0.00840026936  0.00198157487  0.000398694382
 41.4105  0.0085633178  0.00163475412  0.000449120302
 41.4413  0.00762788695  0.00143319143  0.000352981672
 41.4721  0.00726397848  0.00173795332  0.000303387168
 41.503  0.00704718662  0.00217687141  0.000299021348
 41.5338  0.00657883581  0.00146170236  0.000219082877
 41.5646  0.00630728772  0.00150779889  0.00018900491
 41.5954  0.00530573866  0.00131513304  0.000150040005
 41.6262  0.00454471584  0.000929514289  0.000108070805
 41.657  0.00406748084  0.000531000529  7.82267767e-05
 41.6878  0.00406213515  0.000495529926  7.01379331e-05
 41.7186  0.00510175239  0.000436980965  6.33409838e-05
 41.7494  0.00399555601  0.0004240054  6.14715719e-05
 41.7802  0.00325625247  0.000383705365  5.55627636e-05
 41.811  0.00289833849  0.000310072306  5.92135483e-05
 41.8418  0.00289925437  0.000267282748  5.49267397e-05
 41.8726  0.00297808749  0.000249898247  4.93574644e-05
 41.9035  0.00347056619  0.00037972681  5.17798918e-05
 41.9343  0.00285090459  0.000346458621  4.27067331e-05
 41.9651  0.00238408397  0.000301431895  4.27935996e-05
 41.9959  0.00221237384  0.000275713655  3.53384851e-05
 42.0267  0.00240341228  0.000314658953  3.35623107e-05
 42.0575  0.00367401813  0.000355899639  4.18072393e-05
 42.0883  0.00311488031  0.000418730509  4.45884452e-05
 42.1191  0.00287627266  0.000445132847  4.11772406e-05
 42.1499  0.00301942509  0.000472020474  4.30162953e-05
 42.1807  0.00355234433  0.000649233143  5.53157421e-05
 42.2115  0.003806199  0.000891124724  6.34815124e-05
 42.2423  0.00291906164  0.000669928183  5.75739747e-05
 42.2732  0.0025430691  0.000489299824  5.59815596e-05
 42.304  0.00243064848  0.000416605929  5.50122349e-05
 42.3348  0.00267201237  0.000446059814  6.18406462e-05
 42.3656  0.00265900147  0.000375111236  6.71980415e-05
 42.3964  0.00320813259  0.000520218328  8.73941417e-05
 42.4272  0.00393375573  0.000634994444  9.55741474e-05
 42.458  0.00451131731  0.000780856808  0.000108797416
 42.4888  0.00479234043  0.000890055748  0.00011887422
 42.5196  0.00485388374  0.000967741668  0.000128731009
 42.5504  0.00441613721  0.000811089998  0.000149815634
 42.5812  0.00439609714  0.000839936649  0.000200211532
 42.612  0.00465253137  0.00116361853  0.000282230867
 42.6428  0.00342875684  0.000998429994  0.000266337055
 42.6737  0.00194771466  0.000455797937  0.000181912014
 42.7045  0.00140313833  0.000168728125  0.000106150208
 42.7353  0.00118002563  9.32348107e-05  7.32175663e-05
 42.7661  0.001267254  0.000127006973  7.57129313e-05
 42.7969  0.00134570159  0.000195081899  7.91180046e-05
 42.8277  0.00136187203  0.000174684125  7.89926499e-05
 42.8585  0.00149869485  0.000180899864  8.22459492e-05
 42.8893  0.00124790445  8.33777917e-05  4.31967337e-05
 42.9201  0.00113022759  5.10034169e-05  3.56051445e-05
 42.9509  0.00106183743  3.44642473e-05  3.41660147e-05
 42.9817  0.00106872156  2.51387212e-05  3.4212335e-05
 43.0125  0.000954101449  1.73435535e-05  3.20859006e-05
 43.0433  0.00101686272  1.74575423e-05  3.69661765e-05
 43.0742  0.000895074744  1.06550386e-05  3.31596336e-05
 43.105  0.00102136969  1.3388597e-05  4.45591244e-05
 43.1358  0.00100038946  1.30153537e-05  4.46331619e-05
 43.1666  0.00114192351  2.13560767e-05  5.58843765e-05
 43.1974  0.00116318879  2.4734093e-05  5.82653744e-05
 43.2282  0.00137368005  3.42152736e-05  7.45896667e-05
 43.259  0.00137209522  3.33010651e-05  7.77491362e-05
 43.2898  0.00150721705  3.6186168e-05  9.26192683e-05
 43.3206  0.00157313871  3.438922e-05  0.000109212854
 43.3514  0.00183752825  4.6070072e-05  0.000147706942
 43.3822  0.00196244289  6.13315714e-05  0.000185163352
 43.413  0.00194903641  5.44099828e-05  0.000201865953
 43.4438  0.00200858173  7.01946352e-05  0.000212305121
 43.4747  0.00200442663  6.86251267e-05  0.000219626814
 43.5055  0.00197515032  9.99995952e-05  0.000223595281
 43.5363  0.00198062234  0.000142194959  0.00020027009
 43.5671  0.00166736688  0.000147189416  0.000128925095
 43.5979  0.00171465014  0.000295901468  0.000130706912
 43.6287  0.00162363451  0.000134247822  0.000121867108
 43.6595  0.00142894813  0.000106936929  0.000103193013
 43.6903  0.00130822927  0.000117980017  9.33255874e-05
 43.7211  0.00120950806  0.000111793548  9.83515437e-05
 43.7519  0.00140318815  0.000143291291  0.000123944124
 43.7827  0.00110150586  0.00016430322  0.000104618261
 43.8135  0.00102126209  0.000183784727  0.00011850489
 43.8443  0.000832305931  0.000179069184  0.000153465735
 43.8752  0.000749895756  0.000160308273  0.000169962507
 43.906  0.000870621551  0.000216864413  0.00013615893
 43.9368  0.000932790615  0.000209472442  0.000105833342
 43.9676  0.000968623353  0.00022151046  0.000128907507
 43.9984  0.000963867267  0.000108327991  0.000103767555
 44.0292  0.00130800067  0.000101885404  9.1967398e-05
 44.06  0.00110243322  5.87539254e-05  5.75353599e-05
 44.0908  0.00105018839  5.68402304e-05  4.46644374e-05
 44.1216  0.00263423413  0.000298024748  7.23953665e-05
 44.1524  0.0062658315  0.000837377309  0.000145250159
 44.1832  0.0142189107  0.00401302981  0.0005059711
 44.214  0.0271324493  0.0115066045  0.00111682895
 44.2449  0.0487789947  0.0277995464  0.00185842355
 44.2757  0.0792294259  0.0746015229  0.00300051388
 44.3065  0.163803616  0.217894435  0.00721207136
 44.3373  0.143985753  0.186103253  0.0104461621
 44.3681  0.0892354466  0.0849776449  0.0121559913
 44.3989  0.0899318331  0.107585492  0.024584706
 44.4297  0.11444578  0.225745982  0.0641006862
 44.4605  0.105453431  0.173891319  0.0843493211
 44.4913  0.0808791776  0.070406399  0.102326648
 44.5221  0.0612832191  0.0841256584  0.103462221
 44.5529  0.0882063377  0.190053027  0.113612989
 44.5837  0.0103346498  0.0205548955  0.014967278
 44.6145  0.0129493087  0.0534737676  0.0318348292
 44.6454  0.00615358385  0.0267758728  0.0220156995
 44.6762  0.0231688153  0.0292003045  0.0106261964
 44.707  0.00383360934  0.00702672239  0.00423745159
 44.7378  0.00406374861  0.00493098988  0.00451010926
 44.7686  0.00346585108  0.00227294705  0.00199134993
 44.7994  0.00426967871  0.007698373  0.00496046815
 44.8302  0.0058934373  0.00534596367  0.00337236053
 44.861  0.00499830578  0.00118318481  0.00106549902
 44.8918  0.00459857557  0.00104054813  0.000882905874
 44.9226  0.00458252325  0.00107649968  0.00104521058
 44.9534  0.00326431107  0.00123743694  0.00105325228
 44.9842  0.00420924843  0.000808606536  0.000867534323
 45.015  0.00422864841  0.000660707059  0.000754311873
 45.0459  0.00442818115  0.000747452549  0.000820354887
 45.0767  0.00481403799  0.00101732761  0.00102499266
 45.1075  0.00539617197  0.00169582373  0.00148833195
 45.1383  0.00610906184  0.00253117927  0.00221549353
 45.1691  0.00688193781  0.0052002693  0.0043306316
 45.1999  0.00688448465  0.00573847363  0.00410952135
 45.2307  0.00827842411  0.00538462988  0.00275248066
 45.2615  0.0072939337  0.00575211391  0.00200850616
 45.2923  nan  nan  nan
