# X (m) TKE_avg epsilon_turb_pw_avg_Y_avg epsilon_pw_avg_Y_avg
 33.0308  5.67482635e-05  2.96625935e-06  1.56203439e-06
 33.0616  4.54267823e-05  1.85383082e-06  2.99909464e-06
 33.0924  5.68465347e-05  9.00672865e-07  3.71364962e-06
 33.1232  6.90109529e-05  3.74676156e-06  6.35233401e-06
 33.154  9.50799169e-05  1.05747287e-05  1.20336497e-05
 33.1848  0.000134461007  3.2484896e-06  1.93395163e-05
 33.2157  0.000411449024  9.32533784e-05  3.20387829e-05
 33.2465  0.000618687256  0.000118458842  6.42815118e-05
 33.2773  0.00061889293  8.26006527e-05  7.66750142e-05
 33.3081  0.000639985742  6.42593752e-05  8.41226915e-05
 33.3389  0.000514907229  5.52129762e-05  0.000102649268
 33.3697  0.000362321616  2.98329117e-05  8.07739812e-05
 33.4005  0.000257485307  2.0057046e-05  7.4298103e-05
 33.4313  0.000230618959  1.80930187e-05  7.23420309e-05
 33.4621  0.000202392739  1.41224593e-05  5.97646584e-05
 33.4929  0.000215484832  1.33719129e-05  5.60959455e-05
 33.5237  0.00024342017  1.53506011e-05  6.03902964e-05
 33.5545  0.000246491067  1.66523239e-05  4.95877691e-05
 33.5853  0.000333591922  1.9122594e-05  4.72852699e-05
 33.6162  0.000506182513  2.62558813e-05  4.78050648e-05
 33.647  0.000628115518  3.46128046e-05  4.82729337e-05
 33.6778  0.000581477331  3.02102189e-05  4.64121478e-05
 33.7086  0.000460749352  1.99298126e-05  4.93556729e-05
 33.7394  0.000326826656  1.18615695e-05  4.61214258e-05
 33.7702  0.000389627723  1.45455905e-05  4.82621916e-05
 33.801  0.000385651491  1.74953031e-05  3.94371278e-05
 33.8318  0.00038898931  2.04318512e-05  3.08960833e-05
 33.8626  0.000203838385  1.11455122e-05  1.6740109e-05
 33.8934  0.000196778398  8.7621531e-06  1.4361921e-05
 33.9242  0.000143866214  5.3674336e-06  9.70149412e-06
 33.955  0.000153404041  5.4488873e-06  9.69362345e-06
 33.9858  0.000143884322  5.94503599e-06  9.20743979e-06
 34.0167  0.000161436659  8.08287272e-06  1.06342593e-05
 34.0475  0.000155056706  6.06559787e-06  8.18269404e-06
 34.0783  0.000191571594  9.36489092e-06  7.92798613e-06
 34.1091  0.000195963149  1.1262122e-05  7.83925605e-06
 34.1399  0.000195102835  9.90898319e-06  6.4168741e-06
 34.1707  0.000183906819  7.45574268e-06  4.81238922e-06
 34.2015  0.000197630723  8.70646313e-06  5.91775288e-06
 34.2323  0.000210335766  6.49542235e-06  4.21818301e-06
 34.2631  0.000203317992  6.44318389e-06  4.78525229e-06
 34.2939  0.00024295728  1.07062966e-05  9.04658228e-06
 34.3247  0.000280942874  1.33376758e-05  9.78107603e-06
 34.3555  0.000313881495  1.45484482e-05  8.69943922e-06
 34.3863  0.000297521709  1.04173867e-05  6.99593931e-06
 34.4172  0.000275923679  7.65243906e-06  5.15337516e-06
 34.448  0.000247971322  6.23343955e-06  4.0985491e-06
 34.4788  0.000223822525  9.21427616e-06  8.0844428e-06
 34.5096  0.00021297875  1.06042509e-05  9.51126697e-06
 34.5404  0.000217957465  9.25115475e-06  6.32736265e-06
 34.5712  0.000231500577  8.14704977e-06  6.6705752e-06
 34.602  0.000340509863  1.49783789e-05  1.10348579e-05
 34.6328  0.000369832684  1.0858686e-05  7.25826428e-06
 34.6636  0.000345723643  9.51306364e-06  7.71760005e-06
 34.6944  0.000288169849  7.92088717e-06  5.87931765e-06
 34.7252  0.000328171663  1.05173148e-05  9.84958791e-06
 34.756  0.000300785715  1.29619815e-05  1.21070453e-05
 34.7868  0.000302034376  8.5250251e-06  5.9834255e-06
 34.8177  0.000315280021  1.01006098e-05  9.07929801e-06
 34.8485  0.000320568844  9.07296899e-06  8.9054808e-06
 34.8793  0.000292810886  1.11732624e-05  1.67017417e-05
 34.9101  0.000317020153  8.26008172e-06  8.90258786e-06
 34.9409  0.000341042114  5.95189862e-06  4.47286136e-06
 34.9717  0.000364215987  8.07035514e-06  8.78077925e-06
 35.0025  0.000402022402  1.11588656e-05  9.5569544e-06
 35.0333  0.000399988309  1.74656686e-05  1.80354295e-05
 35.0641  0.000363191268  1.33653715e-05  1.14770909e-05
 35.0949  0.000315839032  8.23844294e-06  6.55263066e-06
 35.1257  0.000320083767  6.61374376e-06  4.98389831e-06
 35.1565  0.000339234921  9.88345157e-06  8.47125871e-06
 35.1873  0.000372391529  1.0683443e-05  8.75975949e-06
 35.2182  0.000425347935  6.5801423e-06  5.44786693e-06
 35.249  0.000404932011  1.03078246e-05  1.09130109e-05
 35.2798  0.00037234328  8.3519936e-06  7.48703714e-06
 35.3106  0.000346616224  7.17146274e-06  5.2591103e-06
 35.3414  0.000314786862  8.78081181e-06  6.46737603e-06
 35.3722  0.000281661022  8.8051587e-06  6.11250504e-06
 35.403  0.0002850791  7.80461713e-06  4.29497494e-06
 35.4338  0.0002863165  7.96890541e-06  4.55374519e-06
 35.4646  0.000289474538  8.26644305e-06  4.42987236e-06
 35.4954  0.000293927404  7.83095176e-06  3.63428322e-06
 35.5262  0.000283629585  6.36995433e-06  3.4280785e-06
 35.557  0.000274540291  5.88451406e-06  3.95049313e-06
 35.5878  0.000265232786  6.41942428e-06  4.21695493e-06
 35.6187  0.000229262594  5.97148964e-06  4.35479845e-06
 35.6495  0.000215314954  5.5563243e-06  4.08772625e-06
 35.6803  0.000218886922  5.83033222e-06  4.83123054e-06
 35.7111  0.000232879205  5.44148633e-06  4.61988151e-06
 35.7419  0.000257848066  4.58469952e-06  4.76590139e-06
 35.7727  0.000269479403  5.05100389e-06  5.75108872e-06
 35.8035  0.000272344477  5.84328135e-06  7.01354937e-06
 35.8343  0.000278660408  5.84232232e-06  5.56548725e-06
 35.8651  0.000293829247  6.61772437e-06  6.52582363e-06
 35.8959  0.000330032268  8.0418796e-06  7.98836815e-06
 35.9267  0.0003399185  8.67784249e-06  8.73074188e-06
 35.9575  0.000347640213  1.12044489e-05  1.36426917e-05
 35.9884  0.000352361559  1.01690105e-05  1.00640584e-05
 36.0192  0.000332738685  8.64727712e-06  6.14440488e-06
 36.05  0.000326586842  8.8867409e-06  5.55386804e-06
 36.0808  0.000374521679  9.71734074e-06  5.77947791e-06
 36.1116  0.000403328528  9.91776091e-06  5.85217943e-06
 36.1424  0.000417031357  1.07385017e-05  6.053154e-06
 36.1732  0.000423922941  1.78281533e-05  2.32921201e-05
 36.204  0.000413756207  1.595617e-05  1.4998201e-05
 36.2348  0.00040305001  2.0604881e-05  2.78715509e-05
 36.2656  0.00037908601  1.47529002e-05  1.26376738e-05
 36.2964  0.000340685536  1.55524662e-05  1.28762434e-05
 36.3272  0.00035003749  1.37807747e-05  1.38710774e-05
 36.358  0.000368205781  1.40934818e-05  1.80788009e-05
 36.3889  0.000391213714  1.21225309e-05  8.51974322e-06
 36.4197  0.000353466748  1.61113355e-05  1.30140245e-05
 36.4505  0.0003960885  3.85580945e-05  2.73967134e-05
 36.4813  0.000418079464  4.58088069e-05  4.08339872e-05
 36.5121  0.000454100663  2.64193143e-05  1.48692114e-05
 36.5429  0.00043717257  3.09099053e-05  2.23723364e-05
 36.5737  0.000394504026  2.86751213e-05  2.34045697e-05
 36.6045  0.000361574585  2.46925356e-05  2.75414621e-05
 36.6353  0.000374080884  3.58630109e-05  3.8840174e-05
 36.6661  0.000394794046  2.86581614e-05  2.84021837e-05
 36.6969  0.000446387381  3.00290202e-05  3.44497764e-05
 36.7277  0.000465598953  2.5755507e-05  3.89385869e-05
 36.7585  0.000475003161  2.88947537e-05  3.75600964e-05
 36.7894  0.000449387062  2.60101712e-05  3.84586124e-05
 36.8202  0.000446295488  3.00634293e-05  3.99618792e-05
 36.851  0.00047318389  3.19918521e-05  4.21197552e-05
 36.8818  0.000514399379  2.39423385e-05  3.27550956e-05
 36.9126  0.00057556699  2.44805045e-05  3.77484978e-05
 36.9434  0.000572185759  2.09039744e-05  3.32665878e-05
 36.9742  0.000664910948  2.62327693e-05  3.64199641e-05
 37.005  0.000721925298  3.77236281e-05  4.08285361e-05
 37.0358  0.000681516355  4.09070742e-05  3.97027972e-05
 37.0666  0.000594457667  3.38968536e-05  3.51046943e-05
 37.0974  0.000558472803  2.87916852e-05  3.17378647e-05
 37.1282  0.000561312776  3.17795739e-05  2.93869154e-05
 37.159  0.000588916224  2.82366341e-05  2.90479745e-05
 37.1899  0.000647028507  2.63787293e-05  2.94725102e-05
 37.2207  0.000638528164  2.69462625e-05  2.60553036e-05
 37.2515  0.000613614505  3.42855828e-05  2.60533151e-05
 37.2823  0.000534525428  2.20664506e-05  1.75051833e-05
 37.3131  0.000540210695  2.13396466e-05  1.86174068e-05
 37.3439  0.000531117002  1.81632989e-05  1.822209e-05
 37.3747  0.000541113351  1.47659645e-05  1.53764807e-05
 37.4055  0.000564077262  1.86719938e-05  1.57289489e-05
 37.4363  0.000598705409  3.15734867e-05  1.74617296e-05
 37.4671  0.000590271006  2.57778437e-05  2.28413282e-05
 37.4979  0.000602682774  1.88714981e-05  2.14251979e-05
 37.5287  0.000618802235  1.57784785e-05  2.04687666e-05
 37.5595  0.000621942477  2.05860737e-05  2.72511713e-05
 37.5904  0.00064346378  2.31281897e-05  3.00784355e-05
 37.6212  0.000656030482  2.50214199e-05  3.3302375e-05
 37.652  0.000627376009  2.51943416e-05  3.25126285e-05
 37.6828  0.000629796463  3.45201183e-05  3.35252856e-05
 37.7136  0.000654037097  2.9492686e-05  1.81508125e-05
 37.7444  0.00069174625  3.62999128e-05  2.12190217e-05
 37.7752  0.00071023548  3.25287645e-05  2.09906698e-05
 37.806  0.000735150925  4.67074772e-05  4.3151925e-05
 37.8368  0.000802345154  3.48783447e-05  3.60038839e-05
 37.8676  0.000875569394  2.86924427e-05  2.72098682e-05
 37.8984  0.00088699147  2.66835885e-05  2.0128528e-05
 37.9292  0.000863470315  2.88232074e-05  1.62030528e-05
 37.96  0.000869647939  3.82611065e-05  1.81751861e-05
 37.9909  0.000790014904  4.7435691e-05  2.32236547e-05
 38.0217  0.000724687944  6.35271988e-05  3.65799308e-05
 38.0525  0.000716727659  6.80471627e-05  5.24728115e-05
 38.0833  0.000721971113  2.93294329e-05  2.70488573e-05
 38.1141  0.000617646501  2.66955408e-05  2.51529469e-05
 38.1449  0.000733054826  4.523751e-05  5.03021573e-05
 38.1757  0.000900149562  4.95768475e-05  4.27072843e-05
 38.2065  0.00104715343  5.90663961e-05  4.83299115e-05
 38.2373  0.00110716826  4.22689123e-05  3.0319141e-05
 38.2681  0.00102135294  2.5747495e-05  1.95171286e-05
 38.2989  0.000949521744  3.00052415e-05  1.93648568e-05
 38.3297  0.00101424614  5.04273737e-05  3.2462267e-05
 38.3605  0.00112568337  4.83792853e-05  3.32320542e-05
 38.3914  0.00121023021  4.46280816e-05  2.66509332e-05
 38.4222  0.0012753052  4.5499877e-05  2.76474052e-05
 38.453  0.00157094907  5.27820931e-05  3.28791838e-05
 38.4838  0.0021298958  8.11336003e-05  4.53806678e-05
 38.5146  0.00280927769  0.000139335595  6.37191289e-05
 38.5454  0.00392219327  0.000231463701  9.81326021e-05
 38.5762  0.00502354128  0.00030722901  0.000155279717
 38.607  0.00598642153  0.000354102575  0.000220787588
 38.6378  0.00661235835  0.000753321569  0.000343686762
 38.6686  0.00698655853  0.00164532485  0.00055539105
 38.6994  0.00790054627  0.000677336205  0.000331959307
 38.7302  0.00935956755  0.00109759622  0.000808114524
 38.761  0.0104905402  0.000873542892  0.000311226124
 38.7919  0.00926653394  0.00106964628  0.000517302192
 38.8227  0.00918248788  0.00136387126  0.000596176042
 38.8535  0.00826061649  0.00117861292  0.000404585437
 38.8843  0.00848866893  0.000940259862  0.000285521824
 38.9151  0.00949714725  0.000841919686  0.000178965251
 38.9459  0.0106310775  0.00111050027  0.000246305526
 38.9767  0.0117447989  0.00140103141  0.00049298521
 39.0075  0.0113922731  0.00116568035  0.000346966381
 39.0383  0.0110887981  0.00121870797  0.00047214349
 39.0691  0.0113968552  0.00128448562  0.000275196124
 39.0999  0.0128778443  0.00177633241  0.00031474602
 39.1307  0.0154246123  0.00254010612  0.000387144498
 39.1615  0.0168480158  0.00275955031  0.000340703706
 39.1924  0.020042216  0.00349935238  0.000355397216
 39.2232  0.023890318  0.003866109  0.000376509016
 39.254  0.0268820339  0.00469440558  0.000508608053
 39.2848  0.0288683368  0.00555022206  0.000373707896
 39.3156  0.0311714133  0.00582950509  0.000385079782
 39.3464  0.0298893109  0.0059589409  0.000416341041
 39.3772  0.0297549238  0.00587951619  0.000428818987
 39.408  0.0295151382  0.00642059692  0.000421544759
 39.4388  0.0305443883  0.00760825359  0.000457074401
 39.4696  0.0358457796  0.00930703012  0.000539148007
 39.5004  0.0320846646  0.00798914558  0.000453133929
 39.5312  0.028340846  0.00717587262  0.000371458041
 39.562  0.0271794206  0.00738948801  0.000378154645
 39.5929  0.024577708  0.00684788533  0.000362590007
 39.6237  0.0192330766  0.00517099979  0.000252447538
 39.6545  0.0153691677  0.00428259265  0.000199223283
 39.6853  0.0111806162  0.00254084182  0.000128998485
 39.7161  0.00720417137  0.00137789028  8.83750179e-05
 39.7469  0.00473354398  0.000823232855  6.07796988e-05
 39.7777  0.0035638356  0.000505988968  4.11161703e-05
 39.8085  0.00320128764  0.000314079208  3.91982475e-05
 39.8393  0.00396957739  0.000542014736  5.52964279e-05
 39.8701  0.00525388996  0.000796743858  6.85279393e-05
 39.9009  0.00779370998  0.00123711353  9.09821901e-05
 39.9317  0.01221178  0.00192928865  0.000122291002
 39.9625  0.0186034457  0.00270175278  0.000155386788
 39.9934  0.0256595698  0.00311583226  0.000188765199
 40.0242  0.0211372562  0.00338515733  0.000192864225
 40.055  0.0177778714  0.00261540099  0.000168184182
 40.0858  0.0163355946  0.00204253211  0.000152539074
 40.1166  0.0168401811  0.00181572343  0.000151602411
 40.1474  0.018539381  0.00178049684  0.000167476677
 40.1782  0.0185924918  0.00235193731  0.000198204897
 40.209  0.018240984  0.00240107553  0.00020479791
 40.2398  0.0187173833  0.00265987047  0.000211947242
 40.2706  0.0179825154  0.0025956843  0.00021623533
 40.3014  0.0164528645  0.00221290213  0.000189464867
 40.3322  0.0156295229  0.00183342976  0.00016028307
 40.363  0.0151630516  0.00170759109  0.000155695736
 40.3939  0.0153779506  0.00164597746  0.000155166744
 40.4247  0.0158224518  0.00177978543  0.00016061457
 40.4555  0.0166272876  0.00198351414  0.000165481242
 40.4863  0.0179197244  0.00215281456  0.000173898861
 40.5171  0.0213376422  0.0028502545  0.000189176685
 40.5479  0.0204788266  0.00259241417  0.000187358739
 40.5787  0.018569728  0.00226125436  0.000186803676
 40.6095  0.01674167  0.00201174784  0.000166216597
 40.6403  0.0155160573  0.00196263807  0.00014973859
 40.6711  0.0147779831  0.00186441159  0.000152328887
 40.7019  0.0137514121  0.00158956877  0.000151968135
 40.7327  0.0132946894  0.00161849548  0.000173246975
 40.7635  0.0139014313  0.00191571785  0.000201443929
 40.7944  0.014905463  0.00255430698  0.000249459716
 40.8252  0.014885792  0.00288322754  0.000263360681
 40.856  0.0148854942  0.0024281328  0.000263960479
 40.8868  0.014529835  0.00339537204  0.000277002397
 40.9176  0.0134705681  0.00355855174  0.00026488007
 40.9484  0.0127080593  0.00406043978  0.00026603459
 40.9792  0.0117811578  0.00406013042  0.000258948594
 41.01  0.00895228409  0.00153225801  0.000168521028
 41.0408  0.00892104107  0.000766697751  0.000123374804
 41.0716  0.00886576835  0.000640172705  0.000114621584
 41.1024  0.00862872548  0.000615275505  0.000159385383
 41.1332  0.00895287882  0.000577327294  9.93296532e-05
 41.164  0.00985910705  0.000717047447  0.000155337745
 41.1949  0.00976820076  0.000852123032  0.000170474463
 41.2257  0.00878323981  0.000745969581  0.000138183137
 41.2565  0.00745077013  0.000602324669  9.39837488e-05
 41.2873  0.00626332209  0.00050199088  0.000114105382
 41.3181  0.00548123906  0.000459420568  0.000138418417
 41.3489  0.00529629742  0.000474146766  8.7862137e-05
 41.3797  0.00567686531  0.000480173693  0.000121575758
 41.4105  0.00665112353  0.000600699522  0.000201558202
 41.4413  0.00719664643  0.000616154136  0.000149207082
 41.4721  0.00691532945  0.00056999725  0.000152432397
 41.5029  0.00630640718  0.000479533072  0.000141667114
 41.5337  0.00567030228  0.000457554122  0.0001054788
 41.5646  0.00516509938  0.000453471208  9.34837386e-05
 41.5954  0.0046826742  0.000405211899  0.000105377345
 41.6262  0.00456501233  0.000356859359  9.32978284e-05
 41.657  0.00439307535  0.000354409419  0.000100354238
 41.6878  0.00372520084  0.000312853729  7.67415351e-05
 41.7186  0.00351918747  0.000237594382  6.5792883e-05
 41.7494  0.00354034631  0.00019431011  6.52941083e-05
 41.7802  0.00316201202  0.000167173836  4.89481307e-05
 41.811  0.00272779165  0.000161016117  5.79564217e-05
 41.8418  0.00269564502  0.000169931663  5.36590965e-05
 41.8726  0.00303525868  0.000233937585  6.11599841e-05
 41.9034  0.00350107483  0.000239445884  5.97584907e-05
 41.9342  0.00382279239  0.000251935305  6.2254218e-05
 41.9651  0.00424535211  0.000362609948  6.87415163e-05
 41.9959  0.00470902113  0.00044667685  8.06081786e-05
 42.0267  0.00521880214  0.000381366506  7.40046434e-05
 42.0575  0.00520323218  0.000381198611  6.48536414e-05
 42.0883  0.00505327612  0.000485287806  6.41604619e-05
 42.1191  0.00476026397  0.000550029279  6.65242841e-05
 42.1499  0.00439792809  0.000517190494  6.21421585e-05
 42.1807  0.004087192  0.000469199548  5.93690678e-05
 42.2115  0.00367034204  0.000453444221  5.57675835e-05
 42.2423  0.00333998166  0.000395429865  4.95989187e-05
 42.2731  0.00313061773  0.000323858642  4.29183026e-05
 42.3039  0.00292669313  0.000287114255  4.19748751e-05
 42.3347  0.0033137343  0.000346781143  4.47880142e-05
 42.3656  0.00457222083  0.000517809088  5.205981e-05
 42.3964  0.00470104615  0.000483203036  5.09364157e-05
 42.4272  0.00409658321  0.000463282242  4.97111101e-05
 42.458  0.00380494842  0.000484865329  4.97088574e-05
 42.4888  0.00380766398  0.00045793957  4.82474432e-05
 42.5196  0.00410304259  0.000418194369  4.65356034e-05
 42.5504  0.00440921758  0.000435739102  4.70585336e-05
 42.5812  0.00555350734  0.000552156666  6.27552022e-05
 42.612  0.00532283586  0.000736548274  7.01465977e-05
 42.6428  0.00508972595  0.00084590808  7.49070596e-05
 42.6736  0.00481986163  0.000726398121  6.76955488e-05
 42.7044  0.00473520198  0.000653578719  6.6182961e-05
 42.7352  0.00415355993  0.000634953085  5.50432918e-05
 42.7661  0.00404384077  0.000637784925  5.91064015e-05
 42.7969  0.00412962042  0.000593435361  6.09697246e-05
 42.8277  0.00412272395  0.000533490648  6.22591286e-05
 42.8585  0.00405373027  0.000461018137  6.19787695e-05
 42.8893  0.0045684583  0.000544784102  7.08740635e-05
 42.9201  0.00451036146  0.000595742562  8.02035836e-05
 42.9509  0.00468498521  0.000757691973  7.57872709e-05
 42.9817  0.00470673965  0.000737701573  7.79565954e-05
 43.0125  0.00459241008  0.000666034247  8.33378216e-05
 43.0433  0.00444404541  0.000690106296  8.20299949e-05
 43.0741  0.00512342743  0.000797779264  9.44906283e-05
 43.1049  0.00655014471  0.00130122287  0.000109739992
 43.1357  0.00708787504  0.00164770454  0.000127474076
 43.1666  0.00631091377  0.00149289707  0.00012718652
 43.1974  0.00525639607  0.000967363622  0.000121499425
 43.2282  0.00649152111  0.000904402061  0.000159496095
 43.259  0.00729335931  0.00119634797  0.000228496099
 43.2898  0.00727021371  0.00105836998  0.000306876439
 43.3206  0.00696584649  0.00105329516  0.000368268431
 43.3514  0.00751357149  0.0012132715  0.000372682702
 43.3822  0.00940410577  0.00119165653  0.000483235157
 43.413  0.00837626564  0.0017179509  0.000574888755
 43.4438  0.00560186441  0.00115048363  0.000274693315
 43.4746  0.0039159704  0.000596198735  0.000229474126
 43.5054  0.00333964347  0.000377401449  0.000211331981
 43.5362  0.00328318104  0.000492288162  0.000218395248
 43.5671  0.003480761  0.000470406757  0.000220770474
 43.5979  0.00319934366  0.000223257927  0.000215087578
 43.6287  0.00309335491  0.000172398741  0.000215645105
 43.6595  0.00276981933  0.000112166389  0.000185802436
 43.6903  0.00273657448  8.27383777e-05  0.000151445675
 43.7211  0.00283158314  0.000103419002  0.000164627785
 43.7519  0.00302462707  0.000124612331  0.000168240266
 43.7827  0.00323466449  0.000149923887  0.000159889674
 43.8135  0.00334108291  0.000157856961  0.000156342533
 43.8443  0.00306834125  0.000143437569  0.000148984508
 43.8751  0.002780435  0.000121494228  0.000145719043
 43.9059  0.00276793034  0.000102222635  0.000138039714
 43.9367  0.00306898025  0.000134669329  0.000150049817
 43.9676  0.00306343746  0.000168042392  0.000147578821
 43.9984  0.00299313368  0.000144429056  0.000150206959
 44.0292  0.00313297222  0.000126809017  0.00016269625
 44.06  0.00338093032  0.000140800743  0.000167129094
 44.0908  0.00360528833  0.000148304268  0.000177209788
 44.1216  0.00342677449  0.000143058071  0.000168158828
 44.1524  0.00349926185  0.000164408824  0.000164674819
 44.1832  0.00373869208  0.000163221556  0.000164091344
 44.214  0.0038919436  0.000160774298  0.000158720316
 44.2448  0.00410817586  0.000196994227  0.000153457278
 44.2756  0.00430579949  0.000225133072  0.000132713066
 44.3064  0.00472791089  0.000296019003  0.000161638128
 44.3372  0.00499070059  0.000378600995  0.000126020228
 44.3681  0.00567461219  0.000566762425  0.000114297284
 44.3989  0.0064061513  0.00068888397  0.000108525023
 44.4297  0.00710764423  0.000608986034  0.000134452838
 44.4605  0.00649730473  0.000760642604  0.000134348717
 44.4913  0.00677320856  0.00100412314  0.000156384486
 44.5221  0.00753219759  0.00124662129  0.000191467153
 44.5529  0.00928529078  0.00165722385  0.00022533186
 44.5837  0.0107999025  0.00191609514  0.00033007802
 44.6145  0.0116090979  0.00315462106  0.000362611866
 44.6453  0.0145767898  0.00397063189  0.000416675989
 44.6761  0.0187213758  0.00573536102  0.000655393954
 44.7069  0.0227717196  0.00689863224  0.000905781852
 44.7377  0.0238318165  0.00687121997  0.000992081624
 44.7686  0.02358653  0.00614453364  0.000832836399
 44.7994  0.0263940213  0.00667354376  0.00101974083
 44.8302  0.0266048286  0.00699154315  0.000841721174
 44.861  0.0268826945  0.00755199117  0.000999524362
 44.8918  0.0265663092  0.00772105738  0.00113728048
 44.9226  0.0241924723  0.00652266223  0.00141985024
 44.9534  0.0226878404  0.00684389551  0.00319740801
 44.9842  0.022577394  0.00632145803  0.0048956065
 45.015  0.0194258149  0.00521225455  0.00596028758
 45.0458  0.0178007623  0.00496140296  0.00620178954
 45.0766  0.0157036222  0.00517739538  0.00571044262
 45.1074  0.0106483251  0.00454167481  0.00508790568
 45.1382  0.011887326  0.00425967409  0.00523483488
 45.1691  0.0134224691  0.00461794914  0.00633982252
 45.1999  0.0147880848  0.00641782332  0.00923214983
 45.2307  0.02093555  0.00883760409  0.0162245243
 45.2615  0.0174382562  0.00505674675  0.0158603582
 45.2923  nan  nan  nan
