# X (m) TKE_avg epsilon_turb_pw_avg_Y_avg epsilon_pw_avg_Y_avg
 33.0307  3.1807398e-05  1.32183443e-06  2.06049459e-06
 33.0615  3.52118904e-05  1.20058663e-06  2.2446251e-06
 33.0922  4.93881866e-05  1.07767785e-06  3.51335642e-06
 33.123  4.36833664e-05  8.80686734e-07  5.97157701e-06
 33.1537  3.86935873e-05  1.63819271e-06  1.31941621e-05
 33.1845  4.62219512e-05  3.90329374e-06  3.19609102e-05
 33.2152  8.03832225e-05  8.79853096e-06  2.24763989e-05
 33.246  0.00027102205  6.58981696e-05  6.15894719e-05
 33.2767  0.000294508514  7.05144827e-05  6.95769244e-05
 33.3075  0.000265014548  3.84104543e-05  5.04689003e-05
 33.3382  0.000237286754  1.31522888e-05  4.028834e-05
 33.369  0.000215202839  1.77672564e-05  3.31760842e-05
 33.3997  0.00018749631  1.29333657e-05  2.94470123e-05
 33.4305  0.000152885309  9.3610225e-06  2.81494831e-05
 33.4612  0.000145846601  1.02575906e-05  3.09534521e-05
 33.492  0.00017861635  1.48232629e-05  3.20628322e-05
 33.5227  0.000302393627  2.65890761e-05  3.45947811e-05
 33.5535  0.000280627627  3.16709389e-05  3.08613697e-05
 33.5842  0.00031895056  3.28300313e-05  3.7964981e-05
 33.615  0.000563456881  4.71573288e-05  4.98379822e-05
 33.6457  0.000562633803  4.79123344e-05  4.42075212e-05
 33.6765  0.000426941828  3.49411389e-05  3.2625281e-05
 33.7072  0.000175887778  2.09458588e-05  1.47834446e-05
 33.738  0.000148009333  1.44080628e-05  1.28671324e-05
 33.7687  0.000119460175  8.43465513e-06  6.8625588e-06
 33.7995  0.000114006654  1.03282716e-05  7.61553071e-06
 33.8302  9.14277406e-05  6.45927419e-06  5.08197985e-06
 33.861  0.000120866334  7.21015104e-06  6.84030806e-06
 33.8917  0.000109981239  5.00056069e-06  3.77009421e-06
 33.9225  0.00011670388  8.02887168e-06  7.30129397e-06
 33.9532  0.000122461747  8.16695364e-06  6.63868927e-06
 33.984  0.000119983138  1.00918219e-05  7.19911613e-06
 34.0147  0.00014759501  6.61520018e-06  7.41106458e-06
 34.0455  0.000146415497  3.96519923e-06  4.35583233e-06
 34.0762  0.000136602558  7.05518729e-06  8.93772272e-06
 34.1069  0.000133515386  3.66766017e-06  6.53648074e-06
 34.1377  0.00015296896  5.90480979e-06  9.76163478e-06
 34.1684  0.000153801246  5.93506047e-06  9.25709828e-06
 34.1992  0.000137404773  5.80272703e-06  9.34543463e-06
 34.2299  0.000157588144  6.58881741e-06  6.48135818e-06
 34.2607  0.000201052157  9.17475575e-06  9.31962804e-06
 34.2914  0.000231028996  7.55600346e-06  8.55752059e-06
 34.3222  0.000231063615  4.8607721e-06  7.05865817e-06
 34.3529  0.000217355437  6.24956831e-06  8.19002573e-06
 34.3837  0.000222787751  5.64550552e-06  6.38103289e-06
 34.4144  0.000200153138  3.49235862e-06  6.25771562e-06
 34.4452  0.000190754547  2.89732983e-06  7.60789092e-06
 34.4759  0.000208687507  5.53250069e-06  9.30941487e-06
 34.5067  0.000227813516  8.50198715e-06  9.53123272e-06
 34.5374  0.000188350215  4.77017047e-06  6.83636253e-06
 34.5682  0.000185051055  3.09394777e-06  6.83204658e-06
 34.5989  0.00017670233  2.62998665e-06  6.49440232e-06
 34.6297  0.000160253248  2.11486356e-06  6.13003555e-06
 34.6604  0.000154335769  2.14127227e-06  6.78915211e-06
 34.6912  0.000140318034  3.00850332e-06  7.55161839e-06
 34.7219  0.00012977067  2.18210904e-06  6.16242077e-06
 34.7527  0.000118567315  2.21466396e-06  6.87403491e-06
 34.7834  0.000111315549  2.55887917e-06  8.49806194e-06
 34.8142  0.000102078254  1.83953659e-06  7.15402956e-06
 34.8449  0.000104857634  1.21363657e-06  6.05277503e-06
 34.8757  0.000111734569  2.14383228e-06  7.73268673e-06
 34.9064  0.000119061006  2.76940535e-06  8.76562005e-06
 34.9372  0.000126816892  3.64911092e-06  1.1175544e-05
 34.9679  0.000133245037  2.10813026e-06  9.13357575e-06
 34.9987  0.000127841311  2.26422538e-06  9.00296884e-06
 35.0294  0.000117720409  3.71889959e-06  1.09387945e-05
 35.0602  0.000115060411  4.36980915e-06  1.18088762e-05
 35.0909  0.00011212519  7.47484408e-06  1.92058119e-05
 35.1217  0.000117748434  4.85649706e-06  1.34933942e-05
 35.1524  0.000129905008  6.03239734e-06  1.3416276e-05
 35.1831  0.000122460274  1.70991848e-05  2.86209174e-05
 35.2139  0.000118561357  8.60338395e-06  2.04177386e-05
 35.2446  0.000114126807  3.86268189e-06  1.69045788e-05
 35.2754  0.00010267208  7.86439358e-06  3.0124391e-05
 35.3061  0.000116214364  8.16327815e-06  2.65663041e-05
 35.3369  9.13633298e-05  4.87504621e-06  1.86346982e-05
 35.3676  9.92365694e-05  1.146189e-05  3.89073997e-05
 35.3984  7.32452005e-05  8.97848425e-06  3.22019792e-05
 35.4291  7.46302271e-05  4.90252568e-06  2.3011328e-05
 35.4599  7.42589524e-05  1.24353513e-05  4.01387039e-05
 35.4906  7.40663644e-05  1.22785631e-05  3.93714222e-05
 35.5214  9.89632271e-05  1.0543022e-05  4.23657513e-05
 35.5521  8.99426979e-05  6.16374006e-06  3.30843539e-05
 35.5829  0.000100280646  7.22505657e-06  3.90364931e-05
 35.6136  9.45237662e-05  1.51447354e-05  4.93125092e-05
 35.6444  0.00011178871  2.62979339e-05  7.15682414e-05
 35.6751  0.000132105135  1.32578629e-05  6.10538439e-05
 35.7059  0.000165013527  2.01751698e-05  6.17833766e-05
 35.7366  0.000174946216  1.28363977e-05  6.24368961e-05
 35.7674  0.000181595609  1.55798916e-05  7.48051752e-05
 35.7981  0.000205149468  1.37936666e-05  6.5562112e-05
 35.8289  0.00022339618  1.20484528e-05  5.81859074e-05
 35.8596  0.000230331467  1.22518245e-05  5.96394597e-05
 35.8904  0.000174867675  2.08649682e-05  8.38197254e-05
 35.9211  0.000200397176  1.82656795e-05  9.46902208e-05
 35.9519  0.000170294479  1.28837271e-05  8.8320008e-05
 35.9826  0.000151231608  9.5563824e-06  7.90528424e-05
 36.0134  0.000147892245  8.9564191e-06  6.9621458e-05
 36.0441  0.000189340744  9.14751943e-06  6.65534081e-05
 36.0749  0.00021018583  9.32999723e-06  6.4070408e-05
 36.1056  0.000260296822  9.04461422e-06  6.69191974e-05
 36.1364  0.00023279793  7.95622533e-06  6.03972274e-05
 36.1671  0.000209334286  7.86462468e-06  5.81740654e-05
 36.1979  0.00015299218  8.6910296e-06  6.17088399e-05
 36.2286  0.000153531918  9.65666142e-06  7.29789027e-05
 36.2593  0.000160886659  8.72731571e-06  5.86993011e-05
 36.2901  0.000231561883  8.65657751e-06  6.13198083e-05
 36.3208  0.000182373677  5.97422088e-06  5.33486756e-05
 36.3516  0.000119987174  5.33995084e-06  5.10727558e-05
 36.3823  0.000131832946  9.57964323e-06  5.61211284e-05
 36.4131  0.000186575196  9.73636887e-06  5.35512225e-05
 36.4438  0.000203255616  8.49905926e-06  4.51682696e-05
 36.4746  0.000192904916  9.18959079e-06  4.2809094e-05
 36.5053  0.000146024547  8.24069401e-06  3.57467703e-05
 36.5361  0.000178607191  7.99109374e-06  3.67983398e-05
 36.5668  0.000156756607  6.94286788e-06  2.93904505e-05
 36.5976  0.000144370567  5.82582415e-06  2.10609181e-05
 36.6283  0.000111972866  6.63303159e-06  1.77185031e-05
 36.6591  0.000115125443  6.09175932e-06  1.64320564e-05
 36.6898  0.000106770111  6.01839135e-06  1.51220633e-05
 36.7206  0.000122196249  6.73053269e-06  1.6999757e-05
 36.7513  0.000118762882  7.92406146e-06  1.2551078e-05
 36.7821  0.000125766949  8.23459333e-06  1.20183139e-05
 36.8128  0.000130561912  7.09908935e-06  9.49724677e-06
 36.8436  0.000134645444  1.21686452e-05  1.48339589e-05
 36.8743  0.000148680152  5.22414307e-06  7.68402484e-06
 36.9051  0.000184809313  1.38381006e-05  1.90196626e-05
 36.9358  0.000187359738  6.87641664e-06  1.20474483e-05
 36.9666  0.000202762634  4.09857899e-06  7.5711232e-06
 36.9973  0.000220437887  1.17528606e-05  1.5748912e-05
 37.0281  0.000229978286  1.27851396e-05  1.67246837e-05
 37.0588  0.000236557159  6.49072736e-06  9.5417191e-06
 37.0896  0.000236982267  5.19006746e-06  8.51222738e-06
 37.1203  0.000220720614  6.71269304e-06  9.83022795e-06
 37.1511  0.000217093172  5.90586613e-06  9.7988992e-06
 37.1818  0.000214735271  4.05349882e-06  8.80276235e-06
 37.2126  0.000216847384  5.07421399e-06  1.02175823e-05
 37.2433  0.000216307395  5.78144894e-06  1.05110961e-05
 37.2741  0.000216100093  7.78251236e-06  1.34039625e-05
 37.3048  0.000233363533  1.11620284e-05  1.81640838e-05
 37.3356  0.000264415455  1.81701561e-05  2.55813919e-05
 37.3663  0.000308552468  7.21598688e-06  1.52735321e-05
 37.397  0.000357637211  5.5581871e-06  1.12643454e-05
 37.4278  0.000322966164  4.29635718e-06  1.16893396e-05
 37.4585  0.000318056227  1.03362258e-05  1.63944073e-05
 37.4893  0.000292315581  6.91215048e-06  1.37593157e-05
 37.52  0.000267702019  3.6467556e-06  1.08925371e-05
 37.5508  0.000222060302  3.63814e-06  1.15177856e-05
 37.5815  0.000205635104  4.885934e-06  9.96722897e-06
 37.6123  0.000182927188  2.94321091e-06  1.05869727e-05
 37.643  0.000173352166  2.60840409e-06  1.05540987e-05
 37.6738  0.000156664909  1.80470955e-06  1.00652848e-05
 37.7045  0.00014282761  2.48110179e-06  1.00903566e-05
 37.7353  0.000143066065  6.29094345e-06  1.37114898e-05
 37.766  0.000131503588  1.40663067e-06  8.93083083e-06
 37.7968  0.00013004054  2.7149333e-06  1.36756609e-05
 37.8275  0.000132641479  5.2315287e-06  1.84888929e-05
 37.8583  0.000130819604  7.59365731e-06  2.2522579e-05
 37.889  0.000124881167  1.01604531e-05  2.54964505e-05
 37.9198  0.000114382772  1.21022102e-05  2.64341359e-05
 37.9505  0.000105311024  1.42923675e-05  2.74174053e-05
 37.9813  0.000118011171  1.80694516e-05  3.15672734e-05
 38.012  0.000138744262  2.42199204e-05  3.89506407e-05
 38.0428  0.00013797745  3.13155637e-05  4.7518318e-05
 38.0735  0.000142678554  1.36518575e-05  2.67711627e-05
 38.1043  0.00016187242  7.17070421e-06  1.82441494e-05
 38.135  0.000170226598  3.08173211e-05  4.27679906e-05
 38.1658  0.000201871943  3.61343737e-05  5.06986112e-05
 38.1965  0.000217524284  4.03435982e-05  6.9222266e-05
 38.2273  0.000219102954  2.04828086e-05  5.56393439e-05
 38.258  0.000246008091  5.2255681e-05  9.1955222e-05
 38.2888  0.000303650153  3.33264969e-05  8.76554708e-05
 38.3195  0.000240541727  1.3684369e-05  7.32805202e-05
 38.3503  0.000296055327  3.31048757e-05  0.000133904327
 38.381  0.0003001666  4.44300304e-05  0.000132689019
 38.4118  0.000294192777  7.91958759e-05  0.000166128265
 38.4425  0.000323348958  0.000106641929  0.000201463039
 38.4732  0.000324284415  0.000101180209  0.000198965328
 38.504  0.00036138845  7.60168539e-05  0.000179809019
 38.5347  0.000335594938  6.10381908e-05  0.000164088111
 38.5655  0.000421041456  9.76524952e-05  0.000238237472
 38.5962  0.000430634093  9.93624905e-05  0.000270448455
 38.627  0.000322154217  0.000147256703  0.000249494933
 38.6577  0.000279800021  9.76849806e-05  0.000224226016
 38.6885  0.000310664658  3.68129145e-05  0.000168187775
 38.7192  0.000395406019  5.25618331e-05  0.000177080047
 38.75  0.000344549676  9.2387139e-05  0.000219443889
 38.7807  0.000349451127  4.71458684e-05  0.000164460591
 38.8115  0.000395663952  5.6499331e-05  0.000138781701
 38.8422  0.00041696663  4.48114432e-05  9.85048729e-05
 38.873  0.00086073043  4.89644085e-05  9.60968999e-05
 38.9037  0.000821248664  3.79259351e-05  7.09509739e-05
 38.9345  0.000668365336  3.41694919e-05  5.82350918e-05
 38.9652  0.000488648488  2.49847519e-05  5.16024902e-05
 38.996  0.000357464694  2.03295621e-05  4.3980967e-05
 39.0267  0.000191668522  1.67177883e-05  3.25016687e-05
 39.0575  0.000134207146  1.88213559e-05  3.06227159e-05
 39.0882  0.000104876212  1.61970991e-05  2.63174194e-05
 39.119  8.24150306e-05  1.23020767e-05  2.07260074e-05
 39.1497  0.000118733522  2.62506936e-05  2.89378396e-05
 39.1805  0.000209154356  4.6694864e-05  3.92084443e-05
 39.2112  0.000209604508  4.82851539e-05  4.47315749e-05
 39.242  0.000189130208  3.70216136e-05  4.0884249e-05
 39.2727  0.000174501994  1.63102965e-05  2.32241105e-05
 39.3035  0.000165269457  6.13027599e-06  2.12023297e-05
 39.3342  0.000183601411  3.15914266e-05  6.30685755e-05
 39.365  0.000253258271  0.00014539908  0.000221386428
 39.3957  0.000572669974  0.000447275502  0.000572492114
 39.4265  0.00139366069  0.000351484653  0.00077835099
 39.4572  0.000969575004  0.000227846714  0.000395340828
 39.488  0.00182873522  0.000817386646  0.000329532318
 39.5187  0.00339033425  0.00451471097  0.000259363039
 39.5494  0.00655014567  0.0100308892  0.00048610509
 39.5802  0.0147232841  0.0094371654  0.00128338289
 39.6109  0.0112143069  0.00627802615  0.000831787734
 39.6417  0.00775123214  0.00563475538  0.000565202079
 39.6724  0.00716170991  0.00378249487  0.000346067482
 39.7032  0.00895322437  0.00257094128  0.000213029456
 39.7339  0.0133598708  0.00434920407  0.000320816018
 39.7647  0.0185046385  0.00929708546  0.000400134022
 39.7954  0.00999817498  0.00518917723  0.000276830455
 39.8262  0.00647959694  0.00335663032  0.000198040208
 39.8569  0.00782750859  0.00367371591  0.000188409357
 39.8877  0.0117268295  0.00434044696  0.000200625867
 39.9184  0.0157926644  0.00528844199  0.000274780252
 39.9492  0.0104115789  0.00372954204  0.000264919936
 39.9799  0.00874466721  0.00426823827  0.000306844958
 40.0107  0.00651786308  0.00285862898  0.000226591336
 40.0414  0.00463046678  0.00111335287  0.000134920528
 40.0722  0.00422353925  0.000848071454  0.000162893372
 40.1029  0.00390177984  0.00122301254  0.000209788784
 40.1337  0.00365472574  0.000843360959  0.000197597998
 40.1644  0.0037899958  0.000728718572  0.00019576894
 40.1952  0.00392072528  0.000691870903  0.000199711218
 40.2259  0.00348881095  0.000559078151  0.000197556273
 40.2567  0.00258939177  0.000668091645  0.000196402883
 40.2874  0.00250085921  0.000833948299  0.000204849027
 40.3182  0.0019277068  0.000863948401  0.000196218745
 40.3489  0.00230902234  0.00118654683  0.000226100099
 40.3797  0.00162814317  0.000756557015  0.000112960226
 40.4104  0.00107921542  0.000280761483  3.90233103e-05
 40.4412  0.00112637539  0.00010783959  3.48928992e-05
 40.4719  0.000921148693  6.83187222e-05  2.05927454e-05
 40.5027  0.00097076014  5.73130623e-05  1.47710367e-05
 40.5334  0.00120562868  7.34749785e-05  1.96288951e-05
 40.5642  0.00146813302  0.000118681861  3.17481403e-05
 40.5949  0.0016039602  0.000168492028  2.39380134e-05
 40.6256  0.0011391539  0.000100116256  1.75442515e-05
 40.6564  0.00103510464  8.75013395e-05  1.69731703e-05
 40.6871  0.00100535665  8.6407869e-05  1.80623038e-05
 40.7179  0.00104275906  8.85937792e-05  2.14467436e-05
 40.7486  0.00100536294  6.22098769e-05  2.14889326e-05
 40.7794  0.00120767465  6.82796967e-05  2.04534955e-05
 40.8101  0.00117702322  6.89911351e-05  2.63807243e-05
 40.8409  0.00117199652  7.45256929e-05  2.59295447e-05
 40.8716  0.00119661093  7.40919093e-05  3.48208988e-05
 40.9024  0.00119951421  4.69743283e-05  2.82002835e-05
 40.9331  0.00114563048  3.91999282e-05  2.83906782e-05
 40.9639  0.00117298514  4.67423598e-05  3.46737077e-05
 40.9946  0.00125053517  4.93805887e-05  4.77501622e-05
 41.0254  0.00122138725  4.99690374e-05  5.36655639e-05
 41.0561  0.00119925367  4.87838162e-05  5.97612514e-05
 41.0869  0.00118250788  3.34512758e-05  7.18725461e-05
 41.1176  0.00112380408  3.17038576e-05  7.54647289e-05
 41.1484  0.00111995092  3.00567714e-05  8.04337609e-05
 41.1791  0.0010482901  2.82676669e-05  9.00919878e-05
 41.2099  0.00100720526  2.57585668e-05  9.72788785e-05
 41.2406  0.00105673254  2.98610868e-05  0.000115449208
 41.2714  0.00106101648  2.84310887e-05  0.000132294045
 41.3021  0.00109716928  3.31533316e-05  0.000141367238
 41.3329  0.0010535922  5.57540693e-05  0.000125613982
 41.3636  0.000915937481  5.20720474e-05  0.000101453163
 41.3944  0.000764491589  3.63229085e-05  8.30424119e-05
 41.4251  0.000724773244  3.31585938e-05  7.89793565e-05
 41.4559  0.000750190361  3.35786714e-05  7.72168866e-05
 41.4866  0.000799116521  3.90512576e-05  7.69469144e-05
 41.5174  0.000801798507  4.7904692e-05  7.17044288e-05
 41.5481  0.000708575688  4.48790786e-05  6.43791044e-05
 41.5789  0.000735797066  4.37527613e-05  6.74739709e-05
 41.6096  0.000709223321  4.14617457e-05  6.88951885e-05
 41.6404  0.000711831553  3.52982456e-05  7.65069624e-05
 41.6711  0.000587357162  3.19221752e-05  6.82866921e-05
 41.7018  0.000658054752  5.39200416e-05  7.08264038e-05
 41.7326  0.000908246128  0.000138053338  9.21591672e-05
 41.7633  0.000891260153  0.000175945919  7.00455374e-05
 41.7941  0.00109197612  0.000185754196  6.99445414e-05
 41.8248  0.00095778179  0.000104573009  5.24094591e-05
 41.8556  0.000863706135  9.63353146e-05  4.75551945e-05
 41.8863  0.000757731727  8.29131372e-05  2.64333453e-05
 41.9171  0.000837042584  0.000157894621  5.38232366e-05
 41.9478  0.00113428921  0.00033486225  7.52827816e-05
 41.9786  0.00119056039  0.000304414827  9.27631256e-05
 42.0093  0.0016842743  0.000518211161  0.000138740269
 42.0401  0.00194124563  0.000697817335  0.000179257531
 42.0708  0.00219870139  0.000872288289  0.000232106905
 42.1016  0.00194621978  0.000741718022  0.000249447298
 42.1323  0.00188389442  0.000970204931  0.000234346575
 42.1631  0.00163217832  0.000742495589  0.000206753141
 42.1938  0.00111026263  0.000451326646  0.000189885929
 42.2246  0.000569613085  0.000239834398  0.000157683459
 42.2553  0.000409349928  0.000229851586  0.000116078551
 42.2861  1.47198467e-05  1.67365705e-05  8.77453436e-06
 42.3168  3.65519951e-06  3.39194979e-06  3.08771976e-06
 42.3476  9.92166232e-07  1.97391133e-07  1.38230028e-06
 42.3783  8.20555125e-07  2.73469442e-07  1.41198159e-06
 42.4091  1.01476814e-06  4.91235333e-07  1.55159008e-06
 42.4398  1.3552367e-06  2.16540128e-07  1.42409842e-06
 42.4706  1.11219004e-06  1.49923225e-07  1.79274668e-06
 42.5013  9.68394966e-07  1.19744146e-07  1.95815086e-06
 42.5321  1.18240549e-06  9.91731086e-08  1.73901726e-06
 42.5628  1.46386665e-06  1.45472481e-07  1.8233827e-06
 42.5936  1.3479081e-06  1.83634025e-07  1.8628726e-06
 42.6243  1.85210548e-06  2.40705068e-07  1.79862297e-06
 42.6551  1.46425963e-06  9.47450548e-07  2.54161095e-06
 42.6858  1.44812698e-06  1.88567196e-06  3.45634645e-06
 42.7166  1.76013276e-06  2.21641915e-06  4.48298488e-06
 42.7473  1.86079495e-06  2.30819334e-06  5.35881782e-06
 42.778  1.80611312e-06  2.57989298e-06  5.86771874e-06
 42.8088  1.53375935e-06  8.04895465e-07  2.86086858e-06
 42.8395  1.5344721e-06  3.97317394e-06  5.88370358e-06
 42.8703  1.43604583e-06  1.29396231e-06  2.34183735e-06
 42.901  1.51256478e-06  1.03301133e-06  2.56266071e-06
 42.9318  1.19943758e-06  1.6554754e-06  3.18260227e-06
 42.9625  1.9460378e-06  4.71847498e-06  5.33667558e-06
 42.9933  1.86510115e-06  2.10056572e-06  4.11020127e-06
 43.024  1.81707865e-06  2.12754789e-06  6.29516164e-06
 43.0548  1.5713074e-06  3.90248519e-07  2.4003201e-06
 43.0855  2.45096205e-06  1.03828219e-06  3.22452798e-06
 43.1163  4.32109528e-06  1.35601706e-06  2.87972514e-06
 43.147  3.78024796e-06  5.80610789e-07  2.16110003e-06
 43.1778  6.39203669e-06  7.7678781e-06  1.02434335e-05
 43.2085  3.5203214e-06  1.28412085e-06  2.97842093e-06
 43.2393  3.31385596e-06  9.29540606e-07  3.25315545e-06
 43.27  5.07321181e-06  5.8542756e-06  9.92693255e-06
 43.3008  1.08739804e-05  1.5162453e-05  2.22581248e-05
 43.3315  2.10063719e-05  1.53976379e-05  3.42809663e-05
 43.3623  3.16390246e-05  9.47621536e-06  1.48973856e-05
 43.393  1.53077547e-05  5.3923565e-06  8.45855472e-06
 43.4238  2.76081158e-05  7.81549559e-06  1.10238611e-05
 43.4545  1.65140862e-05  5.80600692e-06  5.92959248e-06
 43.4853  2.51424962e-05  7.50976469e-06  1.03179989e-05
 43.516  3.90423207e-05  6.33701282e-06  1.50832088e-05
 43.5468  4.09464489e-05  4.3134068e-06  1.5667572e-05
 43.5775  3.33365251e-05  5.32675435e-06  1.45289373e-05
 43.6083  2.69778911e-05  8.65993911e-06  1.17754267e-05
 43.639  2.49377971e-05  2.23031029e-05  1.27204144e-05
 43.6698  3.03662187e-05  6.73187845e-06  1.22505589e-05
 43.7005  3.61815139e-05  7.03121968e-06  2.24925725e-05
 43.7313  3.05257254e-05  8.1106148e-06  2.22808391e-05
 43.762  2.66740624e-05  7.62903497e-06  1.69038105e-05
 43.7928  1.95304571e-05  6.80729193e-06  1.24468582e-05
 43.8235  1.62253453e-05  7.14501126e-06  1.29661856e-05
 43.8542  1.71001639e-05  8.10459574e-06  1.49535611e-05
 43.885  1.85291484e-05  1.00483004e-05  1.45893146e-05
 43.9157  1.80037498e-05  8.18021412e-06  1.07112242e-05
 43.9465  1.50543263e-05  4.31213708e-06  8.6238694e-06
 43.9772  1.76144374e-05  1.63612797e-05  2.3622308e-05
 44.008  2.88495822e-05  1.5168819e-05  2.73049443e-05
 44.0387  3.92059448e-05  7.79036273e-06  1.10896424e-05
 44.0695  7.45216169e-05  1.24408162e-05  2.08481562e-05
 44.1002  0.000141189502  1.63292278e-05  3.81688307e-05
 44.131  0.000233288765  4.08434745e-05  8.5355481e-05
 44.1617  0.000261620565  4.62023795e-05  8.90221169e-05
 44.1925  0.000412717096  4.97924715e-05  0.000155016143
 44.2232  0.0017752896  0.000285249232  0.000215146551
 44.254  0.00455118921  0.00155672461  0.00071214858
 44.2847  0.0122216517  0.00866331859  0.00204561669
 44.3155  0.0313320532  0.0357364601  0.00545253576
 44.3462  0.0463221005  0.0676116701  0.00797866517
 44.377  0.0550763687  0.115747873  0.0141186757
 44.4077  0.0805926132  0.191637365  0.0276719854
 44.4385  0.0493958313  0.095651753  0.0299601699
 44.4692  0.21028102  0.295068233  0.0242000713
 44.5  0.0102170565  0.0411915231  0.0207170654
 44.5307  nan  nan  nan
 44.5615  nan  nan  nan
 44.5922  nan  nan  nan
 44.623  0.00611107765  0.0202300603  0.0194761798
 44.6537  0.00715090897  0.0178713761  0.0151344231
 44.6845  nan  nan  nan
 44.7152  nan  nan  nan
 44.746  nan  nan  nan
 44.7767  0.00238525003  0.00368245015  0.00303568558
 44.8075  nan  nan  nan
 44.8382  nan  nan  nan
 44.869  nan  nan  nan
 44.8997  nan  nan  nan
 44.9304  nan  nan  nan
 44.9612  nan  nan  nan
 44.9919  nan  nan  nan
 45.0227  nan  nan  nan
 45.0534  0.00154359642  0.00105649811  0.000799252368
 45.0842  0.0015559597  0.000847107486  0.000657948477
 45.1149  nan  nan  nan
 45.1457  0.00140529882  0.000709587045  0.000467345966
 45.1764  0.00163593126  0.000837481831  0.000529238392
 45.2072  0.00184514208  0.00113471699  0.000944686582
 45.2379  0.00192744194  0.00124284907  0.0011163066
 45.2687  nan  nan  nan
