# X (m) TKE_avg epsilon_turb_pw_avg_Y_avg epsilon_pw_avg_Y_avg
 33.0307  4.62326439e-05  2.23251332e-06  1.53071498e-06
 33.0614  2.87228393e-05  8.89190229e-07  1.40412152e-06
 33.0922  2.98818069e-05  9.58494675e-07  1.31901103e-06
 33.1229  2.74548533e-05  1.25108157e-06  1.57315962e-06
 33.1536  2.49935034e-05  6.61295625e-07  2.11926281e-06
 33.1843  4.90983521e-05  8.30505199e-07  4.50318113e-06
 33.215  5.66915842e-05  9.82537592e-07  3.45695693e-06
 33.2458  7.30143894e-05  1.47862224e-05  9.44404518e-05
 33.2765  8.87237523e-05  2.17135779e-05  9.64346158e-05
 33.3072  0.000107636169  2.3116323e-05  2.7279646e-05
 33.3379  0.000118916303  1.56160202e-05  6.96164413e-06
 33.3686  0.000113330389  6.30976507e-06  4.52783858e-06
 33.3993  0.000111216349  3.70214696e-06  3.38711847e-06
 33.4301  0.000110852717  3.62658973e-06  3.06935348e-06
 33.4608  0.000111978989  2.92724998e-06  2.83912548e-06
 33.4915  0.00010948822  2.5751642e-06  3.31077869e-06
 33.5222  0.000116377237  3.1923183e-06  2.74463743e-06
 33.5529  0.000125437305  3.50284255e-06  3.04931489e-06
 33.5837  0.000150903  4.29683742e-06  3.1327647e-06
 33.6144  0.000185297258  5.43431483e-06  3.57267548e-06
 33.6451  0.000182481477  4.86119953e-06  4.0879234e-06
 33.6758  0.000201734285  4.76625468e-06  3.6696882e-06
 33.7065  0.0001954442  3.86035078e-06  4.23042745e-06
 33.7373  0.000179098539  3.43503703e-06  3.69227745e-06
 33.768  0.000172465647  3.26482751e-06  4.23421494e-06
 33.7987  0.000172364472  2.63843307e-06  4.78829004e-06
 33.8294  0.000162314705  2.36983838e-06  3.82560916e-06
 33.8601  0.00016632984  2.94826266e-06  5.99194738e-06
 33.8908  0.000172859705  3.68761761e-06  5.48571246e-06
 33.9216  0.000174871339  4.34128332e-06  5.30731828e-06
 33.9523  0.000181291352  4.77282043e-06  6.30274588e-06
 33.983  0.000207825346  4.10877978e-06  5.51707683e-06
 34.0137  0.000198991628  5.02051627e-06  7.52779558e-06
 34.0444  0.000197673621  5.29842136e-06  8.24923458e-06
 34.0752  0.000206924138  6.00319366e-06  8.67563483e-06
 34.1059  0.000195103462  4.42646006e-06  6.73558245e-06
 34.1366  0.000196207702  5.10853244e-06  9.59995093e-06
 34.1673  0.000166253287  4.11314824e-06  8.2328744e-06
 34.198  0.000157905021  4.28822164e-06  1.03323247e-05
 34.2288  0.000203813377  4.58931442e-06  9.17532356e-06
 34.2595  0.000209778972  5.2636001e-06  8.72841731e-06
 34.2902  0.000195228826  6.63486229e-06  1.16081463e-05
 34.3209  0.000202426166  7.36724658e-06  1.22939968e-05
 34.3516  0.000223781631  7.47807811e-06  1.27040556e-05
 34.3823  0.00020384122  6.08747361e-06  1.02666217e-05
 34.4131  0.000217923492  6.29606202e-06  1.22982424e-05
 34.4438  0.000206575305  4.881746e-06  9.83019221e-06
 34.4745  0.00021075028  6.36803416e-06  1.2868439e-05
 34.5052  0.000207290027  7.43202805e-06  1.59989631e-05
 34.5359  0.000196356686  7.23870139e-06  1.88751111e-05
 34.5667  0.000189285361  5.60092441e-06  1.64595678e-05
 34.5974  0.000199487491  9.18896335e-06  2.23337896e-05
 34.6281  0.000209911197  9.40115678e-06  2.33909578e-05
 34.6588  0.000225579642  8.02975741e-06  2.21852615e-05
 34.6895  0.000239993716  1.08459124e-05  2.3833725e-05
 34.7203  0.000255667272  1.26673177e-05  2.78153723e-05
 34.751  0.000261298595  1.01011413e-05  2.55651486e-05
 34.7817  0.000245890131  8.6588935e-06  2.42936192e-05
 34.8124  0.000229800092  7.75182803e-06  2.36877762e-05
 34.8431  0.000231468988  6.73304776e-06  2.20672917e-05
 34.8738  0.00023455195  6.8542735e-06  2.11281978e-05
 34.9046  0.000254404839  6.5028741e-06  2.07104489e-05
 34.9353  0.000270827648  6.3414017e-06  1.92193497e-05
 34.966  0.000311862095  7.50611843e-06  2.09079373e-05
 34.9967  0.000363300614  9.34962028e-06  2.39936411e-05
 35.0274  0.000344734944  8.86977595e-06  2.18047515e-05
 35.0582  0.000304177436  8.20103727e-06  1.81906295e-05
 35.0889  0.000295483  7.94881516e-06  1.7394364e-05
 35.1196  0.000295288619  8.96062708e-06  1.76011892e-05
 35.1503  0.000302260929  1.18396315e-05  1.80739897e-05
 35.181  0.000312042621  1.61345506e-05  1.89438228e-05
 35.2118  0.000340584274  1.58552722e-05  1.97687885e-05
 35.2425  0.000285080214  1.28424301e-05  1.63108595e-05
 35.2732  0.000249459865  9.68628829e-06  1.33334777e-05
 35.3039  0.000278231935  9.8202562e-06  1.52433635e-05
 35.3346  0.000253088919  9.46836961e-06  1.34642646e-05
 35.3654  0.000232967609  1.0967554e-05  1.32548935e-05
 35.3961  0.000244108814  9.81005625e-06  1.09585638e-05
 35.4268  0.000287059243  1.1676162e-05  1.04847791e-05
 35.4575  0.000261447795  1.0700246e-05  9.28100796e-06
 35.4882  0.00026373638  9.92239506e-06  8.53149931e-06
 35.5189  0.000261177673  1.15846953e-05  1.06593593e-05
 35.5497  0.000239615472  1.0778301e-05  9.47056526e-06
 35.5804  0.00022740451  1.03999288e-05  8.27706462e-06
 35.6111  0.000217461117  1.4159843e-05  1.08703846e-05
 35.6418  0.000223199324  1.45677755e-05  9.81672125e-06
 35.6725  0.000223741217  1.25340118e-05  8.49783828e-06
 35.7033  0.000254938649  9.86150583e-06  7.48259471e-06
 35.734  0.000252210875  1.07113008e-05  1.21827902e-05
 35.7647  0.00026237952  9.5976395e-06  9.00657086e-06
 35.7954  0.000265709343  1.23736814e-05  1.15215124e-05
 35.8261  0.000267637887  1.21730673e-05  6.41591242e-06
 35.8569  0.000254231461  9.75887372e-06  5.11855641e-06
 35.8876  0.00026489379  1.33237265e-05  9.06898361e-06
 35.9183  0.00028019703  1.88249629e-05  1.79375967e-05
 35.949  0.000296045116  1.40638643e-05  1.20935358e-05
 35.9797  0.000292696815  9.14480605e-06  6.32234582e-06
 36.0104  0.000288325856  8.23169916e-06  7.29868222e-06
 36.0412  0.00030619411  5.74146059e-06  5.81993965e-06
 36.0719  0.000285491024  5.91588067e-06  6.3131999e-06
 36.1026  0.000248464944  6.83789462e-06  6.32610085e-06
 36.1333  0.000255039073  7.15183003e-06  6.53239454e-06
 36.164  0.000310456037  9.68117155e-06  1.19368303e-05
 36.1948  0.000325638595  1.49699527e-05  1.81934693e-05
 36.2255  0.000307004574  9.80160602e-06  1.37001624e-05
 36.2562  0.000317881326  1.23685949e-05  1.64466091e-05
 36.2869  0.000291646826  1.28232492e-05  1.47885041e-05
 36.3176  0.000266844199  1.32666221e-05  1.52031551e-05
 36.3484  0.00025422414  2.30299789e-05  3.23479312e-05
 36.3791  0.000288574217  1.37540583e-05  1.27206571e-05
 36.4098  0.000275693616  6.5833327e-06  8.40351648e-06
 36.4405  0.000292775179  1.03654566e-05  1.22992282e-05
 36.4712  0.000292415929  1.54011994e-05  1.74320183e-05
 36.5019  0.000276165418  1.7586941e-05  1.8651965e-05
 36.5327  0.000328751853  1.07047747e-05  1.21258462e-05
 36.5634  0.000343379168  1.74146543e-05  1.94893284e-05
 36.5941  0.000345413476  9.18516768e-06  1.16175959e-05
 36.6248  0.000321509092  1.08687637e-05  1.37170515e-05
 36.6555  0.000326145766  1.73643035e-05  1.76496043e-05
 36.6863  0.000299342647  1.31439715e-05  1.29661883e-05
 36.717  0.000293479174  1.14301325e-05  1.25234444e-05
 36.7477  0.000293421278  1.35472775e-05  1.13745921e-05
 36.7784  0.000292474533  1.17662336e-05  1.09694876e-05
 36.8091  0.000294996122  1.15625142e-05  1.07632097e-05
 36.8399  0.000291511003  9.8045747e-06  8.89044197e-06
 36.8706  0.000276615929  8.72233679e-06  1.14295326e-05
 36.9013  0.000271969153  7.18212219e-06  9.67082707e-06
 36.932  0.000272645647  8.54279723e-06  1.50991985e-05
 36.9627  0.000270971228  8.84248465e-06  1.60754043e-05
 36.9935  0.000275624876  7.91682977e-06  1.25026468e-05
 37.0242  0.000289689655  1.0990539e-05  1.85690523e-05
 37.0549  0.000297462347  1.25596429e-05  2.22493678e-05
 37.0856  0.000296363295  1.57820808e-05  2.32108771e-05
 37.1163  0.000295365544  2.09316554e-05  2.85631928e-05
 37.147  0.000284063336  2.16012996e-05  2.97310072e-05
 37.1778  0.000287429382  1.68244785e-05  2.41961814e-05
 37.2085  0.000298805215  1.74281178e-05  2.74757878e-05
 37.2392  0.000305393363  3.19441457e-05  4.40331466e-05
 37.2699  0.000300271041  2.19848432e-05  3.03290138e-05
 37.3006  0.000301955142  2.13846872e-05  3.04725878e-05
 37.3314  0.000332946591  3.74363492e-05  5.46681883e-05
 37.3621  0.000353753523  1.3821282e-05  1.71777696e-05
 37.3928  0.000425513153  3.23964166e-05  3.85084982e-05
 37.4235  0.000454645191  3.60405161e-05  4.63508182e-05
 37.4542  0.000514602523  4.56880979e-05  7.07980466e-05
 37.485  0.000572812239  4.33638642e-05  7.1703855e-05
 37.5157  0.000594085249  6.10159903e-05  0.000107449972
 37.5464  0.000530151099  3.82891006e-05  7.74753271e-05
 37.5771  0.000499511904  3.84644995e-05  9.23535895e-05
 37.6078  0.000494815388  4.28908606e-05  0.00011115855
 37.6385  0.000489780476  5.13133153e-05  0.000119522294
 37.6693  0.000497324121  4.27985133e-05  0.000103861032
 37.7  0.00049431166  4.2070712e-05  0.000108037386
 37.7307  0.000512240354  2.99277086e-05  9.20747162e-05
 37.7614  0.000535390816  3.52134543e-05  0.000105197871
 37.7921  0.000574158004  3.71422112e-05  9.76975809e-05
 37.8229  0.000593932289  5.29849338e-05  0.000116426985
 37.8536  0.000571098174  5.38425487e-05  9.9053506e-05
 37.8843  0.000567280182  4.33971559e-05  8.63139438e-05
 37.915  0.000535325615  2.87537125e-05  6.10258017e-05
 37.9457  0.000593761332  2.92915842e-05  7.41487995e-05
 37.9765  0.000652853724  3.44581599e-05  9.02421102e-05
 38.0072  0.000683032351  3.82983052e-05  8.93033886e-05
 38.0379  0.000756531821  4.77354215e-05  0.000100318764
 38.0686  0.000729034578  3.99703627e-05  9.02942499e-05
 38.0993  0.000739593256  3.30536264e-05  8.22892407e-05
 38.13  0.00077630995  3.4691795e-05  8.23833302e-05
 38.1608  0.000782440347  3.48649618e-05  8.01336367e-05
 38.1915  0.000909430555  3.76864846e-05  0.000102276888
 38.2222  0.00097432991  4.27782699e-05  8.79302547e-05
 38.2529  0.000980172966  3.71052694e-05  8.0746432e-05
 38.2836  0.0011244832  4.26043581e-05  9.15919901e-05
 38.3144  0.00121256991  4.884428e-05  9.5121921e-05
 38.3451  0.00116932016  4.78075351e-05  8.08603265e-05
 38.3758  0.00131772032  5.53668069e-05  0.000101273999
 38.4065  0.0015143926  6.803504e-05  0.000114762078
 38.4372  0.00154582264  0.000101030443  0.000116105094
 38.468  0.00145200216  0.000101153796  0.000112880755
 38.4987  0.00146662755  9.57534788e-05  0.00013767412
 38.5294  0.00162163307  8.20940381e-05  0.000141090234
 38.5601  0.0015605623  8.55486085e-05  0.000129420835
 38.5908  0.0015134361  9.10270506e-05  0.000107139683
 38.6215  0.00169650965  0.000116895343  0.00010950363
 38.6523  0.00173016991  0.00012168101  0.00010023589
 38.683  0.00163872689  0.000122268398  0.000101868983
 38.7137  0.00165055148  0.00014339837  0.000101546457
 38.7444  0.00180811678  0.000160615182  0.000144102122
 38.7751  0.00178658882  0.000125766404  9.80835639e-05
 38.8059  0.00183606211  0.000153697933  0.000119837972
 38.8366  0.00199131378  0.000168864694  0.000135891568
 38.8673  0.00213682025  0.000180838703  0.000137261351
 38.898  0.00251917273  0.000374778981  0.000171372964
 38.9287  0.00273069438  0.000275475286  0.000162732872
 38.9595  0.00871887604  0.00142656045  0.000592727626
 38.9902  0.0203733673  0.00482459508  0.000803506063
 39.0209  0.0371895919  0.0116422999  0.00129020266
 39.0516  0.0574953777  0.0220905689  0.00163079565
 39.0823  0.0618753873  0.0203131872  0.00220355971
 39.1131  0.0747949607  0.0296574198  0.00291613076
 39.1438  0.0725857474  0.0399601281  0.00237868082
 39.1745  0.0807261995  0.0513790678  0.0025377632
 39.2052  0.112992034  0.0532824043  0.00319360038
 39.2359  0.107867554  0.0296471815  0.00343617345
 39.2666  0.0713157232  0.0172003363  0.00194646817
 39.2974  0.0777466543  0.0098965923  0.00108452531
 39.3281  0.0809044811  0.0109617705  0.000944977814
 39.3588  0.0719925248  0.0131770207  0.000855113136
 39.3895  0.0564721506  0.0132272751  0.000697225914
 39.4202  0.0611731328  0.0284109906  0.000912942607
 39.451  0.0523104984  0.0289572205  0.000923716385
 39.4817  0.0411692112  0.0252140315  0.000832300421
 39.5124  0.0318433584  0.0197660878  0.000601541084
 39.5431  0.0279373761  0.0188314643  0.000585202957
 39.5738  0.0251321758  0.01164275  0.000454085196
 39.6046  0.0183340227  0.00964616321  0.000352202692
 39.6353  0.0188483242  0.0132960234  0.000405267819
 39.666  0.019447332  0.0151895673  0.000505681962
 39.6967  0.0369213432  0.0379419842  0.00100209729
 39.7274  0.0369270685  0.0391051379  0.000965825407
 39.7581  0.0608607839  0.0339122007  0.000980693071
 39.7889  0.0617948129  0.0352346412  0.000967154511
 39.8196  0.0549802112  0.0364161556  0.000978457604
 39.8503  0.0401646204  0.0278234785  0.000824182721
 39.881  0.0536380473  0.037043504  0.00113202094
 39.9117  0.0539445532  0.042802127  0.00135514353
 39.9425  0.0444895397  0.033050423  0.00126717396
 39.9732  0.0228146874  0.0170337217  0.000732230336
 40.0039  0.0129819471  0.0111949501  0.000479105602
 40.0346  0.00711202855  0.00379524872  0.000226774998
 40.0653  0.0135118693  0.0124010934  0.000217133926
 40.0961  0.0144997558  0.0169861426  0.000285866247
 40.1268  0.0148332196  0.0211538942  0.000376450498
 40.1575  0.0102057312  0.0117182161  0.000275426261
 40.1882  0.00815249269  0.00244073522  0.000151622798
 40.2189  0.00793835875  0.000980674635  0.000104541358
 40.2496  0.00704620722  0.000946975773  0.000116657996
 40.2804  0.00895107494  0.00121266828  0.000155016367
 40.3111  0.01162206  0.00168386857  0.000152999367
 40.3418  0.0136902117  0.00222353537  0.000160477694
 40.3725  0.0146064104  0.00263750425  0.000168753234
 40.4032  0.0155556574  0.00287338377  0.000189299426
 40.434  0.0136174763  0.00233094929  0.000196161976
 40.4647  0.0120192332  0.00199106852  0.000156533387
 40.4954  0.0105947095  0.00171079245  0.000120637307
 40.5261  0.00943707802  0.00149682567  0.000113552595
 40.5568  0.00843751565  0.00113366188  0.000115186543
 40.5876  0.00797083318  0.00129890554  0.000113342983
 40.6183  0.00749209903  0.00123224757  9.65052131e-05
 40.649  0.00778291357  0.00120168484  9.65794871e-05
 40.6797  0.00927657762  0.00133539198  0.000108628265
 40.7104  0.0111802552  0.00136683749  0.000113473329
 40.7411  0.0107166744  0.00130565478  0.000113929363
 40.7719  0.00894935314  0.00112003501  0.000103205596
 40.8026  0.00707328683  0.00103277811  9.78576435e-05
 40.8333  0.00562755075  0.000852736285  8.41448756e-05
 40.864  0.00500696232  0.000609796283  7.444371e-05
 40.8947  0.00512894589  0.000590820912  7.63750564e-05
 40.9255  0.00549698463  0.000672378276  8.31680272e-05
 40.9562  0.00572476813  0.000912249692  9.45727723e-05
 40.9869  0.00623687597  0.00106073029  0.000101233347
 41.0176  0.00686373743  0.00121936311  0.000114331256
 41.0483  0.00626223962  0.00115074091  0.000114572587
 41.0791  0.00640436804  0.0012884194  0.000114260394
 41.1098  0.00736276348  0.00121313868  0.000102906108
 41.1405  0.00803468081  0.00115761904  0.000105603102
 41.1712  0.00823527255  0.00115085573  0.00011441183
 41.2019  0.00843942399  0.0012363346  0.00012114073
 41.2327  0.00812920035  0.00128572486  0.000117474418
 41.2634  0.00801535961  0.00170312542  0.000128271112
 41.2941  0.00736932485  0.00131612687  0.000122607175
 41.3248  0.00720012428  0.00114759613  0.000123996981
 41.3555  0.00711083643  0.00118417686  0.000131236181
 41.3862  0.00687984182  0.00122131363  0.000127114957
 41.417  0.00668989091  0.00129896312  0.000118892727
 41.4477  0.00682916558  0.00120994761  0.000123259414
 41.4784  0.00697182075  0.00120522344  0.000132217806
 41.5091  0.00672267387  0.00116070771  0.000112958202
 41.5398  0.00614272619  0.000992455643  0.000105022005
 41.5706  0.00623517219  0.000934615004  9.68675545e-05
 41.6013  0.00570071867  0.000998963767  9.78720427e-05
 41.632  0.00478622911  0.00089694266  9.40684598e-05
 41.6627  0.00477873944  0.000959580035  0.000103130135
 41.6934  0.00489810587  0.000988204646  0.000106888941
 41.7242  0.00559687751  0.00137046094  0.000148309414
 41.7549  0.00618712283  0.00203105283  0.000157058967
 41.7856  0.00845570518  0.00268655609  0.000210087108
 41.8163  0.00863178301  0.00325051018  0.000273812588
 41.847  0.00788256518  0.00361149611  0.00032496753
 41.8777  0.00662302868  0.0028867566  0.000351356104
 41.9085  0.00631520348  0.00300216219  0.000445932782
 41.9392  0.00470765917  0.00212616398  0.000416147774
 41.9699  0.00459002019  0.00196019249  0.000457172205
 42.0006  0.00340127956  0.00139187058  0.000341979952
 42.0313  0.00147348294  0.000452709528  7.75243895e-05
 42.0621  0.0014637883  0.000488915172  3.55934566e-05
 42.0928  0.00131202543  0.000135072484  2.23087391e-05
 42.1235  0.00139557263  7.03376806e-05  2.04737616e-05
 42.1542  0.00125697992  5.82726091e-05  1.95997535e-05
 42.1849  0.00107449674  5.7027008e-05  1.91938497e-05
 42.2157  0.000997991457  6.38819209e-05  1.85052312e-05
 42.2464  0.00113851559  5.57289737e-05  2.02365468e-05
 42.2771  0.00117060078  6.85247985e-05  1.87543376e-05
 42.3078  0.00120803783  7.15186057e-05  2.08157175e-05
 42.3385  0.00115582588  5.71406614e-05  2.12657974e-05
 42.3692  0.0010740481  4.16955001e-05  1.92253641e-05
 42.4  0.00115136888  4.32928591e-05  1.68205922e-05
 42.4307  0.00115622549  3.9087055e-05  1.71508811e-05
 42.4614  0.00112766048  4.50638384e-05  1.66183674e-05
 42.4921  0.00106908068  4.73799797e-05  1.55021101e-05
 42.5228  0.00115468804  5.46222021e-05  1.86066194e-05
 42.5536  0.00133669707  6.31345085e-05  2.21334876e-05
 42.5843  0.00136889825  7.36107525e-05  2.26303705e-05
 42.615  0.00124397401  4.51042345e-05  1.88639683e-05
 42.6457  0.0011072953  3.12195596e-05  1.92355835e-05
 42.6764  0.00104606361  3.05392379e-05  2.26291751e-05
 42.7072  0.00105222674  3.61285338e-05  2.70873661e-05
 42.7379  0.00111943965  4.26701561e-05  3.16983748e-05
 42.7686  0.00128487263  5.13085933e-05  3.72190621e-05
 42.7993  0.00131607415  5.21357678e-05  3.71586391e-05
 42.83  0.00134919988  6.02157247e-05  3.0879173e-05
 42.8608  0.00121550733  6.31288092e-05  2.75294072e-05
 42.8915  0.00117029129  6.91486837e-05  2.73451248e-05
 42.9222  0.00114539188  5.14457863e-05  2.33102679e-05
 42.9529  0.00106584328  6.22237665e-05  3.09906095e-05
 42.9836  0.00111446696  6.75888213e-05  4.05523692e-05
 43.0143  0.0010547001  4.87448699e-05  3.86239046e-05
 43.0451  0.00107702241  4.17855635e-05  4.73028368e-05
 43.0758  0.00109034383  4.41739229e-05  5.94187424e-05
 43.1065  0.00109843186  4.46329718e-05  6.60679365e-05
 43.1372  0.00118089599  5.70602255e-05  7.91897256e-05
 43.1679  0.00132803896  7.32732647e-05  9.71044772e-05
 43.1987  0.00141940038  8.75714491e-05  0.000109732637
 43.2294  0.00146025722  0.00010232048  0.000113164507
 43.2601  0.00155851762  7.44331164e-05  0.000123180551
 43.2908  0.00136270808  5.68406574e-05  0.000116676609
 43.3215  0.00136574761  0.000100547545  0.000145609287
 43.3523  0.0013776465  0.000116205736  0.000166441042
 43.383  0.0016414478  0.000123756188  0.000213712488
 43.4137  0.0016843028  0.000131611408  0.00024717081
 43.4444  0.00206963161  0.000252714894  0.000269131449
 43.4751  0.0018317744  0.00025514987  0.00019410776
 43.5058  0.00183125019  0.000298860232  0.000155699265
 43.5366  0.00218265296  0.000477033838  0.000179460572
 43.5673  0.00204569276  0.000442945664  0.00025141629
 43.598  0.0015760032  0.00034313695  0.000285038617
 43.6287  0.00157969508  0.000275528344  0.000413135154
 43.6594  0.000989879818  0.000301934581  0.000430398694
 43.6902  0.000895131253  0.000374711592  0.000302648937
 43.7209  0.00105297398  0.000735393707  0.00022438947
 43.7516  0.000503621644  0.000230424601  0.000116856064
 43.7823  0.00061136243  0.000122095848  0.000207507958
 43.813  0.000854070704  0.000233472402  0.000471231656
 43.8438  0.00193771227  0.000595897317  0.000671064848
 43.8745  0.00143280355  0.000368069952  0.00064701928
 43.9052  0.00120988654  0.000250340839  0.000648313099
 43.9359  0.00289641215  0.000849208759  0.00168509404
 43.9666  0.000268798099  9.09094874e-05  0.000260655018
 43.9973  0.000155950118  6.55252035e-05  0.000106720977
 44.0281  0.000145989416  2.10283768e-05  3.54880863e-05
 44.0588  0.000174276507  2.64885525e-05  3.36421132e-05
 44.0895  0.000240191373  5.58994329e-05  7.47029012e-05
 44.1202  0.000358451418  4.09500979e-05  6.07991694e-05
 44.1509  0.000771872547  9.47373825e-05  0.000149004632
 44.1817  0.0015206905  0.000198779746  0.000226113912
 44.2124  0.00233921154  0.000175186881  0.000135680357
 44.2431  0.00328248164  0.000211581454  8.82486387e-05
 44.2738  0.0041669058  0.000360003769  0.000111634522
 44.3045  0.00584163658  0.000819477939  0.000342048994
 44.3353  0.00732818714  0.00112236137  0.000347542858
 44.366  0.00844697341  0.00117609205  0.00027760614
 44.3967  0.0082642287  0.000963974484  0.000215558558
 44.4274  0.00760090086  0.00107015684  0.00045465187
 44.4581  0.00679554266  0.000848927044  0.000252608118
 44.4888  0.00638988881  0.000940953471  0.000290624982
 44.5196  0.00631348424  0.0014226735  0.000692823024
 44.5503  0.00640956188  0.00105107183  0.000211538766
 44.581  0.00617276737  0.00100413471  0.000316982846
 44.6117  0.00539970535  0.00128944666  0.000650044345
 44.6424  0.00513264837  0.0012361658  0.000585453866
 44.6732  0.00515749587  0.000779480198  0.000331688796
 44.7039  0.00522029259  0.000825937653  0.000470670874
 44.7346  0.00571741872  0.00101373672  0.00046550103
 44.7653  0.00545484299  0.00112233929  0.000426333055
 44.796  0.0076724912  0.00164815777  0.000475196852
 44.8268  0.00911654235  0.00220248013  0.000548077425
 44.8575  0.0120258735  0.00326578973  0.000783366558
 44.8882  0.0130047579  0.00336457124  0.000856564334
 44.9189  0.0125376847  0.0030804247  0.000892555933
 44.9496  0.0128509987  0.00322617065  0.00142484924
 44.9804  0.0120314888  0.0031687304  0.00173756482
 45.0111  0.0111882867  0.00314277226  0.00268405773
 45.0418  0.0101565951  0.00283291809  0.00379720373
 45.0725  0.0104067017  0.00316851006  0.00470313047
 45.1032  0.00739753086  0.00308041946  0.00476072779
 45.1339  0.00894238989  0.00643121594  0.00704158184
 45.1647  0.00962698657  0.0183217249  0.0177061845
 45.1954  0.0159731338  0.0314950709  0.0279671193
 45.2261  0.0120856141  0.0178578001  0.0132180449
 45.2568  nan  nan  nan
