# X (m) TKE_avg epsilon_turb_pw_avg_Y_avg epsilon_pw_avg_Y_avg
 34.05  0.000112292196  3.01949774e-06  4.97621288e-06
 34.1  9.63673879e-05  4.0990542e-06  6.30390287e-06
 34.15  9.53900775e-05  3.3835376e-06  6.56207016e-06
 34.2  0.000107392101  3.05497659e-06  6.84948674e-06
 34.25  0.000120861471  3.74478615e-06  8.34505235e-06
 34.3  0.000129527718  3.37506705e-06  7.50150575e-06
 34.35  0.000162605838  3.45420969e-06  6.26288394e-06
 34.4  0.000152511747  3.72108082e-06  8.03345734e-06
 34.45  0.000143618879  3.20690291e-06  8.87036839e-06
 34.5  0.000150822312  3.68114583e-06  8.11639306e-06
 34.55  0.000167843301  3.89931752e-06  7.88793378e-06
 34.6  0.000139585684  2.5727379e-06  6.68399676e-06
 34.65  0.000127244431  2.34130044e-06  5.95227993e-06
 34.7  0.000109787033  1.84666654e-06  5.7634335e-06
 34.75  8.9015228e-05  1.12394117e-06  5.2345655e-06
 34.8  8.11328212e-05  1.36616974e-06  5.9031109e-06
 34.85  7.26662198e-05  7.1690816e-07  4.96730437e-06
 34.9  6.38895272e-05  1.23302361e-06  6.41442498e-06
 34.95  5.53668777e-05  1.02420418e-06  5.84379914e-06
 35  5.41509712e-05  1.61310952e-06  7.31545385e-06
 35.05  4.94421636e-05  2.77106166e-06  9.54061304e-06
 35.1  4.76881531e-05  2.0003835e-06  8.99501534e-06
 35.15  4.88955883e-05  2.94064045e-06  1.20716535e-05
 35.2  4.59130229e-05  3.21503477e-06  1.09973429e-05
 35.25  4.62435585e-05  4.86557862e-06  1.50324671e-05
 35.3  4.95308394e-05  3.00123123e-06  1.48788471e-05
 35.35  5.55841875e-05  4.80999774e-06  1.85672368e-05
 35.4  6.23587256e-05  7.96113711e-06  2.34743876e-05
 35.45  6.23505777e-05  5.00280824e-06  2.30583334e-05
 35.5  6.2017954e-05  1.15826432e-05  3.06974706e-05
 35.55  8.32378301e-05  7.12565457e-06  3.42851834e-05
 35.6  9.32259499e-05  1.07693558e-05  4.15451991e-05
 35.65  9.53458179e-05  7.87022215e-06  4.57203648e-05
 35.7  0.000105759721  1.23680935e-05  5.28284792e-05
 35.75  0.000111556747  1.22355862e-05  5.11216665e-05
 35.8  0.000104276431  7.5529123e-06  4.83811385e-05
 35.85  0.000113842782  8.95929231e-06  5.24383848e-05
 35.9  0.000118268066  7.52226733e-06  4.44823646e-05
 35.95  0.000111065307  5.56321634e-06  3.92448022e-05
 36  0.000139623952  1.10375064e-05  4.89673456e-05
 36.05  0.000135680998  7.25030264e-06  4.72384577e-05
 36.1  0.000120384135  7.87298498e-06  4.47098823e-05
 36.15  0.000132576729  6.98989589e-06  4.23537162e-05
 36.2  0.000152242145  5.31443727e-06  4.03779915e-05
 36.25  0.00012620001  5.35374057e-06  3.63255004e-05
 36.3  0.000100666485  4.27428429e-06  3.38749038e-05
 36.35  0.000100885907  4.05908558e-06  2.88488122e-05
 36.4  0.000129211255  4.05265535e-06  2.57224028e-05
 36.45  0.000126284441  2.79634007e-06  2.13636682e-05
 36.5  0.000116727742  2.72229485e-06  1.61041192e-05
 36.55  0.000151522133  4.14745602e-06  1.50837667e-05
 36.6  0.000146848885  4.34514653e-06  1.05645235e-05
 36.65  0.000129562622  4.49273215e-06  8.463886e-06
 36.7  0.000128951075  2.57937069e-06  6.99515563e-06
 36.75  0.000109828961  4.46030986e-06  6.33842627e-06
 36.8  0.000119724517  3.8885521e-06  6.00983896e-06
 36.85  0.000105661414  3.63796431e-06  4.84650714e-06
 36.9  0.000117717105  3.04297646e-06  4.52871723e-06
 36.95  0.000120980857  6.63496662e-06  9.25528578e-06
 37  0.000126239775  4.43121809e-06  8.65252934e-06
 37.05  0.000116644891  3.76913977e-06  9.13913653e-06
 37.1  0.000143851361  2.45693944e-06  5.30581988e-06
 37.15  0.00015249376  3.03402874e-06  5.62484311e-06
 37.2  0.000146252319  3.67178767e-06  6.4938148e-06
 37.25  0.000151629978  6.6638755e-06  9.38783579e-06
 37.3  0.000136526562  9.52554109e-06  1.43494495e-05
 37.35  0.000146970903  5.88159978e-06  1.02189496e-05
 37.4  0.000168328819  6.52781192e-06  1.37503534e-05
 37.45  0.00017154468  1.62473023e-06  7.77816557e-06
 37.5  0.00016370672  1.13376775e-06  5.55418581e-06
 37.55  0.00016080194  4.41227055e-06  8.63462884e-06
 37.6  0.000160364196  3.28770839e-06  7.48582624e-06
 37.65  0.000166475737  2.3320169e-06  7.45777414e-06
 37.7  0.000161301918  2.10629203e-06  5.95704409e-06
 37.75  0.000146400753  1.81664831e-06  5.99313509e-06
 37.8  0.000124280872  1.29322855e-06  4.98369538e-06
 37.85  0.000110030421  1.66134814e-06  6.85438126e-06
 37.9  0.000106859602  2.76425417e-06  8.24416995e-06
 37.95  0.000101455073  2.33825701e-06  8.0921764e-06
 38  0.00010103617  3.28723685e-06  8.66965944e-06
 38.05  0.000100187319  6.68572671e-06  1.32568723e-05
 38.1  0.000113842062  8.23155022e-06  1.68697704e-05
 38.15  0.000117227566  6.78394762e-06  1.39042376e-05
 38.2  0.000115917788  9.6915737e-06  2.5326597e-05
 38.25  0.00011043458  1.59869949e-05  2.89997357e-05
 38.3  9.78487752e-05  2.94575971e-05  4.64592567e-05
 38.35  8.43560763e-05  2.31264639e-05  4.83983153e-05
 38.4  0.000131626531  4.21839727e-05  7.50468742e-05
 38.45  0.000133838374  7.35181016e-05  0.000129722185
 38.5  0.000112264759  4.68295916e-05  0.000132641586
 38.55  8.73522072e-05  3.69987583e-05  0.000126730798
 38.6  0.000126143973  3.63133572e-05  0.000137374977
 38.65  0.00018872731  9.93080022e-05  0.000205801019
 38.7  0.000269202775  0.000101014722  0.000230680976
 38.75  0.000265323718  5.4239138e-05  0.000157715574
 38.8  0.000433143712  0.000144730856  0.000256728361
 38.85  0.000381724892  7.29874475e-05  0.000157014097
 38.9  0.000178500814  5.66896979e-05  8.37024873e-05
 38.95  5.28848557e-05  2.93458848e-05  4.3056144e-05
 39  4.0213335e-05  1.5349086e-05  2.34963018e-05
 39.05  5.27125913e-05  9.58761405e-06  1.88856146e-05
 39.1  4.20364782e-05  5.25209572e-06  1.16784918e-05
 39.15  4.53545594e-05  5.26917691e-06  1.04398131e-05
 39.2  8.32275707e-05  6.49175207e-06  9.73175426e-06
 39.25  0.000260320289  4.4558762e-05  3.54651409e-05
 39.3  0.000387627465  4.54913644e-05  3.94598189e-05
 39.35  0.000208794461  4.09101053e-05  3.87354528e-05
 39.4  0.000142691414  8.39628499e-05  9.74490112e-05
 39.45  0.000204100572  4.78764642e-05  6.95094084e-05
 39.5  0.000298212218  8.44104369e-05  0.0001538182
 39.55  0.000301324158  4.98651045e-05  8.91211976e-05
 39.6  0.000351453513  7.43575358e-05  8.22863046e-05
 39.65  0.00104306417  0.000270747781  0.000148932921
 39.7  0.00271496849  0.00214894448  0.0002460058
 39.75  0.000610325679  0.000395385129  7.30588332e-05
 39.8  0.000796692785  0.000140867873  7.19549139e-05
 39.85  0.00445547193  0.00223511301  0.000159760867
 39.9  0.00420058403  0.00193833137  0.000148627764
 39.95  0.00281913066  0.000917110739  0.000131217724
 40  0.00904580135  0.00539549475  0.000332626521
 40.05  0.00538135285  0.00252727351  0.000215063052
 40.1  0.00445484334  0.00160429049  0.000229300808
 40.15  0.00410971595  0.00192135928  0.000444266333
 40.2  0.00273167336  0.00113398255  0.000547960884
 40.25  0.00124500807  0.000472414033  0.000229673272
 40.3  0.000778958256  0.000380523847  0.000185769755
 40.35  2.62997067e-05  1.24698132e-05  1.88385478e-05
 40.4  1.26465621e-05  2.20146306e-06  1.26222339e-05
 40.45  1.01833147e-05  1.83439982e-06  1.25376952e-05
 40.5  8.40283856e-06  2.63420714e-06  1.27805152e-05
 40.55  1.30641025e-05  3.98282962e-06  1.41261622e-05
 40.6  1.91944405e-05  6.63610768e-06  1.83737375e-05
 40.65  1.74729389e-05  7.79110686e-06  2.02023357e-05
 40.7  1.57994905e-05  5.0695061e-06  1.40319672e-05
 40.75  5.85468313e-06  3.16784296e-06  9.38065279e-06
 40.8  3.60778867e-06  1.92543919e-06  5.93593234e-06
 40.85  4.74196754e-06  6.04132264e-07  4.14187402e-06
 40.9  5.7194631e-06  6.72117535e-07  3.43300815e-06
 40.95  4.05436947e-06  2.4632012e-06  4.96924811e-06
 41  2.97340804e-06  2.21433495e-06  4.36055262e-06
 41.05  2.77520566e-06  2.15449412e-06  3.91341119e-06
 41.1  2.68665928e-06  2.64554945e-06  5.1632381e-06
 41.15  4.31065142e-06  5.43273228e-07  2.88881321e-06
 41.2  9.74769626e-06  3.76639457e-06  7.19925548e-06
 41.25  1.15836206e-05  2.42504579e-06  4.87020108e-06
 41.3  1.54647283e-05  2.75684551e-06  3.72153232e-06
 41.35  1.27232247e-05  2.47111609e-06  3.02653161e-06
 41.4  1.19735025e-05  1.7525949e-06  2.12743784e-06
 41.45  7.8370731e-06  9.7923244e-07  1.7184661e-06
 41.5  4.04799972e-06  1.08984137e-06  1.81595367e-06
 41.55  3.81476657e-06  1.33190029e-06  2.25459233e-06
 41.6  3.59145193e-06  2.16280761e-06  3.10854912e-06
 41.65  3.60759218e-06  3.64200093e-06  5.90831821e-06
 41.7  5.66568657e-06  5.63839287e-06  8.97131645e-06
 41.75  7.44608301e-06  5.43907332e-06  8.64150717e-06
 41.8  6.52579871e-06  6.62667687e-06  8.88433463e-06
 41.85  5.68062909e-06  7.28407034e-06  9.87475499e-06
 41.9  2.76314723e-06  1.25212256e-06  3.3033167e-06
 41.95  5.32746537e-06  2.04377262e-06  5.08681346e-06
 42  2.44058273e-06  9.53962438e-06  1.5009489e-05
 42.05  6.83798395e-06  6.29896659e-06  9.55549794e-06
 42.1  4.66150243e-06  5.2515655e-06  7.85196284e-06
 42.15  1.97830538e-06  1.28344238e-06  3.74593613e-06
 42.2  2.31904485e-06  3.25613387e-06  6.23096613e-06
 42.25  2.51700295e-06  8.65870705e-07  3.61645324e-06
 42.3  1.92785404e-06  2.60215108e-06  5.79514004e-06
 42.35  2.02033318e-06  2.26497437e-06  4.3685398e-06
 42.4  9.48369631e-07  1.18437874e-06  2.77807024e-06
 42.45  9.79386344e-07  9.33679917e-07  2.23093782e-06
 42.5  1.10590171e-06  4.53618612e-07  1.49365147e-06
 42.55  7.69069013e-07  3.52782946e-07  1.21675347e-06
 42.6  5.61054509e-07  1.56942403e-07  9.73350187e-07
 42.65  7.15795216e-07  1.46521061e-07  1.1677771e-06
 42.7  9.59198741e-07  4.69996861e-07  1.778117e-06
 42.75  1.21927648e-06  6.78416048e-07  2.4720685e-06
 42.8  9.392092e-07  4.06243666e-07  2.13964253e-06
 42.85  1.16237815e-06  2.65710301e-06  4.15078023e-06
 42.9  9.87711051e-07  1.48020427e-06  4.07325966e-06
 42.95  1.06321784e-06  8.47799575e-07  3.83825358e-06
 43  1.85135526e-06  3.69895838e-06  5.23799034e-06
 43.05  2.85151569e-06  5.85681882e-06  7.66829881e-06
 43.1  2.29048558e-06  2.17729005e-06  4.09858102e-06
 43.15  4.25397446e-06  6.32340336e-06  7.49797622e-06
 43.2  4.74217888e-06  3.91354395e-06  4.97331712e-06
 43.25  1.27125262e-05  6.55819443e-06  1.10198762e-05
 43.3  5.1765582e-05  3.00445494e-05  4.8956965e-05
 43.35  6.78772454e-05  5.72390856e-05  9.5928522e-05
 43.4  4.50259216e-05  2.45326861e-05  5.23880916e-05
 43.45  4.45532757e-05  4.02976004e-05  5.1138966e-05
 43.5  1.8684199e-05  2.18428309e-05  4.69100994e-05
 43.55  2.44711914e-05  1.56261351e-05  4.3148859e-05
 43.6  3.59380402e-05  1.19054281e-05  1.8940173e-05
 43.65  3.19755717e-05  1.59768676e-06  4.64299861e-06
 43.7  2.07795887e-05  2.99782587e-06  6.15075568e-06
 43.75  1.52012192e-05  4.95584185e-07  2.71652289e-06
 43.8  1.26718316e-05  3.23548446e-07  2.06652415e-06
 43.85  1.33161198e-05  1.60196914e-06  3.80499301e-06
 43.9  1.66564638e-05  4.7373168e-06  1.02878767e-05
 43.95  1.06412846e-05  2.73932366e-06  7.54469271e-06
 44  1.11731538e-05  9.84330283e-07  3.8983178e-06
 44.05  2.7887308e-05  1.49179867e-05  2.09152796e-05
 44.1  3.17348511e-05  1.870922e-06  8.56249132e-06
 44.15  4.06519e-05  1.47166408e-05  2.1161989e-05
 44.2  6.18641281e-05  1.31680875e-05  3.8294938e-05
 44.25  9.0431793e-05  4.28367993e-05  7.43544849e-05
 44.3  0.000100389483  2.03159916e-05  3.91107794e-05
 44.35  0.000222035493  0.000345445271  0.000387941058
 44.4  0.000278295301  0.000350593294  0.000358974677
 44.45  0.000331109007  0.000232524974  0.000227310491
 44.5  0.00059390563  0.000130731282  0.000114758909
 44.55  0.00114449212  0.00110679009  0.00113422402
 44.6  0.00148470439  0.0010100446  0.00100105751
 44.65  0.00195961952  0.00106136544  0.00126220433
 44.7  0.00227545445  0.00336266432  0.00311005369
 44.74  nan  nan  nan
