# X (m) TKE_avg epsilon_turb_avg epsilon_avg
 18.05  0.000303702741  1.33792932e-05  1.25414324e-05
 18.1  0.00033351242  1.22909235e-05  1.15611225e-05
 18.15  0.000314402422  1.59645326e-05  1.6885885e-05
 18.2  0.000267375571  6.06663567e-06  1.16067198e-05
 18.25  0.000241934135  5.44072573e-06  1.0065261e-05
 18.3  0.000357895155  1.80705873e-05  6.41488075e-06
 18.35  0.000384976419  1.51167947e-05  2.49147043e-06
 18.4  0.000314607896  1.4171946e-05  1.29093993e-06
 18.45  3.02092791e-05  3.42716276e-06  1.73701224e-06
 18.5  3.02857802e-05  1.13617273e-06  2.93043822e-06
 18.55  2.59276488e-05  2.62202205e-06  5.03169357e-06
 18.6  0.000103336344  5.5396129e-06  7.76149616e-06
 18.65  0.00014429559  5.60738521e-06  7.46914787e-06
 18.7  0.000106293566  4.14994957e-06  1.6288067e-05
 18.75  3.88328057e-05  1.23241405e-06  1.74464296e-05
 18.8  3.09552982e-05  1.25892961e-06  2.41055896e-05
 18.85  5.14154938e-05  1.93481127e-06  2.61242592e-05
 18.9  7.64219192e-05  2.2786019e-06  2.59448814e-05
 18.95  0.000137711303  4.23616761e-06  4.16450602e-05
 19  0.000185163587  8.30700699e-06  4.15099872e-05
 19.05  0.000250567792  3.44312554e-05  3.90570132e-05
 19.1  0.000234134976  1.26040816e-05  3.70687238e-05
 19.15  0.000376937229  1.83989167e-05  4.76957419e-05
 19.2  0.000690302167  2.39108332e-05  4.7456445e-05
 19.25  0.000818387944  3.45264395e-05  4.88688695e-05
 19.3  0.000659952497  2.61105172e-05  6.29891893e-05
 19.35  0.000610164047  1.7684413e-05  4.47147624e-05
 19.4  0.000655181913  2.02194286e-05  4.82730413e-05
 19.45  0.00121531337  4.54322867e-05  5.29721185e-05
 19.5  0.000970617004  4.54326269e-05  3.16222535e-05
 19.55  0.000845463749  2.68203812e-05  5.55331523e-05
 19.6  0.000729361827  1.88430211e-05  4.89602115e-05
 19.65  0.000639444425  1.73788082e-05  3.39191823e-05
 19.7  0.000413031942  1.52665629e-05  5.15442407e-05
 19.75  0.000295221997  1.16985315e-05  6.20113428e-05
 19.8  0.000360554648  1.72296903e-05  7.28807698e-05
 19.85  0.00035004905  1.70096557e-05  0.000128287554
 19.9  0.000336516492  2.31634429e-05  0.00010130137
 19.95  0.00024274109  2.02033531e-05  0.000121738716
 20  0.000553023127  2.41899434e-05  9.2219807e-05
 20.05  0.0014698123  0.000195314293  0.000122248556
 20.1  0.00242379421  7.73625723e-05  0.000115171189
 20.15  0.000407590725  5.41987991e-05  0.000110942113
 20.2  0.000320704032  4.777906e-05  6.49872308e-05
 20.25  0.000332109284  4.63172588e-05  4.64243504e-05
 20.3  0.000770632169  0.000212039505  3.22290453e-05
 20.35  0.000824724809  0.00048947539  2.42696904e-05
 20.4  0.000976825336  0.000203684111  2.45566057e-05
 20.45  0.00117431784  0.000233555231  2.63967892e-05
 20.5  0.00158811026  0.00103894906  2.17612007e-05
 20.55  0.00123752354  0.000314841162  2.49035923e-05
 20.6  0.00144511624  0.000208155083  2.98690625e-05
 20.65  0.00192020704  0.000400119679  4.50085718e-05
 20.7  0.00262700266  0.000246788348  4.72874476e-05
 20.75  0.00216306606  0.000264601864  4.42105762e-05
 20.8  0.00295223027  0.00065134743  8.55216749e-05
 20.85  0.00347950135  0.000437937528  8.86580834e-05
 20.9  0.00567191024  0.000951869456  0.000109883602
 20.95  0.0085884677  0.00155467852  0.000193042924
 21  0.0058061676  0.0008332147  0.000132281508
 21.05  0.0123901555  0.0031016582  0.000466290789
 21.1  0.0141087503  0.00491507543  0.000473415747
 21.15  0.023712575  0.0065888622  0.000549763305
 21.2  0.0141230895  0.00278444479  0.000259764916
 21.25  0.0128152488  0.00277817221  0.000269923962
 21.3  0.0083974712  0.00175326853  0.000232977142
 21.35  0.0123128529  0.00237510255  0.000289576912
 21.4  0.0139682846  0.00339695496  0.000344525045
 21.45  0.0112458042  0.00276884985  0.000220027468
 21.5  0.0214088455  0.00565978272  0.000334129652
 21.55  0.038604489  0.0112803899  0.000581334242
 21.6  0.0224561844  0.00904603809  0.000501060862
 21.65  0.0228340742  0.0102468486  0.000594814971
 21.7  0.0279964592  0.00963626613  0.00051334749
 21.75  0.0175937634  0.0166216272  0.000449011432
 21.8  0.0326335659  0.00940276234  0.000555022575
 21.85  0.0222784476  0.00815810024  0.000753407946
 21.9  0.0315894404  0.0153908172  0.00104516709
 21.95  0.0554804643  0.0254733592  0.00156246296
 22  0.0483738171  0.028372999  0.00238771947
 22.05  0.049916948  0.0355239166  0.00274310682
 22.1  0.0372164834  0.0329510375  0.00377951869
 22.15  0.0084199755  0.000922473342  0.00165902228
 22.2  0.00561686073  0.000825236215  0.000465167832
 22.25  0.00465314394  0.000718990188  0.000267295711
 22.3  0.00551482212  0.000845017775  0.000234883362
 22.35  0.00296739746  0.000424372461  0.000157412829
 22.4  0.00351868484  0.000645299022  0.000162770643
 22.45  0.00346861967  0.000601058811  0.000179402499
 22.5  0.00252071602  0.00024624032  0.000101495936
 22.55  0.0032344937  0.00029414842  0.00013083258
 22.6  0.0027975282  0.000247850537  0.000115496043
 22.65  0.00332835433  0.000340782159  9.45115399e-05
 22.7  0.00296753444  0.000357915077  9.18781253e-05
 22.75  0.00397915527  0.000412938464  0.000108548851
 22.8  0.00633908913  0.000757211869  0.000184607741
 22.85  0.00631117638  0.00111434263  0.000230941276
 22.9  0.00531162407  0.000927628925  0.000164114567
 22.95  0.00658668359  0.00112958905  0.000180252542
 23  0.00480541496  0.00073806578  0.000191426571
 23.05  0.00512108462  0.000883917616  0.000336868735
 23.1  0.00607539257  0.00169852675  0.000452720665
 23.15  0.00534496437  0.000739244801  0.000598773408
 23.2  0.00599490059  0.000668597065  0.00176392469
 23.25  0.0128673147  0.001966284  0.00182155873
 23.3 -0 -0 -0
 23.35 -0 -0 -0
 23.4 -0 -0 -0
 23.45 -0 -0 -0
 23.5 -0 -0 -0
 23.55 -0 -0 -0
 23.6 -0 -0 -0
 23.65 -0 -0 -0
 23.7  0.00106158225  0.000177459461  0.00119526303
 23.75  0.000634373207  3.52149089e-05  0.00049134668
 23.8  6.15739086e-05  7.26961583e-06  2.47443131e-05
 23.81  nan  nan  nan
