# X (m) TKE_avg epsilon_turb_avg epsilon_avg
 18.05  0.000376395296  1.62155295e-05  1.44443818e-05
 18.1  0.000408664636  1.51397056e-05  1.31702358e-05
 18.15  0.000372914383  1.71682598e-05  6.13921849e-06
 18.2  0.000309299584  7.61821604e-06  2.08977817e-06
 18.25  0.000264747136  6.44056788e-06  1.43406376e-06
 18.3  0.000351473657  1.58335982e-05  1.94793979e-06
 18.35  0.000346664085  1.18642088e-05  1.48777262e-06
 18.4  0.000274487694  1.18495049e-05  4.10291076e-06
 18.45  2.26006901e-05  2.16668046e-06  2.43012813e-06
 18.5  2.36367704e-05  6.59045079e-07  7.23370015e-06
 18.55  2.10087818e-05  2.05981502e-06  9.24309274e-06
 18.6  7.02279792e-05  3.43608084e-06  1.03112126e-05
 18.65  8.78754315e-05  3.23935916e-06  1.04611951e-05
 18.7  6.50461987e-05  2.06088026e-06  1.87690314e-05
 18.75  3.10136426e-05  7.17515993e-07  2.10671422e-05
 18.8  2.83681654e-05  7.26632643e-07  2.706571e-05
 18.85  6.72057023e-05  1.84972754e-06  3.26050355e-05
 18.9  0.000106232324  2.33270965e-06  2.4251942e-05
 18.95  0.000200307488  5.94494165e-06  4.91937975e-05
 19  0.000268700167  7.98252047e-06  5.53581614e-05
 19.05  0.000356799765  1.20834338e-05  4.45186776e-05
 19.1  0.000316815834  1.91254113e-05  4.78724841e-05
 19.15  0.000609406327  6.46105251e-05  6.61196226e-05
 19.2  0.000910099333  3.6506923e-05  6.38935816e-05
 19.25  0.00109722687  5.21426635e-05  6.00664137e-05
 19.3  0.000816158984  3.31512796e-05  7.91396881e-05
 19.35  0.00073939183  1.61705094e-05  5.98395996e-05
 19.4  0.000762883914  2.2521612e-05  6.58826445e-05
 19.45  0.00142605175  5.14533072e-05  7.15400833e-05
 19.5  0.00110084999  4.33107128e-05  5.26117919e-05
 19.55  0.000903959309  2.74303865e-05  4.4449198e-05
 19.6  0.000758244951  2.11256202e-05  4.43964387e-05
 19.65  0.000553960134  1.68775468e-05  3.72401418e-05
 19.7  0.000313253592  1.26135247e-05  4.04479137e-05
 19.75  0.000237623593  8.059432e-06  5.5204995e-05
 19.8  0.000432369576  1.65275861e-05  6.19973333e-05
 19.85  0.000957673695  2.77534882e-05  8.05918417e-05
 19.9  0.000290384303  1.12425006e-05  9.35156917e-05
 19.95  0.000272171627  1.34402253e-05  0.000109708851
 20  0.00053249861  2.07428465e-05  6.91954807e-05
 20.05  0.00157958544  0.000112548295  0.000106747343
 20.1  0.00253490198  0.000189392488  9.6647715e-05
 20.15  0.000602692954  5.47769495e-05  9.51899716e-05
 20.2  0.000927082597  0.000395335742  6.61400481e-05
 20.25  0.000890758239  0.000300825838  5.11294737e-05
 20.3  0.000378706194  5.24204312e-05  3.57453748e-05
 20.35  0.000823199686  0.00035175587  2.96951142e-05
 20.4  0.000918181103  0.000271175069  2.78199686e-05
 20.45  0.00116694231  0.000108793736  3.23067003e-05
 20.5  0.00219595199  0.000733809055  3.64128468e-05
 20.55  0.00219538345  0.000598921797  4.1481447e-05
 20.6  0.00165112368  0.000365115664  3.56512066e-05
 20.65  0.00141974211  0.000149594186  3.33688133e-05
 20.7  0.00220510771  0.000240952258  5.30732742e-05
 20.75  0.00296914519  0.000518259026  7.03078555e-05
 20.8  0.00401640435  0.00120567303  0.000105058595
 20.85  0.00583075484  0.00132232044  0.000152362265
 20.9  0.00655826517  0.000855526304  0.000123566749
 20.95  0.00619135122  0.000860441633  0.000129874905
 21  0.00876644349  0.00162290787  0.000162143418
 21.05  0.0107286455  0.00218676818  0.000190527481
 21.1  0.0194032274  0.0046244823  0.000543344623
 21.15  0.0275770135  0.00999036137  0.000695079012
 21.2  0.0291580382  0.00587920197  0.000626729923
 21.25  0.0412756021  0.00982469023  0.000778787746
 21.3  0.0251271961  0.00611720796  0.000612628029
 21.35  0.0109318876  0.00259356929  0.000590293344
 21.4  0.00701265099  0.00177620748  0.00023570434
 21.45  0.00783518544  0.00204874472  0.000195799788
 21.5  0.0101090327  0.00205861081  0.000284569955
 21.55  0.0174592083  0.00474944424  0.000360538461
 21.6  0.0205655173  0.00658946295  0.000464858328
 21.65  0.0204490784  0.00861517072  0.000750942184
 21.7  0.0190744006  0.00735143674  0.000587996614
 21.75  0.0294868529  0.012390833  0.000678500389
 21.8  0.0209505407  0.00839548792  0.000618817431
 21.85  0.0448646624  0.0205314374  0.00104454642
 21.9  0.0311503927  0.0135843286  0.00134476652
 21.95  0.0248967839  0.0114003769  0.00114124997
 22  0.0897819195  0.0515175361  0.00372307633
 22.05  0.0366780504  0.0176293255  0.00318473795
 22.1  0.00770254431  0.00143084637  0.001304899
 22.15  0.00567927015  0.00219942411  0.000594095956
 22.2  0.00586011794  0.000964127968  0.00033724695
 22.25  0.00865789283  0.00132851117  0.000242493171
 22.3  0.00767990456  0.00103692971  0.000196692617
 22.35  0.00478691916  0.00127604787  0.000203000308
 22.4  0.00395968719  0.000709176982  0.000191571464
 22.45  0.00356945455  0.000431983959  0.000174729907
 22.5  0.00607882455  0.000806487896  0.000193425351
 22.55  0.00352337722  0.000274659842  0.000106143452
 22.6  0.00595786003  0.000677932651  0.00028571092
 22.65  0.00353687957  0.000637182395  0.000140626559
 22.7  0.0041448113  0.000377776282  0.000130502578
 22.75  0.00406819863  0.000353351543  0.000135785802
 22.8  0.00584121299  0.000758073579  0.000162019835
 22.85  0.00521087851  0.000637558943  0.0001727891
 22.9  0.0044706818  0.000675331925  0.000118039882
 22.95  0.00560031518  0.00100724624  0.000193843356
 23  0.00615381627  0.00123385939  0.000255611374
 23.05  0.0038716096  0.000664266667  0.000277035734
 23.1  0.00445882077  0.000888793177  0.000259819921
 23.15  0.0059571068  0.000531778554  0.000361742879
 23.2  0.00597367987  0.000684901821  0.00114802865
 23.25  0.00987629375  0.00216813823  0.0018775338
 23.3 -0 -0 -0
 23.35 -0 -0 -0
 23.4 -0 -0 -0
 23.45 -0 -0 -0
 23.5 -0 -0 -0
 23.55 -0 -0 -0
 23.6 -0 -0 -0
 23.65 -0 -0 -0
 23.7  0.00128293429  0.000414472987  0.00163822454
 23.75  0.00058931884  0.000272079663  0.000405277977
 23.8  8.75100574e-05  8.37025914e-06  1.98523632e-05
 23.81  nan  nan  nan
