# X (m) TKE_avg epsilon_turb_avg epsilon_avg
 18.05  8.7920434e-05  2.91942358e-06  1.20159763e-05
 18.1  0.00010585348  2.14616192e-06  1.28250508e-05
 18.15  0.000117819494  2.73843464e-06  1.70477509e-05
 18.2  0.00015261266  2.80853754e-06  2.53227728e-05
 18.25  0.000196698907  4.04140386e-06  3.76146769e-05
 18.3  0.000355382196  1.26844405e-05  2.62209274e-05
 18.35  0.000503452422  1.38219522e-05  3.10248952e-05
 18.4  0.000570335016  2.08619419e-05  4.98984897e-05
 18.45  3.6397686e-05  5.95753892e-06  4.71679075e-05
 18.5  4.74071932e-05  1.8155209e-06  5.67978937e-05
 18.55  5.45545547e-05  9.28461223e-06  5.65109045e-05
 18.6  0.000579653639  3.26616039e-05  4.73076754e-05
 18.65  0.00111890191  4.50301439e-05  7.48668665e-05
 18.7  0.00118618299  4.71571037e-05  4.79176381e-05
 18.75  1.17353638e-05  4.52872586e-07  4.32132892e-05
 18.8  1.06310894e-05  1.2117696e-06  4.24370074e-05
 18.85  0.000463829871  7.66833147e-06  3.83819131e-05
 18.9  0.000598742491  1.52560357e-05  4.57451441e-05
 18.95  0.00107882948  4.454294e-05  3.73109399e-05
 19  0.00097295483  3.69940791e-05  3.15670239e-05
 19.05  0.000890732317  3.59915481e-05  2.83708451e-05
 19.1  0.00045760945  2.83137054e-05  2.78812511e-05
 19.15  0.000552334002  3.25078246e-05  2.24044668e-05
 19.2  0.000752393598  2.89396624e-05  2.58996659e-05
 19.25  0.000665604582  2.95102067e-05  2.20694311e-05
 19.3  0.000361548117  1.43558829e-05  1.72951923e-05
 19.35  0.000252103798  4.73985774e-06  1.70589946e-05
 19.4  0.000228049634  3.65517132e-06  1.57753781e-05
 19.45  0.000414244777  1.40296768e-05  1.83656962e-05
 19.5  0.000328687955  1.09255339e-05  1.71538704e-05
 19.55  0.000290170745  7.90614088e-06  1.24929375e-05
 19.6  0.000247911946  4.64072639e-06  1.29797027e-05
 19.65  0.000217338839  3.62310843e-06  9.00530634e-06
 19.7  0.000186809787  4.52991531e-06  1.68201313e-05
 19.75  0.000245539579  9.07700783e-06  2.90974402e-05
 19.8  0.000238925958  1.3296579e-05  3.9486137e-05
 19.85  0.000160070947  8.90114307e-06  1.99542958e-05
 19.9  5.56314172e-05  2.19060804e-06  1.95190216e-05
 19.95  3.55510157e-05  2.46714368e-06  4.35136737e-05
 20  3.80983049e-05  2.01595226e-06  1.47126363e-05
 20.05  5.25057088e-05  2.07005424e-06  5.76693315e-05
 20.1  0.000185196377  2.43769114e-05  4.55501052e-05
 20.15  0.000242197932  3.86967194e-05  8.49810949e-05
 20.2  0.000237566456  3.08951393e-05  0.000111889654
 20.25  0.000525967065  2.65588361e-05  9.94487579e-05
 20.3  0.000615658994  4.38902963e-05  0.000204329437
 20.35  0.00071267517  0.00016653631  0.000125042806
 20.4  0.0025323824  0.000488593512  0.000170560963
 20.45  0.00420223293  0.000559973171  0.000316561393
 20.5  0.00542016019  0.00219205643  0.000288089628
 20.55  0.00458185985  0.00139987435  0.00053612312
 20.6  0.00698617583  0.0025085526  0.000455240673
 20.65  0.0146375345  0.00956687897  0.00130349384
 20.7  0.0165823732  0.0116258892  0.00158581403
 20.75  0.0101790119  0.00385494107  0.00077744077
 20.8  0.00679097405  0.00275767546  0.000826067729
 20.85  0.00761169154  0.00303747733  0.00049899171
 20.9  0.00687261961  0.00223859612  0.000344515571
 20.95  0.00971033354  0.00146522715  0.000217429312
 21  0.0126489  0.00247826399  0.000310605838
 21.05  0.00811639656  0.00133892999  0.000193188235
 21.1  0.00876902791  0.00187456558  0.000355141749
 21.15  0.00626501552  0.00144518475  0.000276869636
 21.2  0.00929630417  0.00140713353  0.000236661404
 21.25  0.00891627382  0.00163191629  0.000257749498
 21.3  0.00686232391  0.00143622153  0.000229634716
 21.35  0.00956239034  0.00219310362  0.000398335746
 21.4  0.00958530743  0.00207205387  0.000288033741
 21.45  0.013215573  0.00356293665  0.000361146238
 21.5  0.00624524356  0.00156427942  0.000175429181
 21.55  0.00873619446  0.00154171972  0.000202610741
 21.6  0.00621433849  0.00120407657  0.000164550228
 21.65  0.00630030115  0.00184928111  0.000270954592
 21.7  0.00801224542  0.00147624565  0.000233255873
 21.75  0.00997008543  0.0038036517  0.000475791504
 21.8  0.0104532301  0.00283160207  0.000296516325
 21.85  0.0109064334  0.00322084315  0.000358741053
 21.9  0.00867599431  0.00162281372  0.000251615502
 21.95  0.0129185115  0.00251585609  0.000294659291
 22  0.012211505  0.00258911489  0.000304738504
 22.05  0.0137595164  0.00276945842  0.000408789283
 22.1  0.0126670769  0.00279812906  0.000616501185
 22.15  0.0125090294  0.00370131131  0.000407111332
 22.2  0.0178907804  0.00635681533  0.00061959844
 22.25  0.0237276502  0.00670753537  0.000536675013
 22.3  0.00532532599  0.00182975709  0.000178263042
 22.35  0.00472814503  0.000587121677  0.000140023576
 22.4  0.00299148343  0.000375355577  0.00011833085
 22.45  0.00477940445  0.00156642123  0.000178840799
 22.5  0.0062236967  0.00174264295  0.000352829706
 22.55  0.00976331223  0.00073633747  0.000427343111
 22.6  0.0152359634  0.00210889978  0.00151529553
 22.65  0.0182081387  0.00936062491  0.00318621777
 22.7  0.00347232339  0.000587083039  0.000853184477
 22.75  0.00353097717  0.00120526693  0.000684464904
 22.8  0.00296863013  0.000300976872  0.000684133454
 22.85  0.00332115956  0.000348607167  0.000525385036
 22.9  0.00533974984  0.000939241096  0.000479494887
 22.95  0.00808380529  0.0026059852  0.000572763872
 23  0.00985161662  0.00370198917  0.000874159034
 23.05 -0 -0 -0
 23.1 -0 -0 -0
 23.15 -0 -0 -0
 23.2 -0 -0 -0
 23.25 -0 -0 -0
 23.3 -0 -0 -0
 23.35 -0 -0 -0
 23.4 -0 -0 -0
 23.45 -0 -0 -0
 23.5 -0 -0 -0
 23.55 -0 -0 -0
 23.6 -0 -0 -0
 23.65 -0 -0 -0
 23.7  0.00119954391  0.000397757778  0.000579063014
 23.75  0.000627114272  0.000613789599  0.000145325303
 23.8  0.000658847664  7.85900584e-05  0.000120392783
 23.81  0.000275182316  2.18167629e-05  3.47214139e-05
