# X (m) TKE_avg epsilon_turb_avg epsilon_avg
 18.05  0.0002139109  9.89082776e-06  6.98803075e-06
 18.1  0.000185407962  6.73446901e-06  5.36101764e-06
 18.15  0.000125762651  5.12070385e-06  5.08024783e-06
 18.2  8.21552834e-05  2.24981627e-06  8.15541086e-06
 18.25  7.78888528e-05  2.2650103e-06  8.31719303e-06
 18.3  8.4228858e-05  1.84473716e-06  1.5856468e-05
 18.35  0.000126156986  2.90060844e-06  1.37111535e-05
 18.4  0.000169841822  4.67094274e-06  1.7301597e-05
 18.45  2.94705949e-05  2.39263822e-06  2.65965518e-05
 18.5  3.58708178e-05  1.20160878e-06  3.34551598e-05
 18.55  4.19853602e-05  4.56466219e-06  3.82785573e-05
 18.6  0.000347632983  1.82907848e-05  4.93923707e-05
 18.65  0.0007782642  2.7852087e-05  3.77083581e-05
 18.7  0.00095081889  3.49241014e-05  6.01140858e-05
 18.75  2.88583516e-05  2.05208969e-06  6.23888057e-05
 18.8  3.43146764e-05  2.20996104e-06  6.30917444e-05
 18.85  0.000558304177  9.05612286e-06  7.30198742e-05
 18.9  0.000791654759  1.90347123e-05  7.06643242e-05
 18.95  0.00150375518  6.52442568e-05  6.1394037e-05
 19  0.00144540147  5.69805209e-05  5.4283652e-05
 19.05  0.00137791345  5.60831892e-05  5.61646238e-05
 19.1  0.000752893875  4.46877147e-05  3.36409977e-05
 19.15  0.000937360156  6.18699916e-05  2.80726865e-05
 19.2  0.00114882694  4.83714254e-05  2.42278055e-05
 19.25  0.000856297566  4.12027694e-05  2.04585413e-05
 19.3  0.000407356355  1.62621098e-05  1.47370005e-05
 19.35  0.000250044031  8.09619555e-06  2.38118901e-05
 19.4  0.000213361319  5.92198158e-06  2.59240813e-05
 19.45  0.00031054274  6.70908942e-06  3.66652172e-05
 19.5  0.000391830852  1.11350402e-05  3.98682289e-05
 19.55  0.000803312867  1.93009555e-05  5.80512574e-05
 19.6  0.00111544695  2.11490033e-05  5.64450611e-05
 19.65  0.00144712787  2.62414298e-05  7.94783831e-05
 19.7  0.00173938616  4.63346525e-05  5.46457035e-05
 19.75  0.0032330375  0.00013289598  5.55180983e-05
 19.8  0.00362305471  0.000152238375  4.26459815e-05
 19.85  0.00372184443  0.000109082305  5.01278986e-05
 19.9  0.0014094097  3.37210373e-05  3.73534336e-05
 19.95  0.000707021518  0.00010646035  3.59875781e-05
 20  0.000626423268  2.26988768e-05  3.06345439e-05
 20.05  0.000862549069  9.45295205e-05  3.68067913e-05
 20.1  0.000562970163  3.28389208e-05  3.58894235e-05
 20.15  0.00035052507  3.29941317e-05  3.33993337e-05
 20.2  0.000381024941  5.15521982e-05  2.20317173e-05
 20.25  0.000460159791  5.88604724e-05  1.9993044e-05
 20.3  0.000476132939  3.04930424e-05  1.61848305e-05
 20.35  0.000529240951  3.50705349e-05  2.09627559e-05
 20.4  0.000538759113  6.91689467e-05  1.45717656e-05
 20.45  0.000826828302  0.000123377726  2.20425862e-05
 20.5  0.00110680601  0.000159471311  3.31170942e-05
 20.55  0.0019827337  0.000271111295  4.78828953e-05
 20.6  0.00222953984  0.00021666778  6.34246313e-05
 20.65  0.00187275008  0.000129111424  5.6799402e-05
 20.7  0.00199098873  0.000176770603  6.37361482e-05
 20.75  0.00320568917  0.000550639137  8.62715635e-05
 20.8  0.00353052238  0.000652314621  0.000121444633
 20.85  0.00573572406  0.00101059496  0.000140979396
 20.9  0.00859970793  0.00133312655  0.000182312789
 20.95  0.010833208  0.00163240796  0.000261282849
 21  0.01285941  0.00339454415  0.000310831304
 21.05  0.0173997526  0.00393678106  0.000512703592
 21.1  0.0475199869  0.0189334056  0.00132203708
 21.15  0.0564716517  0.024864394  0.00174118221
 21.2  0.0653716937  0.0214923605  0.00119761373
 21.25  0.0581490256  0.0158207841  0.00152345646
 21.3  0.0167897019  0.00678299574  0.000601780229
 21.35  0.0146611755  0.00604435587  0.000551592505
 21.4  0.0142293776  0.00445330824  0.00032766635
 21.45  0.0148176455  0.00554728256  0.000361036082
 21.5  0.0173518309  0.00778879116  0.000552637886
 21.55  0.0231387097  0.0116388744  0.000632801562
 21.6  0.0481171381  0.0140300993  0.00093760648
 21.65  0.0263227204  0.0280292034  0.00111893083
 21.7  0.0215233586  0.00587562571  0.000561549826
 21.75  0.00738354246  0.00417123292  0.000853562329
 21.8  0.017788876  0.0084215832  0.000747245105
 21.85  0.0056147001  0.00169801484  0.000407122144
 21.9  0.00674054002  0.00332965802  0.000825433994
 21.95  0.0127675961  0.00197631664  0.00148798219
 22  0.0099883026  0.00355546335  0.00333289834
 22.05  0.00622189188  0.00105450885  0.00110533076
 22.1  0.00461641758  0.000686123244  0.00070289199
 22.15  0.00736397993  0.00211707101  0.00111343756
 22.2  0.00562966491  0.00138762063  0.000452291549
 22.25  0.0086365086  0.00220793317  0.000387978399
 22.3  0.00863236128  0.00141214689  0.000229413801
 22.35  0.00667442223  0.000944723358  0.000231880167
 22.4  0.00628912403  0.00111445905  0.000175335933
 22.45  0.00392843865  0.000513680117  0.000134258042
 22.5  0.00720415608  0.00106377834  0.00019378466
 22.55  0.00533386822  0.000931253804  0.000126684266
 22.6  0.00837995446  0.00129855653  0.000260930768
 22.65  0.0043667914  0.000648993037  0.000169533832
 22.7  0.00587739951  0.000760000803  0.000199706073
 22.75  0.00726117794  0.00121030919  0.000348500863
 22.8  0.00856024597  0.00173103258  0.000281637962
 22.85  0.0086471169  0.00208177166  0.0005029861
 22.9  0.00550186815  0.00104811545  0.000244035071
 22.95  0.0125415558  0.00196946255  0.000340316123
 23  0.0103651384  0.00263733694  0.000540911918
 23.05  0.00759698098  0.00184854461  0.00105249762
 23.1  0.00789460344  0.00143310975  0.000785941419
 23.15  0.00780067349  0.00193633158  0.00138807708
 23.2  0.00928005976  0.00219083652  0.00184888763
 23.25  0.0114203104  0.00234313066  0.00180985722
 23.3 -0 -0 -0
 23.35 -0 -0 -0
 23.4 -0 -0 -0
 23.45 -0 -0 -0
 23.5 -0 -0 -0
 23.55 -0 -0 -0
 23.6 -0 -0 -0
 23.65 -0 -0 -0
 23.7  0.000933616072  0.000198896473  0.00113500475
 23.75  0.000567788979  0.000394275771  0.00040585969
 23.8  0.000123147286  1.10025869e-05  2.13603886e-05
 23.81  nan  nan  nan
