# X (m) TKE_avg epsilon_turb_avg epsilon_avg
 18.05  0.000478380288  1.77747883e-05  2.2318715e-05
 18.1  0.000658755787  2.15955298e-05  2.51626739e-05
 18.15  0.000773190395  2.91681133e-05  2.39439111e-05
 18.2  0.000703871114  1.47657068e-05  3.16573996e-05
 18.25  0.000694339292  1.47035191e-05  4.0243569e-05
 18.3  0.00111324456  4.8870643e-05  2.54170311e-05
 18.35  0.00133129163  4.16330858e-05  2.60763768e-05
 18.4  0.00128443448  5.20840631e-05  2.90746311e-05
 18.45  5.70745316e-05  1.22961028e-05  3.23606449e-05
 18.5  6.55340323e-05  2.75483607e-06  2.95275515e-05
 18.55  8.3823983e-05  1.47590628e-05  2.80209615e-05
 18.6  0.000838365311  4.78223387e-05  2.24091868e-05
 18.65  0.00146206367  6.14583134e-05  2.94180801e-05
 18.7  0.0014626879  5.86728602e-05  1.83443524e-05
 18.75  1.03509619e-05  6.26649965e-07  1.80785602e-05
 18.8  1.07816574e-05  1.38295957e-06  1.44521879e-05
 18.85  0.000452431796  7.98528482e-06  1.31307795e-05
 18.9  0.000553954221  1.50222478e-05  1.31930638e-05
 18.95  0.000916334428  3.89012407e-05  1.41140814e-05
 19  0.000776373456  3.02865764e-05  1.28109729e-05
 19.05  0.000653081033  2.68693866e-05  1.2510001e-05
 19.1  0.000318903935  1.98949349e-05  1.19739772e-05
 19.15  0.00035076832  2.08426489e-05  1.33064855e-05
 19.2  0.000442276132  1.72754744e-05  1.42386232e-05
 19.25  0.000351792384  1.55706489e-05  1.37226118e-05
 19.3  0.000176580095  6.70656369e-06  1.63266482e-05
 19.35  0.00011396899  2.79512463e-06  1.44264861e-05
 19.4  8.57651031e-05  1.95216048e-06  2.31248649e-05
 19.45  7.09455552e-05  2.32306907e-06  2.07081366e-05
 19.5  3.11364456e-05  1.29662692e-06  2.18549919e-05
 19.55  5.26459379e-05  1.58575474e-06  2.28346853e-05
 19.6  8.52926971e-05  1.53968094e-06  3.72767737e-05
 19.65  0.000154589776  2.41085286e-06  3.54520038e-05
 19.7  0.000288137252  6.0999834e-06  0.000102824439
 19.75  0.000774109973  3.30385839e-05  7.51308915e-05
 19.8  0.00112140379  3.56216909e-05  7.92597318e-05
 19.85  0.00153016364  3.45827254e-05  8.87902037e-05
 19.9  0.000743875559  7.7220114e-06  9.6174405e-05
 19.95  0.00043020572  3.81882848e-05  0.00014357669
 20  0.000420732599  1.32422638e-05  0.000100216958
 20.05  0.00171953657  9.61397224e-05  0.000114362606
 20.1  0.00209384543  8.47937164e-05  0.000201221079
 20.15  0.0015291735  0.000139504634  0.000291356785
 20.2  0.000771194781  3.76945778e-05  0.000370217802
 20.25  0.00046640332  2.78449959e-05  9.89494358e-05
 20.3  0.000598833951  3.10856694e-05  9.70071643e-05
 20.35  0.00110427253  0.000122212826  8.05173214e-05
 20.4  0.00183635102  0.000403374071  9.16179702e-05
 20.45  0.00220098973  0.000569123877  0.000140885807
 20.5  0.00418923094  0.00215606608  0.000118751374
 20.55  0.00350365423  0.00166023768  0.000102645391
 20.6  0.00367288804  0.00157474395  7.90036736e-05
 20.65  0.00382135004  0.00167508597  8.85385487e-05
 20.7  0.00437016754  0.00257422345  0.000144316519
 20.75  0.00589758949  0.00205330653  0.000239722534
 20.8  0.00370423982  0.000836468586  0.000191699379
 20.85  0.00656013647  0.0008387247  0.000318724624
 20.9  0.0107020679  0.00180243914  0.000474645651
 20.95  0.00994709572  0.00199175694  0.000289841202
 21  0.0103228286  0.00298150673  0.000417538161
 21.05  0.014677541  0.00312400757  0.000378899932
 21.1  0.0159056486  0.00324500443  0.000299032939
 21.15  0.0138929763  0.00427341123  0.000421966507
 21.2  0.0100080891  0.00321628219  0.000367256432
 21.25  0.0125607414  0.0024612436  0.000476553162
 21.3  0.0108714103  0.00409050148  0.000385997369
 21.35  0.00895320973  0.00228093985  0.000302061253
 21.4  0.013760051  0.00538919998  0.000463765729
 21.45  0.0163665794  0.00470798166  0.000392096043
 21.5  0.0133757369  0.00271777123  0.0003040936
 21.55  0.012242147  0.00264903933  0.000267537004
 21.6  0.00913601705  0.00196722951  0.00024684127
 21.65  0.00772135059  0.00282494321  0.000270861905
 21.7  0.0107391048  0.00220296464  0.000268903425
 21.75  0.0132723746  0.00539631909  0.000453434349
 21.8  0.0252736245  0.0130959772  0.000981536764
 21.85  0.0221823717  0.00867736267  0.000659257574
 21.9  0.0192058202  0.0079178463  0.000568190052
 21.95  0.0241243267  0.00587216718  0.000834691928
 22  0.0239455135  0.00716410772  0.000719146123
 22.05  0.0225907804  0.00828279014  0.00146768862
 22.1  0.0275538614  0.00813904119  0.000763780077
 22.15  0.0417417267  0.01162994  0.00121812431
 22.2  0.0388892547  0.0126149501  0.000783168631
 22.25  0.0157200967  0.00463708501  0.000429746388
 22.3  0.00634979066  0.00173051898  0.000229454804
 22.35  0.00763046224  0.00189361956  0.000463527156
 22.4  0.00399535236  0.000573439059  0.000337131237
 22.45  0.00548656202  0.000978906688  0.0005802125
 22.5  0.00447338333  0.000253582196  0.000601285018
 22.55  0.00571766952  0.000634322867  0.000786658885
 22.6  0.00430817311  0.000594110298  0.000628751597
 22.65  0.00380821446  0.000368863886  0.000411453117
 22.7  0.00368693919  0.000449810352  0.000484924432
 22.75  0.00278711386  0.000509007186  0.000377677318
 22.8  0.00340264352  0.000449584296  0.000309175665
 22.85  0.00369137629  0.000390151011  0.000429282432
 22.9  0.00340605654  0.000349727485  0.000305507065
 22.95  0.00468877607  0.000697990309  0.000456626264
 23  0.0108256261  0.00298418379  0.00970165432
 23.05  0.0108130779  0.00819370774  0.0203781955
 23.1 -0 -0 -0
 23.15 -0 -0 -0
 23.2 -0 -0 -0
 23.25 -0 -0 -0
 23.3 -0 -0 -0
 23.35 -0 -0 -0
 23.4 -0 -0 -0
 23.45 -0 -0 -0
 23.5 -0 -0 -0
 23.55 -0 -0 -0
 23.6 -0 -0 -0
 23.65 -0 -0 -0
 23.7  0.00222377968  0.000981548908  0.000920873638
 23.75  0.000725188751  0.000427550797  0.000241680144
 23.8  0.000522407617  4.20828448e-05  6.45511056e-05
 23.81  0.000318836174  1.88085916e-05  3.59609867e-05
