# X (m) TKE_avg epsilon_turb_avg epsilon_avg
 18.05  5.67254246e-06  1.32567748e-07  1.34089239e-05
 18.1  5.66156195e-06  1.11533393e-07  1.49581332e-05
 18.15  5.75618786e-06  1.77801866e-07  1.79805216e-05
 18.2  2.44647155e-05  1.12207869e-06  2.33589751e-05
 18.25  6.99617808e-06  4.17954056e-07  2.31631719e-05
 18.3  8.08584387e-06  1.03812273e-06  3.60026428e-05
 18.35  0.00019270401  5.38582401e-06  2.2167312e-05
 18.4  0.000209163103  3.66153958e-06  2.62712781e-05
 18.45  0.000230997669  4.06663728e-06  2.99985499e-05
 18.5  0.000247481687  4.44548161e-06  2.36312513e-05
 18.55  0.000261434272  4.75442321e-06  2.74696703e-05
 18.6  0.000271300333  5.80725727e-06  2.47681755e-05
 18.65  5.72936873e-06  1.81576378e-07  2.12161357e-05
 18.7  0.000108096007  2.01995691e-06  1.88706305e-05
 18.75  0.000277478803  6.23479229e-06  2.2871497e-05
 18.8  0.000364304813  6.91445067e-06  1.82300771e-05
 18.85  0.000206354641  1.26573134e-06  2.22836873e-05
 18.9  1.3302966e-05  1.37545463e-06  1.94265856e-05
 18.95  0.000267904647  4.49011918e-06  1.74397388e-05
 19  0.000255287879  5.6836894e-06  9.2134395e-06
 19.05  0.000319138878  6.18661558e-06  8.06136951e-06
 19.1  0.000218795948  1.08297982e-05  7.53219551e-06
 19.15  0.00019665671  3.75899891e-06  6.95006714e-06
 19.2  0.000262644799  7.91373553e-06  8.15838414e-06
 19.25  0.000300281774  5.73890517e-06  1.09268776e-05
 19.3  0.000249430436  6.54091623e-06  1.56341146e-05
 19.35  0.00020163466  1.43145099e-05  1.40998708e-05
 19.4  0.000144486287  4.05858926e-06  1.2246857e-05
 19.45  9.40039542e-05  2.36678463e-06  1.33042362e-05
 19.5  3.78818257e-05  8.99871117e-07  1.0775147e-05
 19.55  3.64746245e-05  7.43995083e-07  1.82459488e-05
 19.6  2.72005404e-05  6.64863537e-07  3.17242684e-05
 19.65  4.21737927e-05  9.46295658e-07  2.54022699e-05
 19.7  4.12746213e-05  1.57338206e-06  5.25973919e-05
 19.75  9.57826344e-05  3.94088516e-06  5.2510722e-05
 19.8  0.000128709903  6.69279376e-06  6.23023879e-05
 19.85  0.000213268075  1.42820681e-05  7.83915197e-05
 19.9  0.000215294299  0.000319397549  0.00011283087
 19.95  0.000341459268  1.48271832e-05  0.000123341177
 20  0.000485986726  2.37928581e-05  0.000161859344
 20.05  0.000452934907  2.10975109e-05  0.000189966593
 20.1  0.0007488383  6.29452463e-05  0.000153211799
 20.15  0.00115071845  0.000166197402  0.000114016125
 20.2  0.00130449797  9.44722147e-05  0.000162305427
 20.25  0.000494290538  3.31921774e-05  0.000157890388
 20.3  0.00164527077  9.74224679e-05  0.000251961786
 20.35  0.00153650806  0.000181488126  0.000214833753
 20.4  0.00131811125  0.000166169631  0.000137496055
 20.45  0.00219290862  0.000366906697  0.000145888369
 20.5  0.00266600057  0.000569945403  0.000171632251
 20.55  0.00307646818  0.00102136406  0.000132561311
 20.6  0.00287089182  0.000453483965  0.000109607139
 20.65  0.00228092111  0.000766983376  6.4530805e-05
 20.7  0.00187391662  0.000246030131  0.000103028462
 20.75  0.00219767088  0.000247699569  8.56843319e-05
 20.8  0.00237475551  0.000315204743  5.95022912e-05
 20.85  0.00206350423  0.000335132332  8.97603673e-05
 20.9  0.00287560687  0.000329217183  0.000100672581
 20.95  0.00610317129  0.000763521872  0.000147461877
 21  0.0084344263  0.00149682164  0.000382115668
 21.05  0.0119416689  0.00375918319  0.000308720019
 21.1  0.0142486814  0.00263619229  0.000430947461
 21.15  0.0115059143  0.00357521503  0.000360849108
 21.2  0.00971182459  0.00145089935  0.000237962852
 21.25  0.00729296719  0.00123560322  0.00020821206
 21.3  0.0034922295  0.000453947583  0.000137896767
 21.35  0.0064097115  0.000837026038  0.000180887794
 21.4  0.0068423156  0.00099099422  0.000156441034
 21.45  0.00509710421  0.000931097841  0.000120682758
 21.5  0.00532995696  0.00137545021  0.000253924672
 21.55  0.00729056358  0.00164956565  0.000187882684
 21.6  0.00624197968  0.00184728451  0.000157074806
 21.65  0.00745023017  0.00143913756  0.000213879601
 21.7  0.010102802  0.00174002949  0.000231968036
 21.75  0.00873561177  0.00164903426  0.000190525189
 21.8  0.0114844487  0.00285395516  0.000302084943
 21.85  0.012255682  0.00282233289  0.000251219145
 21.9  0.00743272899  0.00181044995  0.000196986751
 21.95  0.00657782677  0.00129341906  0.000160958015
 22  0.00472935675  0.000854499382  0.000121002407
 22.05  0.0160813699  0.00498377865  0.00040811824
 22.1  0.0094838814  0.00163572734  0.000218052668
 22.15  0.0088608748  0.00217158269  0.000251801725
 22.2  0.00377301707  0.000415736376  0.000140079164
 22.25  0.012981636  0.00320429143  0.000362364186
 22.3  0.0114358651  0.00300828816  0.000305392734
 22.35  0.0188970094  0.00238336558  0.000310345177
 22.4  0.010744029  0.00306223578  0.000375627931
 22.45  0.0220158908  0.00749546779  0.000571911994
 22.5  0.0403916501  0.015373878  0.000911630978
 22.55  0.0457907377  0.0204284538  0.00208889728
 22.6  0.0410880721  0.0206890009  0.00281074313
 22.65  0.00868624143  0.00262965478  0.000921183462
 22.7  0.00258471235  0.000801858523  0.000528949289
 22.75  0.00258542917  0.000459611498  0.000577341064
 22.8  0.00192067533  0.000273529842  0.000226577293
 22.85  0.0015792881  0.00015654659  8.56658004e-05
 22.9  0.00239605053  0.00025582696  8.76336357e-05
 22.95  0.00299616175  0.000227366303  0.000121771346
 23  0.00282094232  0.000238185757  0.0001645426
 23.05  0.00336405045  0.000384793832  0.000183820786
 23.1  0.00314363721  0.000239201123  9.0360543e-05
 23.15  0.00266631841  0.000310657811  0.000103322396
 23.2  0.0033422805  0.000287587515  0.000170590041
 23.25  0.00290846071  0.000279563088  0.000145517696
 23.3  0.00304749567  0.000274327373  0.000118743908
 23.35  0.00281929284  0.000268767796  0.000209194753
 23.4  0.00249500321  0.000485127931  0.000304412573
 23.45  0.00538302878  0.000550990725  0.00135853091
 23.5  0.00432565244  0.000423088544  0.00141991978
 23.55  0.0053146898  0.00127025537  0.00243597054
 23.57  nan  nan  nan
