# spanwise profile label=P2 x=35 z=0.431445 t=36.4 n=97
# y(m) U_x U_y U_z alpha valid
 0  0.148944065 -2.88663068e-06 -0.106402382  1 1
 0.00520833349  0.148944065 -2.88663068e-06 -0.106402382  1 1
 0.010416667  0.148944065 -8.60534419e-06 -0.106403105  1 1
 0.015625  0.148944005 -1.42382396e-05 -0.106404558  1 1
 0.020833334  0.148943856 -1.97430381e-05 -0.106406726  1 1
 0.026041666  0.148943648 -2.50695794e-05 -0.106409661  1 1
 0.03125  0.148943648 -2.50695794e-05 -0.106409661  1 1
 0.0364583321  0.148943424 -3.01197288e-05 -0.106413119  1 1
 0.0416666679  0.148943081 -3.48722861e-05 -0.106417127  1 1
 0.046875  0.148942709 -3.9248971e-05 -0.106421806  1 1
 0.0520833321  0.148942396 -4.32404086e-05 -0.106427096  1 1
 0.0572916679  0.148941949 -4.67203354e-05 -0.106433012  1 1
 0.0625  0.148941949 -4.67203354e-05 -0.106433012  1 1
 0.0677083358  0.148941457 -4.96995563e-05 -0.106439345  1 1
 0.0729166642  0.148940936 -5.21236689e-05 -0.106446065  1 1
 0.078125  0.148940444 -5.40021101e-05 -0.106453195  1 1
 0.0833333358  0.148939982 -5.52250895e-05 -0.106460519  1 1
 0.0885416642  0.148939386 -5.58365282e-05 -0.106467918  1 1
 0.09375  0.148939386 -5.58365282e-05 -0.106467918  1 1
 0.0989583358  0.148938775 -5.57123676e-05 -0.10647554  1 1
 0.104166664  0.148938015 -5.49117976e-05 -0.10648337  1 1
 0.109375  0.148937359 -5.33398779e-05 -0.106491163  1 1
 0.114583336  0.148936585 -5.10490245e-05 -0.106498897  1 1
 0.119791664  0.14893572 -4.80208982e-05 -0.106506549  1 1
 0.125  0.14893572 -4.80208982e-05 -0.106506549  1 1
 0.130208328  0.148934871 -4.44163998e-05 -0.106513813  1 1
 0.135416672  0.148934036 -4.00449717e-05 -0.106520571  1 1
 0.140625  0.148933008 -3.50304508e-05 -0.10652706  1 1
 0.145833328  0.148931995 -2.94533893e-05 -0.106533289  1 1
 0.151041672  0.148930982 -2.32951843e-05 -0.106539048  1 1
 0.15625  0.148930982 -2.32951843e-05 -0.106539048  1 1
 0.161458328  0.148929968 -1.66135633e-05 -0.106544219  1 1
 0.166666672  0.14892903 -9.51793118e-06 -0.106548801  1 1
 0.171875  0.148928583 -1.99065039e-06 -0.106553003  1 1
 0.177083328  0.148927987  5.77271067e-06 -0.106556445  1 1
 0.182291672  0.148926929  1.40435977e-05 -0.106558926  1 1
 0.1875  0.148926929  1.40435977e-05 -0.106558926  1 1
 0.192708328  0.148924738  2.23322677e-05 -0.106560126  1 1
 0.197916672  0.148922488  3.04919013e-05 -0.106560536  1 1
 0.203125  0.148920745  3.88159533e-05 -0.106560551  1 1
 0.208333328  0.14891912  4.70833947e-05 -0.106560044  1 1
 0.213541672  0.148917571  5.53394275e-05 -0.106558844  1 1
 0.21875  0.148917571  5.53394275e-05 -0.106558844  1 1
 0.223958328  0.14891611  6.34690296e-05 -0.106557071  1 1
 0.229166672  0.148914784  7.14664493e-05 -0.106554747  1 1
 0.234375  0.148913547  7.9307516e-05 -0.106551759  1 1
 0.239583328  0.148912206  8.69703872e-05 -0.106548145  1 1
 0.244791672  0.148910984  9.44886197e-05 -0.1065441  1 1
 0.25  0.148910984  9.44886197e-05 -0.1065441  1 1
 0.255208343  0.148910061  0.000101846963 -0.106539629  1 1
 0.260416657  0.14890936  0.000109024542 -0.106534839  1 1
 0.265625  0.148908734  0.000116005715 -0.106529556  1 1
 0.270833343  0.148908213  0.000122789614 -0.106523953  1 1
 0.276041657  0.14890787  0.00012934921 -0.106517859  1 1
 0.28125  0.14890787  0.00012934921 -0.106517859  1 1
 0.286458343  0.148907766  0.000135715993 -0.106511325  1 1
 0.291666657  0.148907676  0.000141857672 -0.106504165  1 1
 0.296875  0.148907736  0.000147733546 -0.106496744  1 1
 0.302083343  0.148908094  0.000153327666 -0.106488951  1 1
 0.307291657  0.148908645  0.000158670009 -0.106480747  1 1
 0.3125  0.148908645  0.000158670009 -0.106480747  1 1
 0.317708343  0.148909301  0.00016371024 -0.106472045  1 1
 0.322916657  0.148910031  0.000168415383 -0.106462918  1 1
 0.328125  0.14891085  0.000172757253 -0.106453292  1 1
 0.333333343  0.148911729  0.000176704998 -0.106443129  1 1
 0.338541657  0.148912743  0.000180186515 -0.106432289  1 1
 0.34375  0.148912743  0.000180186515 -0.106432289  1 1
 0.348958343  0.14891389  0.000183161828 -0.106421113  1 1
 0.354166657  0.148915172  0.000185570709 -0.106409475  1 1
 0.359375  0.148916647  0.000187325611 -0.106397487  1 1
 0.364583343  0.148918197  0.000188364036 -0.106385075  1 1
 0.369791657  0.148919895  0.000188642036 -0.106372446  1 1
 0.375  0.148919895  0.000188642036 -0.106372446  1 1
 0.380208343  0.148921654  0.000188114587 -0.106359474  1 1
 0.385416657  0.148923516  0.000186644203 -0.106346346  1 1
 0.390625  0.148925453  0.0001843356 -0.106333219  1 1
 0.395833343  0.148927361  0.000181055919 -0.106320173  1 1
 0.401041657  0.148929238  0.000176743037 -0.106307112  1 1
 0.40625  0.148929238  0.000176743037 -0.106307112  1 1
 0.411458343  0.148930803  0.000171414547 -0.106293961  1 1
 0.416666657  0.148931697  0.000165267833 -0.106280513  1 1
 0.421875  0.148932666  0.00015808217 -0.106267549  1 1
 0.427083343  0.148933828  0.000149833388 -0.106255256  1 1
 0.432291657  0.148935035  0.000140567499 -0.106243499  1 1
 0.4375  0.148935035  0.000140567499 -0.106243499  1 1
 0.442708343  0.148936108  0.000130317872 -0.10623233  1 1
 0.447916657  0.148937106  0.000119200158 -0.106222056  1 1
 0.453125  0.148938149  0.000107227053 -0.106212765  1 1
 0.458333343  0.148939133  9.45319553e-05 -0.106204465  1 1
 0.463541657  0.148939967  8.11549617e-05 -0.106197231  1 1
 0.46875  0.148939967  8.11549617e-05 -0.106197231  1 1
 0.473958343  0.148940608  6.72175447e-05 -0.106191054  1 1
 0.479166657  0.148941189  5.2783791e-05 -0.106186122  1 1
 0.484375  0.148941651  3.79917219e-05 -0.1061823  1 1
 0.489583343  0.14894186  2.29169291e-05 -0.10617961  1 1
 0.494791657  0.148941919  7.67793972e-06 -0.106178313  1 1
 0.5  0.148941919  7.67793972e-06 -0.106178313  1 1
