# X (m) TKE_avg epsilon_turb_pw_avg_Y_avg epsilon_pw_avg_Y_avg
 33.0311  0.000186452156  0.0736436718  0.00692348085
 33.0621  0.000161355034  0.00322967695  0.000419856445
 33.0932  0.00017253059  0.000588893685  7.89538713e-05
 33.1242  0.000184623821  9.94720851e-06  4.57592844e-06
 33.1553  0.000223585067  1.33281063e-05  6.33279568e-06
 33.1864  0.000208063081  2.13879425e-05  8.28105808e-06
 33.2174  0.000181228627  1.05123982e-05  6.36248274e-06
 33.2485  0.000153999808  6.70083672e-06  6.35099583e-06
 33.2796  0.000145253467  1.29400637e-05  1.30655171e-05
 33.3106  0.000146647291  1.47890223e-05  1.25819614e-05
 33.3417  0.000141704105  8.65152865e-06  5.9939803e-06
 33.3727  0.000166099383  1.14031925e-05  6.77501048e-06
 33.4038  0.000144613874  6.28474546e-06  5.52354169e-06
 33.4349  0.000125684359  3.91424984e-06  4.63603292e-06
 33.4659  0.000114012227  3.35268885e-06  4.12352521e-06
 33.497  9.54519137e-05  3.6136662e-06  3.95574196e-06
 33.528  9.23038328e-05  2.29491349e-06  4.34357593e-06
 33.5591  9.18088145e-05  1.83383138e-06  4.4049061e-06
 33.5902  9.94006547e-05  2.4477885e-06  3.98375905e-06
 33.6212  0.00010744627  3.09133532e-06  4.2071004e-06
 33.6523  0.000103159546  2.84337337e-06  3.98522249e-06
 33.6834  0.000105128317  2.8849327e-06  3.40930735e-06
 33.7144  9.62793305e-05  2.73946463e-06  3.25498422e-06
 33.7455  0.000109265342  3.02274599e-06  4.186367e-06
 33.7765  0.000125835171  3.17596445e-06  4.45761465e-06
 33.8076  0.000123096221  2.93402413e-06  4.22991618e-06
 33.8387  0.00012715121  3.0199941e-06  4.53003704e-06
 33.8697  0.000111046343  3.07971195e-06  5.27266378e-06
 33.9008  0.00010417785  2.86772875e-06  4.78734716e-06
 33.9318  0.000107294555  2.86112453e-06  4.72263344e-06
 33.9629  9.80094731e-05  2.66569668e-06  4.94946377e-06
 33.994  9.49630991e-05  2.88893186e-06  6.47777781e-06
 34.025  8.83199857e-05  2.70857825e-06  6.38849055e-06
 34.0561  8.96663495e-05  2.45825583e-06  5.74019016e-06
 34.0872  9.59965122e-05  3.10307075e-06  8.03115962e-06
 34.1182  0.000103210581  2.85574662e-06  6.31512579e-06
 34.1493  0.000110097549  5.71949861e-06  9.39627846e-06
 34.1803  0.000112312533  5.73999389e-06  8.59340114e-06
 34.2114  0.000109360581  4.64449839e-06  7.31257695e-06
 34.2425  0.000111495016  4.60085815e-06  9.39781148e-06
 34.2735  0.000123326871  5.01623561e-06  9.96922399e-06
 34.3046  0.000116354483  5.08261479e-06  1.0960897e-05
 34.3356  0.000125410034  6.86475657e-06  1.1716267e-05
 34.3667  0.000130015014  6.93839564e-06  9.70345885e-06
 34.3978  0.000155175675  8.78450783e-06  1.15970371e-05
 34.4288  0.000162807995  8.26419182e-06  8.15555543e-06
 34.4599  0.000157649353  1.08301164e-05  9.92669937e-06
 34.491  0.000142555296  7.88534381e-06  6.62613357e-06
 34.522  0.000115863364  9.27589825e-06  9.29896444e-06
 34.5531  0.000101281343  7.53924569e-06  7.09511261e-06
 34.5841  9.71672807e-05  7.92157704e-06  7.1894773e-06
 34.6152  9.25155583e-05  6.5007384e-06  5.1956389e-06
 34.6463  8.92038098e-05  7.79279994e-06  7.37200588e-06
 34.6773  8.8998136e-05  6.11426821e-06  4.14663447e-06
 34.7084  9.16501811e-05  7.43931785e-06  6.30561207e-06
 34.7394  9.62202459e-05  7.29986689e-06  4.81318877e-06
 34.7705  0.000109029164  9.29597257e-06  6.73013543e-06
 34.8016  0.000117987969  1.07802566e-05  4.81426945e-06
 34.8326  0.000125869635  1.5508902e-05  7.46347507e-06
 34.8637  0.000106798355  1.29396649e-05  8.34394527e-06
 34.8948  9.84455993e-05  9.65356185e-06  4.16371843e-06
 34.9258  9.05489517e-05  8.66368166e-06  3.14615049e-06
 34.9569  8.93004036e-05  4.80629725e-06  2.70495558e-06
 34.9879  7.74373467e-05  5.31224265e-06  5.50858668e-06
 35.019  7.97474228e-05  4.52246508e-06  4.96505095e-06
 35.0501  9.1235555e-05  5.36477077e-06  5.45408782e-06
 35.0811  9.62780982e-05  6.33065945e-06  5.90579941e-06
 35.1122  0.000105992991  6.84542576e-06  6.07186629e-06
 35.1432  0.000118474634  5.94796301e-06  6.34284748e-06
 35.1743  0.000113065387  5.41775708e-06  6.09342295e-06
 35.2054  0.000148988977  1.08090218e-05  1.17768583e-05
 35.2364  0.00015791492  1.540204e-05  1.3336158e-05
 35.2675  0.000148559727  1.58639094e-05  1.23140528e-05
 35.2986  0.00013515619  1.15894867e-05  1.04355038e-05
 35.3296  0.000165870402  1.29612344e-05  1.22724371e-05
 35.3607  0.000140929257  1.1805537e-05  1.34961309e-05
 35.3917  0.000129624494  9.03074187e-06  1.43295402e-05
 35.4228  0.000150252911  1.2422436e-05  1.53561221e-05
 35.4539  0.000147674008  1.42637391e-05  1.38458806e-05
 35.4849  0.000152923629  1.53248648e-05  1.68777254e-05
 35.516  0.000151251098  1.25913759e-05  1.57891203e-05
 35.547  0.000136498356  1.82622183e-05  1.37522789e-05
 35.5781  0.000126073378  1.39964324e-05  1.20599453e-05
 35.6092  0.000132025356  1.54216363e-05  1.23382992e-05
 35.6402  0.000109076302  1.15392691e-05  9.22026052e-06
 35.6713  0.000111549522  9.79973641e-06  9.29410796e-06
 35.7024  0.000125160578  9.37682745e-06  7.54832453e-06
 35.7334  0.000146496096  1.08140324e-05  6.9711275e-06
 35.7645  0.00012770815  1.16306534e-05  7.13129323e-06
 35.7955  0.000127650145  1.14821197e-05  7.72768281e-06
 35.8266  0.000151636884  1.12263468e-05  9.95398672e-06
 35.8577  0.000163421587  8.49064729e-06  5.1771994e-06
 35.8887  0.000182567679  1.43269465e-05  6.34460317e-06
 35.9198  0.000136262347  1.6176168e-05  1.03997969e-05
 35.9508  0.000152705898  1.05637386e-05  7.68955181e-06
 35.9819  0.000180448986  6.81109551e-06  7.03909421e-06
 36.013  0.000171431926  6.33108456e-06  6.38483638e-06
 36.044  0.000149255249  8.22136711e-06  9.04254145e-06
 36.0751  0.000131254998  5.094468e-06  6.60530911e-06
 36.1062  0.000158391604  4.89963288e-06  7.86061107e-06
 36.1372  0.000183688172  5.65843878e-06  7.70982457e-06
 36.1683  0.000203631288  8.39120719e-06  1.01706612e-05
 36.1993  0.000220882222  9.00302254e-06  1.26941738e-05
 36.2304  0.000206412897  1.74815135e-05  2.3396718e-05
 36.2615  0.000270649698  1.74544363e-05  2.14630071e-05
 36.2925  0.000350031233  1.43138608e-05  1.5614855e-05
 36.3236  0.000409960038  1.36748185e-05  1.14190307e-05
 36.3546  0.00039484486  1.71377138e-05  1.24759655e-05
 36.3857  0.000366007436  2.33912694e-05  1.62473981e-05
 36.4168  0.000327900468  2.6811307e-05  1.34062594e-05
 36.4478  0.000334822531  2.22530887e-05  2.04326261e-05
 36.4789  0.000349035567  2.4923626e-05  2.22672862e-05
 36.5099  0.000299799341  2.35911297e-05  1.88127944e-05
 36.541  0.000217896921  2.03908282e-05  1.77527119e-05
 36.5721  0.000188608172  2.03541e-05  2.05960856e-05
 36.6031  0.000179069718  2.2455911e-05  2.07303242e-05
 36.6342  0.000201177731  1.53653073e-05  1.46828349e-05
 36.6653  0.000210833322  1.38535168e-05  1.02788327e-05
 36.6963  0.000175387614  1.23646773e-05  9.72309465e-06
 36.7274  0.000153490638  9.82052982e-06  8.43552651e-06
 36.7584  0.000162246607  1.42817177e-05  1.10991204e-05
 36.7895  0.000143118392  1.24471595e-05  9.9657939e-06
 36.8206  0.000137285119  9.86282548e-06  9.11847574e-06
 36.8516  0.000127695995  6.59380382e-06  8.39920646e-06
 36.8827  0.000122914709  5.89745835e-06  9.15229498e-06
 36.9137  0.000119761364  5.77466191e-06  9.99373977e-06
 36.9448  0.000110985448  2.71052859e-06  5.78717338e-06
 36.9759  0.00010912645  2.86204334e-06  8.40403479e-06
 37.0069  9.85325303e-05  2.54944047e-06  8.17485478e-06
 37.038  9.21686386e-05  2.76985876e-06  8.83647421e-06
 37.0691  9.02637251e-05  2.48016929e-06  9.87112434e-06
 37.1001  9.51593057e-05  1.86075419e-06  8.69741613e-06
 37.1312  9.16062526e-05  3.52549482e-06  1.15654646e-05
 37.1622  9.24322931e-05  2.52641954e-06  1.03761846e-05
 37.1933  9.25633407e-05  4.7519399e-06  1.32718012e-05
 37.2244  9.31733898e-05  3.41708124e-06  9.64665413e-06
 37.2554  0.000112753336  4.52488399e-06  1.29073424e-05
 37.2865  0.000119696785  5.0659723e-06  1.30190231e-05
 37.3175  0.000120015755  8.10758224e-06  1.69748171e-05
 37.3486  9.53948348e-05  7.69816087e-06  1.65683134e-05
 37.3797  9.96949858e-05  6.83461915e-06  1.48028646e-05
 37.4107  0.000101399325  7.412056e-06  1.39499701e-05
 37.4418  0.000145931592  9.26715589e-06  1.55234264e-05
 37.4729  0.00020212763  1.25078895e-05  1.74204482e-05
 37.5039  0.000251155634  1.59685872e-05  2.08150354e-05
 37.535  0.000228930982  1.75959666e-05  1.83527819e-05
 37.566  0.000181253894  2.22430331e-05  2.50261583e-05
 37.5971  0.000154641998  1.72093001e-05  1.23972484e-05
 37.6282  0.000132363714  2.29883683e-05  2.41773843e-05
 37.6592  0.00013338397  1.26713687e-05  8.80167002e-06
 37.6903  0.000144025123  3.3856312e-05  2.5349964e-05
 37.7213  0.000147378034  3.27528387e-05  3.18644e-05
 37.7524  0.000165842061  3.65268766e-05  4.42054192e-05
 37.7835  0.000182090336  2.34294797e-05  2.96396299e-05
 37.8145  0.000187779266  2.25384383e-05  3.2511938e-05
 37.8456  0.00017507378  2.09104018e-05  2.99510954e-05
 37.8767  0.000181965737  1.39378704e-05  1.70531058e-05
 37.9077  0.00019652543  1.81951143e-05  2.00197117e-05
 37.9388  0.000232762158  2.03488284e-05  1.28170367e-05
 37.9698  0.000258418827  2.29744313e-05  1.80555414e-05
 38.0009  0.000307332463  2.01574788e-05  1.24994286e-05
 38.032  0.000368527947  2.93938711e-05  1.87047802e-05
 38.063  0.000402176772  2.55768951e-05  1.69408737e-05
 38.0941  0.000421286677  2.80748989e-05  2.00634191e-05
 38.1251  0.000417480497  2.94999306e-05  2.2281324e-05
 38.1562  0.000423588129  3.06132663e-05  2.69688549e-05
 38.1873  0.000412012583  2.311564e-05  2.90137806e-05
 38.2183  0.000352955118  2.076015e-05  2.70540579e-05
 38.2494  0.000363987006  2.76053909e-05  3.15087733e-05
 38.2805  0.000322542825  2.67272438e-05  2.8732907e-05
 38.3115  0.0002916384  2.66635019e-05  2.88093869e-05
 38.3426  0.000227287901  2.28005778e-05  2.55819652e-05
 38.3736  0.00025016931  3.71591695e-05  3.92668e-05
 38.4047  0.000249261206  3.5875171e-05  3.72022878e-05
 38.4358  0.00023010234  3.51450781e-05  3.44226651e-05
 38.4668  0.000251086171  3.18791256e-05  3.70143858e-05
 38.4979  0.000259532693  2.7653877e-05  3.92222243e-05
 38.5289  0.000217179102  2.84996883e-05  3.33000027e-05
 38.56  0.00024253651  4.60179337e-05  5.11529062e-05
 38.5911  0.000273983593  4.19315031e-05  5.63629225e-05
 38.6221  0.000236596357  2.94068871e-05  4.98000893e-05
 38.6532  0.00024238375  2.73045244e-05  5.20877672e-05
 38.6843  0.000205640065  1.83333544e-05  4.16300425e-05
 38.7153  0.000234972586  1.92845469e-05  4.52874968e-05
 38.7464  0.000248663825  2.40559635e-05  5.45270581e-05
 38.7774  0.000267577502  1.94946944e-05  5.32561533e-05
 38.8085  0.000288637802  2.59481573e-05  6.36818542e-05
 38.8396  0.000319232015  3.28559276e-05  7.365469e-05
 38.8706  0.000398319571  5.0608235e-05  7.8037419e-05
 38.9017  0.000433147893  0.000119505369  6.63558699e-05
 38.9327  0.000375279092  0.000117426558  3.65532894e-05
 38.9638  0.000315664383  6.6762956e-05  3.14259648e-05
 38.9949  0.000303235793  3.97130635e-05  6.11169408e-05
 39.0259  0.000298164778  2.71086299e-05  6.40705069e-05
 39.057  0.000389815586  4.47651593e-05  0.000101796095
 39.0881  0.000403138621  3.23820262e-05  7.93015606e-05
 39.1191  0.000495848204  6.07502479e-05  9.7951685e-05
 39.1502  0.000501565768  4.94959336e-05  7.47263732e-05
 39.1812  0.000485995933  4.89370014e-05  6.37839696e-05
 39.2123  0.000473997747  5.72978271e-05  6.66648544e-05
 39.2434  0.000403477233  4.76288724e-05  6.27765311e-05
 39.2744  0.000461404592  5.96101961e-05  8.99560215e-05
 39.3055  0.00062766115  0.000219589428  0.000128177442
 39.3365  0.000472491458  8.39985938e-05  6.71295756e-05
 39.3676  0.000313149318  4.16700354e-05  4.46353154e-05
 39.3987  0.00028016314  5.55937832e-05  6.26283548e-05
 39.4297  0.000264974428  1.77784617e-05  2.08246959e-05
 39.4608  0.00024583642  2.97783757e-05  3.35844038e-05
 39.4919  0.000263811322  3.64368229e-05  4.38221534e-05
 39.5229  0.000274451602  3.87443985e-05  4.96444646e-05
 39.554  0.000293002877  1.1772534e-05  1.9671286e-05
 39.585  0.000327304044  8.27837106e-06  1.6296379e-05
 39.6161  0.000341910364  5.4014234e-06  1.50741978e-05
 39.6472  0.000324510666  3.65834829e-06  1.31451268e-05
 39.6782  0.000294787172  3.61191569e-06  1.18647844e-05
 39.7093  0.000273783278  3.4390053e-06  1.0236286e-05
 39.7403  0.000264039957  2.76734606e-06  8.8388835e-06
 39.7714  0.000271658893  1.65349865e-06  8.66099465e-06
 39.8025  0.000277451204  1.49753452e-06  8.93500565e-06
 39.8335  0.000279674727  1.99331485e-06  9.74562478e-06
 39.8646  0.000300765087  2.98986895e-06  9.5871359e-06
 39.8957  0.000315056446  3.08055335e-06  8.21401584e-06
 39.9267  0.000342241422  3.24725564e-06  7.38963526e-06
 39.9578  0.000336034537  5.51848938e-06  1.08618458e-05
 39.9888  0.000328610147  7.5435487e-06  1.04295494e-05
 40.0199  0.000325612525  7.83466667e-06  1.3329041e-05
 40.051  0.000366381271  7.97603668e-06  8.44037939e-06
 40.082  0.000382859328  1.32280618e-05  1.38380164e-05
 40.1131  0.000427996431  2.21463335e-05  2.24877982e-05
 40.1441  0.000495713809  1.73914857e-05  1.44646487e-05
 40.1752  0.000601632479  1.77056107e-05  1.07333629e-05
 40.2063  0.000728035598  2.30536446e-05  9.37427752e-06
 40.2373  0.000794097801  2.93837982e-05  8.90183289e-06
 40.2684  0.000831215423  3.27233876e-05  9.10760583e-06
 40.2995  0.000883366234  3.919624e-05  2.06589804e-05
 40.3305  0.000843396259  3.37758801e-05  2.46903776e-05
 40.3616  0.000705187587  5.43463785e-05  6.94363246e-05
 40.3926  0.000599822427  3.86906144e-05  4.71214047e-05
 40.4237  0.000558438412  3.03728126e-05  2.94388664e-05
 40.4548  0.000651293679  2.76602666e-05  1.54420307e-05
 40.4858  0.000995970916  4.63397152e-05  2.8662557e-05
 40.5169  0.00148368801  7.99242071e-05  5.07381149e-05
 40.5479  0.00169918928  0.000127891474  9.6304497e-05
 40.579  0.00200817922  0.000153287892  0.000119948123
 40.6101  0.00229562891  0.000161359171  0.000122375438
 40.6411  0.00257269796  0.000174739976  0.000119908751
 40.6722  0.00270731986  0.000159857085  0.000101991186
 40.7033  0.00273748309  0.00013597224  6.38977923e-05
 40.7343  0.00278870092  0.000123241726  4.62200477e-05
 40.7654  0.00263418005  0.000152052497  0.000103128238
 40.7964  0.00254334232  0.000159726241  0.000104389606
 40.8275  0.0026016514  0.000160652829  9.38353107e-05
 40.8586  0.00276909126  0.000150111128  8.24367773e-05
 40.8896  0.00302077774  0.000167379492  9.0217934e-05
 40.9207  0.00310195177  0.000166050503  9.17466021e-05
 40.9517  0.00313383323  0.000174950419  8.96508358e-05
 40.9828  0.00330123025  0.000182784296  7.69177304e-05
 41.0139  0.00336393594  0.000191931288  8.05224361e-05
 41.0449  0.00356761155  0.000198128782  8.1198253e-05
 41.076  0.00393992998  0.000232705431  7.14833327e-05
 41.1071  0.00417821766  0.000277082811  7.12035678e-05
 41.1381  0.00416997562  0.000282702538  7.26956141e-05
 41.1692  0.00410743377  0.000282682382  6.92456446e-05
 41.2002  0.00431811193  0.000324394208  6.62194791e-05
 41.2313  0.00426144529  0.000312304566  5.7603147e-05
 41.2624  0.00411922484  0.000345381172  5.64884784e-05
 41.2934  0.00387153523  0.000341915516  6.11955858e-05
 41.3245  0.00369393763  0.000307337407  6.93346129e-05
 41.3555  0.00378210556  0.000260597722  7.08461915e-05
 41.3866  0.0042187504  0.000261822569  8.56837508e-05
 41.4177  0.00463281636  0.000272148275  7.39894081e-05
 41.4487  0.00498840705  0.000301656946  0.000114916376
 41.4798  0.0057641284  0.00035701755  0.000140457007
 41.5109  0.00665845686  0.000462225592  0.000211527934
 41.5419  0.00773186954  0.000583442597  0.000270883167
 41.573  0.00903896106  0.000608309104  0.000159399376
 41.604  0.011981236  0.000758299571  0.000261545386
 41.6351  0.0149280348  0.00106583153  0.000318052648
 41.6662  0.0170657085  0.00133001999  0.000325997036
 41.6972  0.0189324622  0.00161026762  0.000318671267
 41.7283  0.0205588016  0.00192141506  0.00033871939
 41.7593  0.0215970212  0.0022993309  0.000255898336
 41.7904  0.0222508898  0.00279718876  0.000332991977
 41.8215  0.0231527546  0.00321140694  0.000439255895
 41.8525  0.019690362  0.00297751617  0.000292311582
 41.8836  0.017204082  0.00300879057  0.000413497073
 41.9147  0.0217440916  0.00343259103  0.000412254488
 41.9457  0.0289628117  0.00421045823  0.000433252955
 41.9768  0.0217122263  0.00633195494  0.000549550348
 42.0078  0.0292630637  0.00603017439  0.000545969448
 42.0389  0.0316722971  0.00546808659  0.000496313681
 42.07  0.0284385106  0.00743993313  0.00049706355
 42.101  0.0343318003  0.0169476693  0.000689886515
 42.1321  0.0360258004  0.0245481537  0.00109932476
 42.1631  0.0418784466  0.0212429423  0.00105775886
 42.1942  0.0359304764  0.0154258024  0.00085667531
 42.2253  0.0265353143  0.0107259645  0.000771785965
 42.2563  0.021922396  0.00601814925  0.000716656577
 42.2874  0.0231958792  0.0120481894  0.000799887203
 42.3185  0.0166234173  0.0106259313  0.000504317857
 42.3495  0.00925631046  0.00536710897  0.000238986824
 42.3806  0.00662643212  0.00217821248  0.000133767338
 42.4116  0.00533636939  0.000544614561  0.000132192799
 42.4427  0.00572543578  0.000513664365  9.61618839e-05
 42.4738  0.00626957933  0.000589691363  0.000171557721
 42.5048  0.00587209647  0.00046604574  9.28168895e-05
 42.5359  0.00647096209  0.00045109627  9.02985535e-05
 42.5669  0.00732174756  0.00046943147  7.31579016e-05
 42.598  0.00836364354  0.000757576795  0.000152554887
 42.6291  0.00953213443  0.00124222891  0.000299510086
 42.6601  0.0109822325  0.0011291347  0.000271483636
 42.6912  0.0122085369  0.00134455149  0.000191341964
 42.7223  0.0142894742  0.00154532352  0.000247718667
 42.7533  0.0163127036  0.00193984318  0.000340618583
 42.7844  0.018081436  0.00233626496  0.00031937079
 42.8154  0.019487395  0.0024954613  0.000312795154
 42.8465  0.0196888123  0.00251545702  0.000276750978
 42.8776  0.0209543853  0.00237596893  0.000218450618
 42.9086  0.0216643411  0.00281285764  0.000462217559
 42.9397  0.0210983223  0.0030896085  0.000426568266
 42.9707  0.01904972  0.00308237105  0.000606002534
 43.0018  0.0205507522  0.00352081389  0.000994653744
 43.0329  0.0208564528  0.00521755155  0.00296738222
 43.0639  0.0176954251  0.0162577493  0.0132941526
 43.095  0.02767078  0.0391050444  0.0304544871
 43.126  0.0234316305  0.00610275567  0.00216300252
 43.1571  0.00955782982  0.00409598208  0.00311268063
 43.1882  0.0140755061  0.0311164976  0.0293613446
 43.2192  0.00828030551  0.0265000813  0.0305872529
 43.2503  0.00887609115  0.0248601593  0.0173260277
 43.2814  nan  nan  nan
 43.3124  nan  nan  nan
 43.3435  0.011868088  0.0137711119  0.0100068104
 43.3745  0.0101584862  0.00745386276  0.00588493484
 43.4056  0.00796191024  0.00251146143  0.00187813284
 43.4367  0.00672821347  0.00204274975  0.00142409645
 43.4677  0.00384346915  0.00098901822  0.000586981288
 43.4988  0.00288142268  0.000771575382  0.000462795872
 43.5298  0.00352790846  0.00107152352  0.000574254722
 43.5609  0.0038180262  0.00116192079  0.000895383651
 43.592  0.00443711368  0.00134057514  0.00127199489
 43.623  0.0047747864  0.00112112028  0.000919701402
 43.6541  0.00477992542  0.00117811932  0.000898958728
 43.6852  0.00491299609  0.00127770403  0.00101257814
 43.7162  0.00523544176  0.00146575465  0.00152455077
 43.7473  0.0054877126  0.00184010301  0.00176939477
 43.7783  0.00562249479  0.002383161  0.00224872985
 43.8094  0.0070910006  0.0046363626  0.0052173413
 43.8405  0.00681095908  0.00456612428  0.00470473667
 43.8715  0.00526308745  0.00152756988  0.00112437218
 43.9026  0.00616176317  0.00426022846  0.0038469425
 43.9336  0.00966432409  0.0100680455  0.0101142749
 43.9647  0.00858859305  0.00718932609  0.00701194287
 43.9958  0.0107506332  0.00815826443  0.00720701579
 44.0268  0.0212058559  0.018894868  0.0160231917
 44.0579  0.0585220915  0.0572171164  0.0222230963
 44.089  0.0797618872  0.074422513  0.0148424153
 44.12  0.0881274598  0.0764749129  0.00828227931
 44.1511  0.0737804465  0.0613692121  0.00422118834
 44.1821  0.0601418478  0.0403811885  0.0020974667
 44.2132  0.0510213244  0.0236387448  0.00141163144
 44.2443  0.0417952368  0.0160051161  0.00123382048
 44.2753  0.0316666495  0.0121518616  0.0014270246
 44.3064  0.02758201  0.0065810342  0.00151741803
 44.3374  0.022056814  0.00486017832  0.00144267082
 44.3685  0.0132639388  0.00368270473  0.00109922475
 44.3996  0.0118352522  0.00364205156  0.000959537431
 44.4306  0.0111600891  0.00361561135  0.000932433165
 44.4617  0.00871236023  0.00140810102  0.000586293985
 44.4928  0.00696970481  0.00149965535  0.00046731111
 44.5238  0.00698624699  0.00135948162  0.000472514857
 44.5549  0.00679692526  0.000733733631  0.000501824126
 44.5859  0.00681839088  0.000670063336  0.000508152189
 44.617  0.00743509057  0.000630531267  0.000544428411
 44.6481  0.00768863141  0.000581515889  0.000354396505
 44.6791  0.00706608729  0.000553366351  0.000317482241
 44.7102  0.00688492033  0.000569268698  0.0003012612
 44.7412  0.00603040533  0.000575018925  0.000324166068
 44.7723  0.00492811454  0.000471178374  0.000305961659
 44.8034  0.00428298627  0.000373273469  0.000219063456
 44.8344  0.00421635972  0.000383725452  0.000174526283
 44.8655  0.00419227326  0.000339872903  0.000135296455
 44.8966  0.00413140565  0.000296248509  0.000100156047
 44.9276  0.00388063279  0.000269447763  7.79629793e-05
 44.9587  0.00333348573  0.000243077819  7.00927288e-05
 44.9897  0.00296846215  0.000208725657  6.49610784e-05
 45.0208  0.00262552203  0.000154836418  5.07974522e-05
 45.0519  0.0026959773  0.000154005975  4.8107414e-05
 45.0829  0.00280161408  0.000189469219  5.26079958e-05
 45.114  0.00294307365  0.000235444037  5.87274167e-05
 45.145  0.00337138919  0.000245517484  7.39809145e-05
 45.1761  0.00379865623  0.000231688324  0.000181763088
 45.2072  0.00356343114  0.000210370816  0.000113785958
 45.2382  0.00343691269  0.000178783253  9.72932383e-05
 45.2693  0.00348349731  0.000162735195  0.000110201702
 45.3004  0.00391303533  0.000324302551  0.000153997192
 45.3314  0.00528828583  0.00132961708  0.000382769162
 45.3625  0.00709661236  0.00440269109  0.00119002616
 45.3935  nan  nan  nan
