# X (m) TKE_avg epsilon_turb_pw_avg_Y_avg epsilon_pw_avg_Y_avg
 33.0314  0.000108127208  0.0685298144  0.00167567642
 33.0628  0.00010417752  0.00104994548  0.000133426779
 33.0942  0.000110525108  0.000168909744  3.82120216e-05
 33.1256  9.77780152e-05  4.70099998e-06  2.06072442e-05
 33.1569  8.50686977e-05  6.06379189e-06  2.37933081e-05
 33.1883  9.8976423e-05  1.18779659e-05  4.56378322e-05
 33.2197  0.000137440286  1.65370524e-05  5.81532516e-05
 33.2511  0.000149519917  1.31893356e-05  6.95133951e-05
 33.2825  0.000192707612  9.17538849e-06  6.25189471e-05
 33.3139  0.000234576558  8.66417827e-06  5.26089718e-05
 33.3453  0.000262051104  9.97127882e-06  4.66208106e-05
 33.3767  0.000261878793  9.72413351e-06  4.38923163e-05
 33.4081  0.000198198691  7.30641942e-06  3.84097317e-05
 33.4394  0.000227720186  7.49945142e-06  3.92526807e-05
 33.4708  0.000233109646  8.99249211e-06  3.17435944e-05
 33.5022  0.000244902614  1.01526228e-05  3.56532752e-05
 33.5336  0.000198206383  8.08861337e-06  4.3365534e-05
 33.565  0.000175348683  8.06525022e-06  4.26706917e-05
 33.5964  0.000175994488  6.75443404e-06  3.94567367e-05
 33.6278  0.000210338924  9.04958748e-06  3.6577532e-05
 33.6592  0.000149489458  6.39950889e-06  2.46226814e-05
 33.6906  0.000137798053  6.48563589e-06  2.36783994e-05
 33.7219  0.000145573595  8.36945467e-06  2.84158703e-05
 33.7533  0.000127374583  6.30443028e-06  2.42110025e-05
 33.7847  0.000148888413  6.63662685e-06  2.34717046e-05
 33.8161  0.000116562558  6.93126838e-06  1.60047595e-05
 33.8475  0.000158801183  1.14454388e-05  2.04328946e-05
 33.8789  0.000143542588  9.17225154e-06  1.58885048e-05
 33.9103  0.000134410173  7.9854014e-06  1.21804754e-05
 33.9417  0.000143264353  8.42344518e-06  1.04811077e-05
 33.9731  0.000142115001  8.03847951e-06  9.90627951e-06
 34.0045  0.000148934918  9.17744239e-06  1.07094654e-05
 34.0358  0.00013389909  8.66829891e-06  1.02632556e-05
 34.0672  0.000119105768  8.75881138e-06  7.92908829e-06
 34.0986  0.00011810479  1.23668781e-05  7.25391643e-06
 34.13  0.000109194407  1.06252101e-05  4.87386323e-06
 34.1614  9.64953535e-05  7.88339988e-06  8.87165155e-06
 34.1928  9.14418447e-05  5.45555216e-06  5.27424253e-06
 34.2242  8.52533908e-05  5.42191763e-06  4.48823465e-06
 34.2556  7.42233378e-05  5.85414681e-06  6.363547e-06
 34.287  7.24231359e-05  4.6082234e-06  4.88148389e-06
 34.3183  7.41169981e-05  5.94983306e-06  6.57234066e-06
 34.3497  7.90479117e-05  6.05081649e-06  8.85779614e-06
 34.3811  8.9080824e-05  6.63274085e-06  9.42190408e-06
 34.4125  7.72357552e-05  3.35192688e-06  5.02688884e-06
 34.4439  7.56343675e-05  4.61602258e-06  5.62722435e-06
 34.4753  7.41583703e-05  7.34878634e-06  7.70731222e-06
 34.5067  6.74051314e-05  5.6253924e-06  6.19202617e-06
 34.5381  6.98253667e-05  9.23245718e-06  1.11921445e-05
 34.5695  6.8926648e-05  3.81616031e-06  5.80298481e-06
 34.6008  8.18111178e-05  6.6302949e-06  6.90295474e-06
 34.6322  7.00687227e-05  9.33643492e-06  1.0955923e-05
 34.6636  6.28711929e-05  4.73050779e-06  6.3153583e-06
 34.695  6.87971584e-05  5.61387378e-06  8.33405959e-06
 34.7264  6.64835431e-05  4.76245395e-06  1.01688309e-05
 34.7578  6.47132724e-05  5.99150658e-06  1.07447904e-05
 34.7892  6.38651525e-05  3.12381409e-06  5.54751263e-06
 34.8206  6.6276073e-05  6.60386508e-06  1.10699229e-05
 34.852  7.52854645e-05  6.3848493e-06  1.18059228e-05
 34.8833  7.28300329e-05  4.31179304e-06  5.17159183e-06
 34.9147  6.77924549e-05  2.38904281e-06  6.84417492e-06
 34.9461  6.90208951e-05  5.83791723e-06  8.22706878e-06
 34.9775  6.10075413e-05  4.81533324e-06  8.05854723e-06
 35.0089  5.95118189e-05  2.2062123e-06  5.40944942e-06
 35.0403  6.60003365e-05  3.10350849e-06  7.76872652e-06
 35.0717  7.15330379e-05  3.96974681e-06  7.99825133e-06
 35.1031  6.68080511e-05  4.40758843e-06  6.00293369e-06
 35.1345  6.05602005e-05  2.71144681e-06  5.24038435e-06
 35.1658  6.0471329e-05  1.12902743e-06  4.22908674e-06
 35.1972  6.05866834e-05  7.67968144e-07  4.84451762e-06
 35.2286  6.28060107e-05  1.11185605e-06  5.89299465e-06
 35.26  6.96805047e-05  1.74013602e-06  5.67491662e-06
 35.2914  7.5171783e-05  2.45940651e-06  5.71924632e-06
 35.3228  7.12932323e-05  1.30552015e-06  5.77061794e-06
 35.3542  7.46232889e-05  1.36032027e-06  5.46912542e-06
 35.3856  7.74980941e-05  1.94936821e-06  6.71673764e-06
 35.417  7.79934351e-05  2.24291714e-06  7.3261968e-06
 35.4484  8.04410911e-05  1.67510024e-06  5.81270744e-06
 35.4797  9.41331484e-05  1.64455135e-06  6.69855974e-06
 35.5111  9.82816798e-05  2.04866966e-06  8.73452863e-06
 35.5425  0.000102234477  2.35945062e-06  1.06626509e-05
 35.5739  0.000100344002  3.1454711e-06  1.23980764e-05
 35.6053  8.21466968e-05  2.69972952e-06  1.04971546e-05
 35.6367  7.64369039e-05  2.57040354e-06  9.51608231e-06
 35.6681  6.2927467e-05  2.58428916e-06  8.97933813e-06
 35.6995  7.19061972e-05  2.88835352e-06  8.57708823e-06
 35.7309  6.88300681e-05  5.34916055e-06  1.16097134e-05
 35.7622  6.62743993e-05  3.48089828e-06  9.45083974e-06
 35.7936  7.54506089e-05  7.05405682e-06  1.48616333e-05
 35.825  7.76505382e-05  7.51346504e-06  1.4624588e-05
 35.8564  0.000109802976  8.46146665e-06  1.56897181e-05
 35.8878  0.000122382685  4.28693394e-06  8.49918742e-06
 35.9192  0.000138303154  7.81917006e-06  1.21204319e-05
 35.9506  0.000138353966  9.90622463e-06  1.4940139e-05
 35.982  0.00011808684  4.79348625e-06  8.90392969e-06
 36.0134  9.64949e-05  5.12775359e-06  9.76713037e-06
 36.0447  9.7366911e-05  1.42233117e-05  2.57939315e-05
 36.0761  7.6185838e-05  7.00287013e-06  1.45086552e-05
 36.1075  5.96242464e-05  3.42126094e-06  5.83753965e-06
 36.1389  4.92429421e-05  4.94755266e-06  6.83940892e-06
 36.1703  4.5831349e-05  3.68079691e-06  4.61126957e-06
 36.2017  4.6071252e-05  5.07213275e-06  7.48738418e-06
 36.2331  5.20330393e-05  7.25239133e-06  1.04602416e-05
 36.2645  4.93130865e-05  5.93458888e-06  9.46726831e-06
 36.2959  4.86985343e-05  8.09542371e-06  1.41894477e-05
 36.3272  5.08552714e-05  5.52263077e-06  7.91881178e-06
 36.3586  5.11384507e-05  6.56264693e-06  8.2530839e-06
 36.39  4.82264942e-05  9.43583926e-06  1.27312714e-05
 36.4214  4.60959029e-05  4.90724595e-06  7.01617767e-06
 36.4528  4.38229425e-05  3.25088877e-06  7.49805029e-06
 36.4842  4.51924396e-05  3.29270555e-06  7.80783651e-06
 36.5156  6.01294595e-05  8.01830718e-06  1.42485386e-05
 36.547  6.75260471e-05  1.11906914e-05  2.03842312e-05
 36.5784  7.75353098e-05  7.35474199e-06  1.89786536e-05
 36.6097  6.81492277e-05  4.88904185e-06  1.61176416e-05
 36.6411  6.83109449e-05  3.74897258e-06  1.47363092e-05
 36.6725  8.30113596e-05  5.93298415e-06  1.9133238e-05
 36.7039  0.000108110857  6.29959622e-06  2.44200988e-05
 36.7353  7.80289755e-05  4.25202883e-06  2.03500472e-05
 36.7667  0.000100260467  4.23049345e-06  2.32274579e-05
 36.7981  0.000152368129  4.71284595e-06  2.96271563e-05
 36.8295  0.000143080937  4.69586959e-06  3.01405883e-05
 36.8609  0.000106227443  4.38002764e-06  2.72007538e-05
 36.8922  9.03535533e-05  4.49589205e-06  2.51547637e-05
 36.9236  8.90119649e-05  4.72569153e-06  2.23283192e-05
 36.955  8.97498111e-05  4.18747894e-06  1.82484043e-05
 36.9864  9.93117247e-05  5.13622043e-06  2.07721588e-05
 37.0178  6.22098294e-05  5.22131931e-06  1.46859e-05
 37.0492  7.03964021e-05  4.82673602e-06  1.66054608e-05
 37.0806  7.04199267e-05  4.15482321e-06  1.52649212e-05
 37.112  6.1833084e-05  5.209529e-06  1.26769023e-05
 37.1434  6.18849663e-05  8.37523227e-06  1.36154018e-05
 37.1748  5.43070126e-05  3.9186434e-06  9.39949591e-06
 37.2061  6.1692287e-05  8.56435502e-06  1.3921036e-05
 37.2375  5.90016231e-05  5.359152e-06  8.97712403e-06
 37.2689  6.10760129e-05  6.20386518e-06  8.20377385e-06
 37.3003  5.94800125e-05  9.34944396e-06  1.20940673e-05
 37.3317  5.85670778e-05  6.27846491e-06  9.48089283e-06
 37.3631  5.86386464e-05  6.47754628e-06  9.96225469e-06
 37.3945  6.39692658e-05  6.18928774e-06  1.05668473e-05
 37.4259  6.39437376e-05  6.81295169e-06  1.15708919e-05
 37.4573  7.10029106e-05  7.04665579e-06  1.13771399e-05
 37.4886  7.77262678e-05  7.80342834e-06  1.1299969e-05
 37.52  9.11268805e-05  1.68168715e-05  2.39350291e-05
 37.5514  0.000117762942  1.38283388e-05  2.16017e-05
 37.5828  0.000136844045  4.96574313e-06  8.41039811e-06
 37.6142  0.000148859563  1.71507788e-05  1.94464633e-05
 37.6456  0.000151473682  8.27687006e-06  1.16393965e-05
 37.677  0.000173989581  1.46008657e-05  1.85285252e-05
 37.7084  0.000192483658  1.4491763e-05  1.8918916e-05
 37.7398  0.000185594967  1.57423343e-05  1.98500595e-05
 37.7711  0.000159210648  1.55261682e-05  1.86723919e-05
 37.8025  0.000162224357  1.49058091e-05  2.01173134e-05
 37.8339  0.000186821734  1.75732558e-05  2.08778782e-05
 37.8653  0.000201619758  2.80920352e-05  3.32275338e-05
 37.8967  0.000199863878  1.67485206e-05  1.77043341e-05
 37.9281  0.000162939553  2.23203599e-05  1.54165843e-05
 37.9595  0.000156702839  2.10675718e-05  1.91101842e-05
 37.9909  0.000146557482  2.15720443e-05  2.20698681e-05
 38.0223  0.00012443544  1.04144894e-05  1.43517414e-05
 38.0536  0.000105112745  2.16819774e-05  2.27409548e-05
 38.085  0.000103725755  4.34594312e-05  4.24805209e-05
 38.1164  0.000109731779  5.39580769e-05  5.12000642e-05
 38.1478  0.000100745348  2.56351028e-05  2.51493065e-05
 38.1792  0.000100499244  5.49813667e-06  1.09368621e-05
 38.2106  0.000102359755  4.99469207e-06  1.10156082e-05
 38.242  0.000107527184  3.8715014e-06  1.18232088e-05
 38.2734  0.000115923637  2.77620124e-06  1.11175073e-05
 38.3048  0.000124911569  1.73269202e-06  8.61614981e-06
 38.3361  0.000130590813  3.47025372e-06  1.56728972e-05
 38.3675  0.000111144528  4.03805042e-06  1.4969444e-05
 38.3989  0.000121321363  1.75239497e-06  1.05732232e-05
 38.4303  0.00011375172  1.26787285e-06  1.03968434e-05
 38.4617  0.000122468133  1.36451223e-06  1.16955039e-05
 38.4931  0.000130424788  2.18716055e-06  1.41812454e-05
 38.5245  0.000131149364  6.79818463e-06  1.91755734e-05
 38.5559  0.000130145022  3.28466929e-06  1.43468842e-05
 38.5873  0.000123383579  3.17732079e-06  1.49389033e-05
 38.6187  0.00013602364  6.34820477e-06  1.85492251e-05
 38.65  0.000140261382  5.66031933e-06  1.60031402e-05
 38.6814  0.000137425655  5.75099945e-06  1.89287982e-05
 38.7128  0.000132394644  5.80305646e-06  2.00137351e-05
 38.7442  0.000125705969  5.45964294e-06  1.51737696e-05
 38.7756  0.000132959129  7.8056205e-06  1.82554886e-05
 38.807  0.000138862508  8.24820918e-06  1.89617757e-05
 38.8384  0.00013579543  7.41682213e-06  1.700667e-05
 38.8698  0.000136591513  6.03343584e-06  1.3650011e-05
 38.9012  0.000144729134  4.78487441e-06  1.02383025e-05
 38.9325  0.000162295704  5.7188309e-06  1.13306397e-05
 38.9639  0.000181416282  8.22980907e-06  1.24039018e-05
 38.9953  0.000164174325  9.63375863e-06  1.96749641e-05
 39.0267  0.000177724669  9.80582659e-06  1.79991589e-05
 39.0581  0.000188711979  1.53830432e-05  3.31503732e-05
 39.0895  0.000182266275  1.08215919e-05  1.28041406e-05
 39.1209  0.000215954199  2.87296457e-05  3.20869808e-05
 39.1523  0.000241714525  1.76819914e-05  1.4243429e-05
 39.1837  0.000262921467  2.03256578e-05  1.15122509e-05
 39.215  0.000338688678  3.29378144e-05  1.45391941e-05
 39.2464  0.00044631698  4.28718972e-05  1.50447327e-05
 39.2778  0.000627084976  5.61517225e-05  2.52984297e-05
 39.3092  0.000744860312  7.42270084e-05  2.94571799e-05
 39.3406  0.000804468347  8.81424471e-05  2.65622895e-05
 39.372  0.000816192696  9.07757041e-05  2.69227454e-05
 39.4034  0.000748483517  7.83498606e-05  3.12439487e-05
 39.4348  0.00069929911  6.55527889e-05  3.10101633e-05
 39.4662  0.00063129757  6.03529782e-05  2.73995059e-05
 39.4975  0.000570899251  4.12977557e-05  2.83252307e-05
 39.5289  0.000603114171  3.99076579e-05  3.17826457e-05
 39.5603  0.000604733816  3.87934539e-05  2.94074232e-05
 39.5917  0.000592882071  3.63267278e-05  2.6819197e-05
 39.6231  0.000579469726  3.45591217e-05  3.36642055e-05
 39.6545  0.000632257457  3.42215561e-05  4.80719218e-05
 39.6859  0.000703905998  3.51311085e-05  6.08588065e-05
 39.7173  0.000695986531  3.31427781e-05  4.4484345e-05
 39.7487  0.00080703501  5.33674503e-05  6.45020178e-05
 39.78  0.00075650331  5.75016867e-05  6.85604019e-05
 39.8114  0.000732705915  4.62799418e-05  5.16173186e-05
 39.8428  0.000777240077  2.78551349e-05  4.41146263e-05
 39.8742  0.000734711647  3.12877064e-05  5.25312446e-05
 39.9056  0.000863641221  8.3911952e-05  8.64030926e-05
 39.937  0.000823297019  8.43075343e-05  7.60159673e-05
 39.9684  0.000927701686  9.44505714e-05  6.8233472e-05
 39.9998  0.00103075162  0.000122793825  6.02118657e-05
 40.0312  0.000788718274  0.000111420348  4.51434774e-05
 40.0625  0.00107944562  0.000211489528  4.71105169e-05
 40.0939  0.0010360977  0.00014498997  3.80939977e-05
 40.1253  0.00130606369  0.000207247667  4.23862635e-05
 40.1567  0.00138366799  0.000218849277  3.55886721e-05
 40.1881  0.00143085165  0.000214501922  3.31871572e-05
 40.2195  0.00148956407  0.000234916042  3.1284781e-05
 40.2509  0.00148830608  0.000233344073  3.33189661e-05
 40.2823  0.00127690815  0.000130789585  3.282675e-05
 40.3137  0.0012026874  0.000113304268  3.79841987e-05
 40.3451  0.00119787124  0.00013173556  5.28728115e-05
 40.3764  0.00143499705  0.000173162837  4.67984627e-05
 40.4078  0.00218122588  0.000348676239  5.14392307e-05
 40.4392  0.00333151047  0.000901223523  8.02021168e-05
 40.4706  0.00462652897  0.00106441737  9.85057283e-05
 40.502  0.00514990769  0.00109207097  9.90068489e-05
 40.5334  0.00521970399  0.00114876023  0.000109959629
 40.5648  0.00486145648  0.00116099732  0.000117458967
 40.5962  0.0046946616  0.0012077485  0.000141506137
 40.6276  0.0078935699  0.00163010363  0.00019959887
 40.6589  0.016872418  0.00372323293  0.000335067235
 40.6903  0.0269692741  0.00869605796  0.000484959541
 40.7217  0.0344537245  0.0167183515  0.000624148482
 40.7531  0.0363578263  0.0211553345  0.000700998803
 40.7845  0.032386542  0.0150401658  0.000583051262
 40.8159  0.0253161449  0.0120866847  0.000489788562
 40.8473  0.0221009017  0.0097069999  0.000496847583
 40.8787  0.015496639  0.00884245238  0.000666904799
 40.9101  0.0164339292  0.0126208934  0.000975416826
 40.9414  0.0100069412  0.00837887825  0.000701083353
 40.9728  0.00827103955  0.00374943333  0.000558585104
 41.0042  0.00602381744  0.00263494927  0.000545538664
 41.0356  0.00877874771  0.0056458065  0.00060443662
 41.067  0.00851765243  0.00514795737  0.000610566882
 41.0984  0.00521025968  0.00211910899  0.000343591313
 41.1298  0.00464344476  0.00100828419  0.000167085381
 41.1612  0.00581795694  0.00052540644  0.000177040018
 41.1926  0.00706509809  0.000702329154  0.000251245429
 41.2239  0.00693410538  0.000423274894  0.000121712008
 41.2553  0.00714899809  0.000333389232  8.59998792e-05
 41.2867  0.00715328105  0.000548311671  0.000127397666
 41.3181  0.00614795713  0.000750728303  0.000170032106
 41.3495  0.00493107643  0.000693442616  0.000175618213
 41.3809  0.00522322827  0.000372315758  0.000129293931
 41.4123  0.00723647199  0.000630664059  0.00018485421
 41.4437  0.0072083891  0.000700709433  0.000228549973
 41.4751  0.00624607708  0.000714895314  0.000297019469
 41.5064  0.00616622652  0.000659443535  0.000107042333
 41.5378  0.00713607857  0.00086889733  0.000256504708
 41.5692  0.00851234024  0.000854708177  0.00013875859
 41.6006  0.00792493009  0.000760913771  0.000124530142
 41.632  0.00675551389  0.0007379859  0.000125169452
 41.6634  0.00628200498  0.000801542313  0.00013430191
 41.6948  0.00820005593  0.00106608916  0.000148884223
 41.7262  0.0143638082  0.00199213547  0.000266742074
 41.7576  0.0217829705  0.00300108708  0.000244252069
 41.789  0.0236021589  0.00367163616  0.000264817333
 41.8203  0.0233844203  0.00393822558  0.00034722311
 41.8517  0.0209614144  0.00400191911  0.000251960371
 41.8831  0.0174997436  0.00376768277  0.000261206279
 41.9145  0.0154875716  0.00314460659  0.000221491699
 41.9459  0.0156316985  0.00288142603  0.000190853576
 41.9773  0.0139066416  0.00236627517  0.000164400893
 42.0087  0.012484987  0.00224407979  0.000154362036
 42.0401  0.0117096746  0.00234188015  0.000143744161
 42.0715  0.0102862884  0.00208027321  0.000137521422
 42.1028  0.00818019769  0.00136358415  0.000120387508
 42.1342  0.0094026309  0.00100273787  0.000122830842
 42.1656  0.0174780118  0.00142902372  0.000158465683
 42.197  0.0194660805  0.0024927356  0.000176321948
 42.2284  0.0153825296  0.00237730009  0.000154779596
 42.2598  0.00983134079  0.00152485782  0.000115441332
 42.2912  0.00728939617  0.00113428364  8.22893489e-05
 42.3226  0.00650197613  0.000932270065  7.11114053e-05
 42.354  0.00729545251  0.000923272329  7.35417384e-05
 42.3853  0.00696752391  0.00097276702  7.30583011e-05
 42.4167  0.00681314317  0.000998259113  7.78455087e-05
 42.4481  0.00677224999  0.00104950208  8.19938051e-05
 42.4795  0.00584104591  0.000985973142  6.8359574e-05
 42.5109  0.0066401982  0.00111353828  7.5389523e-05
 42.5423  0.00696978981  0.00141732366  9.56931417e-05
 42.5737  0.00627360961  0.00123821772  8.96119773e-05
 42.6051  0.00591270983  0.00113192666  8.63849891e-05
 42.6365  0.00637734167  0.00111980204  8.9130152e-05
 42.6678  0.0073903836  0.00112958804  9.87426951e-05
 42.6992  0.00793767383  0.00126799112  0.000107154959
 42.7306  0.00896234953  0.00156763873  0.000128520425
 42.762  0.00845845058  0.00184451606  0.000145566509
 42.7934  0.00929884798  0.00185454112  0.000140686981
 42.8248  0.0120142163  0.002011726  0.000152505857
 42.8562  0.0158762626  0.00262538468  0.000194305416
 42.8876  0.0202894794  0.00352660425  0.000267901864
 42.919  0.0243043458  0.00539842471  0.000373218677
 42.9503  0.0226783068  0.00494662957  0.000317760275
 42.9817  0.0213623414  0.00464532262  0.000379501074
 43.0131  0.0209650967  0.00469589001  0.000391017976
 43.0445  0.0218349167  0.00491358341  0.00030414579
 43.0759  0.0242818285  0.00548189621  0.00035151065
 43.1073  0.0267130294  0.00727609566  0.000800881469
 43.1387  0.0319001134  0.0101495742  0.00117307076
 43.1701  0.0446733291  0.0147768155  0.00122306948
 43.2015  0.0548642072  0.0175452817  0.00129589689
 43.2328  0.0575917424  0.0193219861  0.00124952292
 43.2642  0.0532580599  0.0260766239  0.00222927538
 43.2956  0.0519086392  0.0351591148  0.00449588934
 43.327  0.0464462064  0.0274268091  0.00586842679
 43.3584  0.0437635402  0.0523283822  0.00862605617
 43.3898  0.0599016845  0.117261549  0.0228203039
 43.4212  0.0523051813  0.113507286  0.0280244131
 43.4526  0.0725944283  0.154399799  0.0537235448
 43.484  0.0384137339  0.160078658  0.0374183369
 43.5154  0.0529889215  0.242538945  0.046181593
 43.5467  0.012428741  0.0481461665  0.0127938227
 43.5781  0.000976726533  0.000240065193  0.000185085895
 43.6095  0.000830551773  0.000120424657  0.000133985597
 43.6409  0.000972092892  0.000169746868  0.000182231806
 43.6723  0.0011544674  0.000313829859  0.000162091715
 43.7037  0.00131229729  0.000656752617  0.000586183551
 43.7351  0.00154464659  0.00111751738  0.00108017296
 43.7665  0.00175006492  0.0016758297  0.00161100341
 43.7979  0.00180487853  0.00210574466  0.00201711995
 43.8292  0.00161293364  0.00196609246  0.00193589855
 43.8606  0.00174922911  0.00104001377  0.000973759151
 43.892  0.00130201129  0.00160384996  0.00158176142
 43.9234  0.00204123298  0.00528349631  0.00524842812
 43.9548  0.00250328337  0.00704718877  0.00702321506
 43.9862  0.00319709293  0.00291469523  0.00166997466
 44.0176  0.00809757226  0.0165576641  0.0152594525
 44.049  0.00565818136  0.0141425363  0.0151368525
 44.0804  0.0026064396  0.00260226999  0.00213194814
 44.1117  0.00199899354  0.00184176324  0.0016781021
 44.1431  0.00224935266  0.00225564342  0.0019271863
 44.1745  0.00260979815  0.00263468628  0.00215905583
 44.2059  0.00302488139  0.0026848547  0.00217834503
 44.2373  0.00356830816  0.00248529681  0.00222624797
 44.2687  0.00800124964  0.00470329486  0.0109560085
 44.3001  0.00973792916  0.00645746289  0.0137460897
 44.3315  0.0102413545  0.00807749595  0.0143651324
 44.3629  0.0103268535  0.00973109576  0.0149655243
 44.3942  0.0102886512  0.0116614653  0.0161431983
 44.4256  0.0108323574  0.0128976888  0.0166416108
 44.457  0.0114597834  0.0158738567  0.0191454907
 44.4884  0.012231159  0.0166667148  0.0193523655
 44.5198  0.0133968906  0.018608882  0.0215460827
 44.5512  0.0135719772  0.0185121951  0.0204859661
 44.5826  0.0146591043  0.017502891  0.0191808644
 44.614  0.0174660989  0.0244405582  0.0234050689
 44.6454  0.0153498767  0.0244707066  0.0128344717
 44.6767  0.0180234149  0.0242997778  0.0164774774
 44.7081  0.0210537415  0.0214707327  0.0194826464
 44.7395  0.0247675278  0.0182826104  0.0226321772
 44.7709  0.0230091853  0.0163754425  0.0234417109
 44.8023  0.0214571387  0.0163620978  0.0230863288
 44.8337  0.0330125542  0.0257209945  0.0234455161
 44.8651  0.0494281215  0.0390791702  0.0150761853
 44.8965  0.0604520258  0.0452661387  0.00892209976
 44.9279  0.0681613177  0.0439626586  0.00581786437
 44.9592  0.0706857229  0.0382877002  0.00344080288
 44.9906  0.0668691636  0.0352267122  0.00232962793
 45.022  0.0604192901  0.0294315464  0.00166745188
 45.0534  0.0491294029  0.0203331809  0.00138961365
 45.0848  0.0388403288  0.0134794861  0.00105825405
 45.1162  0.0318809171  0.0112389214  0.000958400404
 45.1476  0.0286005214  0.0110766204  0.00106101039
 45.179  0.0219785813  0.00795932923  0.00096881415
 45.2104  0.0234505228  0.00638066257  0.000823865343
 45.2418  0.0207528072  0.00519899676  0.000758447783
 45.2731  0.0196369282  0.00502845363  0.000569384661
 45.3045  0.0192654739  0.00467260129  0.000574898181
 45.3359  0.0200783275  0.00426941905  0.000530547071
 45.3673  0.0208608985  0.00544249659  0.000621489433
 45.3987  0.0227077219  0.00770490482  0.00126929355
 45.4301  0.0248105149  0.00754645626  0.00154862496
 45.4615  0.0289468225  0.00969793233  0.00249296433
 45.4929  nan  nan  nan
 45.5243  nan  nan  nan
