# X (m) TKE_avg epsilon_turb_pw_avg_Y_avg epsilon_pw_avg_Y_avg
 33.031  0.000186734517  0.138243545  0.0176300591
 33.0621  0.000149761157  0.00977692162  0.00154582155
 33.0931  0.000148596095  0.00179286144  0.000285288069
 33.1241  0.000157515898  1.79561941e-05  6.76191265e-06
 33.1552  0.000161457801  2.03533429e-05  1.31045117e-05
 33.1862  0.000190709276  2.14740816e-05  3.13009281e-05
 33.2172  0.000185657456  2.08875483e-05  2.49829837e-05
 33.2483  0.000202994977  1.78880633e-05  2.06154068e-05
 33.2793  0.000246254401  1.96296141e-05  2.0923558e-05
 33.3103  0.000229915596  1.76476072e-05  1.76673208e-05
 33.3413  0.000220014781  1.23469336e-05  1.65375956e-05
 33.3724  0.000177454585  1.26481382e-05  1.7154626e-05
 33.4034  0.000151667089  1.74215064e-05  1.92695892e-05
 33.4344  0.000115363874  1.53901001e-05  1.52086487e-05
 33.4655  9.42461219e-05  1.05487719e-05  1.05200997e-05
 33.4965  8.68580326e-05  7.11931184e-06  9.16855763e-06
 33.5275  9.14002078e-05  8.6645428e-06  7.50881448e-06
 33.5586  8.14071674e-05  8.29494402e-06  6.1763046e-06
 33.5896  8.12501821e-05  1.0467677e-05  9.55446e-06
 33.6206  9.39437263e-05  7.75163092e-06  5.41856156e-06
 33.6517  0.000107082599  8.57171125e-06  6.01915219e-06
 33.6827  0.000107489569  6.7330504e-06  5.35506447e-06
 33.7137  0.000118089694  7.43066252e-06  7.87894519e-06
 33.7448  0.000159310084  7.14721119e-06  5.76249029e-06
 33.7758  0.000174986455  7.52069963e-06  5.7623516e-06
 33.8068  0.000172732692  9.70232849e-06  5.8400618e-06
 33.8378  0.000165865437  1.24782987e-05  8.71853728e-06
 33.8689  0.000136252538  6.87125309e-06  5.19470038e-06
 33.8999  0.000144158593  6.92369629e-06  4.54782978e-06
 33.9309  0.000138005785  9.88049084e-06  9.36701989e-06
 33.962  0.000144721045  8.9414111e-06  7.83273507e-06
 33.993  0.000151303896  6.83519418e-06  5.26783145e-06
 34.024  0.000134183145  4.53276827e-06  4.07102238e-06
 34.0551  0.00012676349  5.50840227e-06  6.90002439e-06
 34.0861  0.000120214519  3.2216291e-06  4.44687084e-06
 34.1171  0.000117342025  4.84081442e-06  4.65786867e-06
 34.1482  0.00011779404  6.42241619e-06  5.23768985e-06
 34.1792  0.000121312589  4.69313104e-06  3.96286265e-06
 34.2102  0.000130807272  4.75067151e-06  4.93075301e-06
 34.2413  0.000141132577  5.49661366e-06  5.17655876e-06
 34.2723  0.000142859227  6.27050516e-06  6.09642043e-06
 34.3033  0.000132305413  5.21671769e-06  5.09562159e-06
 34.3344  0.000115233382  4.64599733e-06  4.23762754e-06
 34.3654  0.000102175221  4.9513533e-06  4.06041449e-06
 34.3964  9.8438119e-05  3.41531215e-06  3.00423348e-06
 34.4274  9.06415074e-05  3.19735172e-06  3.64757673e-06
 34.4585  8.37825668e-05  2.40452118e-06  3.29112735e-06
 34.4895  8.25389329e-05  3.53552562e-06  4.17587807e-06
 34.5205  7.42094727e-05  3.35673524e-06  3.73125893e-06
 34.5516  7.04604985e-05  3.38038993e-06  2.68115452e-06
 34.5826  6.71335988e-05  2.4527526e-06  2.38656954e-06
 34.6136  7.03499505e-05  1.76173407e-06  3.50719015e-06
 34.6447  6.92532606e-05  2.45895955e-06  3.40750817e-06
 34.6757  6.4936139e-05  3.17819314e-06  3.89137936e-06
 34.7067  6.14950962e-05  3.48498266e-06  4.00021751e-06
 34.7378  6.01298972e-05  2.77791365e-06  3.38854883e-06
 34.7688  6.27101175e-05  2.58985908e-06  3.39560886e-06
 34.7998  6.59981686e-05  2.36991357e-06  4.90040958e-06
 34.8309  6.44182937e-05  3.28127107e-06  4.92771035e-06
 34.8619  6.99245348e-05  4.45511785e-06  8.69752679e-06
 34.8929  7.81460536e-05  4.66475731e-06  8.90978472e-06
 34.9239  7.97800739e-05  4.19103198e-06  4.62635631e-06
 34.955  7.40262795e-05  3.03232192e-06  2.95591461e-06
 34.986  7.38892244e-05  2.59624536e-06  4.42291006e-06
 35.017  6.73062489e-05  4.11996829e-06  9.77452069e-06
 35.0481  7.23014877e-05  3.32725678e-06  7.80410014e-06
 35.0791  7.34812326e-05  2.21432857e-06  6.10748999e-06
 35.1101  7.81463727e-05  3.6491403e-06  1.14747416e-05
 35.1412  7.14821673e-05  5.06866075e-06  1.16055568e-05
 35.1722  7.2813163e-05  3.01451416e-06  7.47342898e-06
 35.2032  7.4333352e-05  2.91446835e-06  9.50312732e-06
 35.2343  8.51650072e-05  6.47585981e-06  1.51079604e-05
 35.2653  8.37349374e-05  5.33453599e-06  1.54075742e-05
 35.2963  9.39756784e-05  7.1347455e-06  2.31235778e-05
 35.3274  0.000112370026  3.64793795e-06  1.84572727e-05
 35.3584  9.36041922e-05  6.70877869e-06  1.88271976e-05
 35.3894  0.00010530494  1.0032069e-05  2.73574075e-05
 35.4205  0.000105486879  4.55310951e-06  2.20552353e-05
 35.4515  0.00011845825  4.20088187e-06  2.42272347e-05
 35.4825  0.000153009473  1.19026977e-05  3.99246561e-05
 35.5135  0.000138084074  1.37969414e-05  4.02626218e-05
 35.5446  0.000151015767  1.28688966e-05  3.96216392e-05
 35.5756  0.000164135538  1.11003987e-05  3.70954782e-05
 35.6066  0.000177641493  9.03125755e-06  3.60544001e-05
 35.6377  0.000165358386  8.38112714e-06  4.00569696e-05
 35.6687  0.000153864974  7.93920932e-06  4.3143055e-05
 35.6997  0.000180540836  7.80187688e-06  4.62702325e-05
 35.7308  0.000205153824  9.43872171e-06  5.11385885e-05
 35.7618  0.000208112581  8.46071175e-06  4.7697542e-05
 35.7928  0.000213115052  1.14796195e-05  4.55425415e-05
 35.8239  0.000223762833  1.36633659e-05  4.08112099e-05
 35.8549  0.000225361999  1.12045591e-05  3.70248678e-05
 35.8859  0.000249020464  8.75798776e-06  3.27714903e-05
 35.917  0.000249444174  9.24290501e-06  3.76336043e-05
 35.948  0.000240679703  9.39341046e-06  4.25741828e-05
 35.979  0.000216159074  9.52601533e-06  4.01521658e-05
 36.01  0.000211939852  1.43429384e-05  3.6214602e-05
 36.0411  0.000249942194  1.21608457e-05  3.27282773e-05
 36.0721  0.000228159491  1.00352908e-05  2.44014578e-05
 36.1031  0.000239810212  1.10431744e-05  1.8539449e-05
 36.1342  0.00025382965  1.20202614e-05  1.59354769e-05
 36.1652  0.000205008308  9.87073389e-06  1.15580131e-05
 36.1962  0.000170903679  8.67997924e-06  7.31204311e-06
 36.2273  0.000173072199  6.70725294e-06  6.70002055e-06
 36.2583  0.000181012194  8.2786946e-06  7.41158552e-06
 36.2893  0.000169186306  7.61822486e-06  6.43249318e-06
 36.3204  0.000182719404  9.52311288e-06  7.65478481e-06
 36.3514  0.000191553079  1.12245971e-05  8.66485298e-06
 36.3824  0.000231457946  1.29861284e-05  1.10819209e-05
 36.4135  0.000258335915  1.44992638e-05  1.2513984e-05
 36.4445  0.000258191549  1.56131624e-05  1.4101384e-05
 36.4755  0.000254329959  1.77964877e-05  1.81432858e-05
 36.5066  0.000253594591  2.51933878e-05  2.33726897e-05
 36.5376  0.000281515051  4.13299781e-05  2.98208842e-05
 36.5686  0.000227378253  3.10698186e-05  1.95154994e-05
 36.5996  0.000195607374  2.04354619e-05  1.7575962e-05
 36.6307  0.000209243192  2.11217038e-05  2.14904379e-05
 36.6617  0.000188638856  2.02927189e-05  1.30192243e-05
 36.6927  0.000129092079  1.64537034e-05  6.02577494e-06
 36.7238  0.000106909717  7.73827893e-06  4.89895485e-06
 36.7548  9.1798987e-05  4.73814629e-06  3.28945395e-06
 36.7858  8.34871844e-05  3.68790213e-06  3.14285791e-06
 36.8169  8.38579635e-05  5.76816854e-06  3.70549697e-06
 36.8479  8.75882577e-05  6.93495364e-06  5.42171621e-06
 36.8789  9.28893762e-05  6.26210242e-06  6.59898325e-06
 36.91  0.000102690716  7.48402342e-06  8.66819292e-06
 36.941  0.000118950017  2.68667352e-05  2.63412427e-05
 36.972  0.000126985911  3.37141907e-05  3.32170606e-05
 37.0031  0.000116317846  2.58735948e-05  3.18118202e-05
 37.0341  0.000126447414  2.50306186e-05  2.2085024e-05
 37.0651  9.5517345e-05  3.1985348e-05  2.24912024e-05
 37.0961  8.26465007e-05  9.52694286e-06  1.07718018e-05
 37.1272  8.61018429e-05  3.08603125e-05  3.56285684e-05
 37.1582  8.01273592e-05  1.59146888e-05  2.06831733e-05
 37.1892  8.58875916e-05  1.22332135e-05  1.39530501e-05
 37.2203  8.33886667e-05  2.10308034e-05  2.11256546e-05
 37.2513  8.97703726e-05  1.98417376e-05  2.05409072e-05
 37.2823  9.07735984e-05  7.12443127e-06  9.63991284e-06
 37.3134  0.000106027753  1.4098757e-05  1.70762241e-05
 37.3444  0.000109702536  1.58811646e-05  1.9870758e-05
 37.3754  0.000105218511  6.34887123e-06  9.62427037e-06
 37.4065  0.000108454993  4.47658472e-06  8.0987938e-06
 37.4375  0.000117520187  4.28594704e-06  8.50758568e-06
 37.4685  0.000121420474  4.00818866e-06  7.41622715e-06
 37.4996  0.000126207916  5.65660857e-06  9.62663941e-06
 37.5306  0.000146633706  5.92208492e-06  9.4988635e-06
 37.5616  0.000165156087  4.95413227e-06  8.61586127e-06
 37.5927  0.000193135184  3.39793469e-06  6.83936043e-06
 37.6237  0.000218924475  4.23946086e-06  7.75934263e-06
 37.6547  0.000216627281  6.93022721e-06  9.50037135e-06
 37.6857  0.000183658857  6.92357061e-06  8.71249038e-06
 37.7168  0.000182933325  9.21200868e-06  1.11918784e-05
 37.7478  0.000182386182  1.06006059e-05  1.36562515e-05
 37.7788  0.000209528772  1.33109419e-05  1.72638819e-05
 37.8099  0.000260193094  1.87428332e-05  3.17281354e-05
 37.8409  0.000245906435  1.58666821e-05  2.22847196e-05
 37.8719  0.000232454611  1.52642487e-05  2.00508015e-05
 37.903  0.000198411223  1.83966736e-05  3.23540107e-05
 37.934  0.000159587706  1.29689458e-05  1.58285923e-05
 37.965  0.00015827672  2.90388539e-05  3.74605078e-05
 37.9961  0.000132602704  9.45584525e-06  1.34526028e-05
 38.0271  0.000139344435  2.9142783e-05  4.02905097e-05
 38.0581  0.000143127565  1.40021343e-05  2.17493618e-05
 38.0892  0.000157933338  1.58399223e-05  2.59867511e-05
 38.1202  0.000158732322  1.73605162e-05  2.76371193e-05
 38.1512  0.000138354156  1.24949833e-05  2.56662708e-05
 38.1822  0.000145849787  1.1153494e-05  2.90890654e-05
 38.2133  0.000142761335  1.21751298e-05  3.89751582e-05
 38.2443  0.00012778909  5.60694677e-06  2.49508757e-05
 38.2753  0.000150821121  1.64099686e-05  4.36097355e-05
 38.3064  0.000175578929  1.95685329e-05  4.95853229e-05
 38.3374  0.000201035842  1.94324322e-05  5.44260154e-05
 38.3684  0.000186430635  1.03332561e-05  3.75295811e-05
 38.3995  0.000198109421  1.37357992e-05  4.56153382e-05
 38.4305  0.000196895325  1.31658296e-05  4.95655833e-05
 38.4615  0.000203288066  1.10599498e-05  5.15870078e-05
 38.4926  0.000195395593  5.83086226e-06  3.66516455e-05
 38.5236  0.000174582812  6.70140019e-06  3.37543997e-05
 38.5546  0.000155803541  8.19384557e-06  3.46193629e-05
 38.5857  0.000138955988  8.01258451e-06  3.30580187e-05
 38.6167  0.000127774854  3.99583602e-06  2.37816082e-05
 38.6477  0.000142134134  5.25946206e-06  2.68646152e-05
 38.6788  0.000153626538  6.20066008e-06  3.47947613e-05
 38.7098  0.000149419159  4.35363041e-06  3.04758865e-05
 38.7408  0.000170551352  8.62543883e-06  2.94566435e-05
 38.7718  0.000255907411  1.67219321e-05  2.86291068e-05
 38.8029  0.000345229537  2.29607181e-05  2.63497193e-05
 38.8339  0.00041765865  2.51928871e-05  2.42762085e-05
 38.8649  0.000405833121  2.30013508e-05  1.93521706e-05
 38.896  0.000333379234  3.08722855e-05  1.62579919e-05
 38.927  0.00024940802  4.74100781e-05  1.33651228e-05
 38.958  0.000181569306  3.99240137e-05  8.86676776e-06
 38.9891  0.000135783286  1.7415432e-05  5.03217139e-06
 39.0201  0.000116627244  4.30942168e-06  3.50890548e-06
 39.0511  0.000118714674  5.21275575e-06  4.27380163e-06
 39.0822  0.00012997606  6.23039891e-06  4.35944491e-06
 39.1132  0.000150898142  6.30804637e-06  4.63721654e-06
 39.1442  0.000173076338  7.40317755e-06  7.0463806e-06
 39.1753  0.00018823456  6.01971206e-06  6.22602708e-06
 39.2063  0.000216613851  9.78427126e-06  9.43086807e-06
 39.2373  0.000240651129  2.25902723e-05  1.69188475e-05
 39.2683  0.00030305671  3.24438001e-05  2.74897541e-05
 39.2994  0.000330179612  2.6667876e-05  1.25436624e-05
 39.3304  0.000307535853  3.22926775e-05  1.23686293e-05
 39.3614  0.000302588031  4.79601575e-05  2.32932204e-05
 39.3925  0.000308914512  3.95217999e-05  1.97694876e-05
 39.4235  0.000278247294  3.52797342e-05  2.00084895e-05
 39.4545  0.000285376411  4.44816327e-05  3.71554596e-05
 39.4856  0.000288994763  3.05115044e-05  2.62551704e-05
 39.5166  0.000305863195  3.3919356e-05  3.22358467e-05
 39.5476  0.000299676186  3.11945752e-05  2.74369405e-05
 39.5787  0.000288444078  1.53284084e-05  7.21163626e-06
 39.6097  0.000319932864  2.64912729e-05  1.69355711e-05
 39.6407  0.000360578659  4.72896251e-05  2.96400142e-05
 39.6718  0.000400743537  4.22899998e-05  2.68644108e-05
 39.7028  0.000412362972  5.42119461e-05  4.33334556e-05
 39.7338  0.000429016691  7.20807488e-05  6.33540375e-05
 39.7649  0.00043203419  5.81568264e-05  6.03727611e-05
 39.7959  0.000455853633  5.16176066e-05  5.93492487e-05
 39.8269  0.000412558304  5.45790922e-05  6.24252553e-05
 39.8579  0.000374629157  4.33565807e-05  4.71531791e-05
 39.889  0.000369125576  3.67810063e-05  3.58558933e-05
 39.92  0.000397675822  1.63904343e-05  2.22761446e-05
 39.951  0.000393000619  3.47480705e-05  3.93719561e-05
 39.9821  0.000402062061  4.70027535e-05  5.38230889e-05
 40.0131  0.000442796794  2.18436776e-05  2.29552914e-05
 40.0441  0.000552931842  2.14460391e-05  2.6736833e-05
 40.0752  0.000744864982  2.29341754e-05  3.19571794e-05
 40.1062  0.0010010535  2.92405683e-05  3.27409606e-05
 40.1372  0.00118218632  4.18983017e-05  3.79894589e-05
 40.1683  0.00114123949  5.53537116e-05  3.09893538e-05
 40.1993  0.00102253495  5.01489512e-05  2.97631388e-05
 40.2303  0.000808358926  4.26053127e-05  2.40294503e-05
 40.2614  0.000618831576  4.19046964e-05  2.52846978e-05
 40.2924  0.000529803377  3.33196948e-05  1.93916141e-05
 40.3234  0.000755336643  2.95730925e-05  1.34457942e-05
 40.3544  0.00096189788  3.80240557e-05  1.83010891e-05
 40.3855  0.00113871912  4.67711707e-05  2.77234642e-05
 40.4165  0.00156932732  7.30647621e-05  3.86747702e-05
 40.4475  0.00247906586  0.000125860236  4.36694035e-05
 40.4786  0.00386313184  0.000219597381  7.44929207e-05
 40.5096  0.00419321208  0.000279077257  0.000115971971
 40.5406  0.00398434818  0.000271454363  9.61004801e-05
 40.5717  0.00376337142  0.000259927374  0.000101796224
 40.6027  0.0038046651  0.000255760322  0.000107344088
 40.6337  0.00384489237  0.000270759936  0.00011389875
 40.6648  0.00330515848  0.000217605574  0.000105760683
 40.6958  0.00291927133  0.0001462227  7.8018851e-05
 40.7268  0.00295461322  0.000138824467  5.27693607e-05
 40.7579  0.00329788482  0.000234747253  9.31610578e-05
 40.7889  0.00410663555  0.00038477241  0.000108128248
 40.8199  0.00491687591  0.000496124906  0.000120623745
 40.851  0.00457901197  0.000378870892  0.000101090925
 40.882  0.0043374175  0.000307652808  0.000110731662
 40.913  0.00460189434  0.000323084053  8.59417512e-05
 40.944  0.00517215145  0.000405087722  0.000119867156
 40.9751  0.00618989193  0.000468091451  0.00010166159
 41.0061  0.00651362274  0.000652326545  0.000123369142
 41.0371  0.0069282716  0.000759527288  0.000119278362
 41.0682  0.00688167855  0.000735508542  0.000136842058
 41.0992  0.00634082772  0.000685550965  0.000130880194
 41.1302  0.0059323001  0.000621163394  0.000109365445
 41.1613  0.00600428667  0.000467691833  0.000103080189
 41.1923  0.00564687492  0.0005771342  0.000117326673
 41.2233  0.0048734296  0.000487007748  9.32003016e-05
 41.2544  0.00389231305  0.000297871579  7.23389685e-05
 41.2854  0.00341544042  0.000217937883  7.10859118e-05
 41.3164  0.00349748941  0.000215861799  6.84395852e-05
 41.3475  0.00434857801  0.000327176499  7.19585589e-05
 41.3785  0.00530633126  0.000364624027  6.64697297e-05
 41.4095  0.00619831379  0.000390654044  7.98860236e-05
 41.4406  0.00681442143  0.000440865255  9.62617351e-05
 41.4716  0.00720630075  0.000429933524  8.2822662e-05
 41.5026  0.00706897398  0.000358604762  8.09396551e-05
 41.5336  0.00721373715  0.000429116883  8.21122422e-05
 41.5647  0.00781475542  0.000569344198  8.87289797e-05
 41.5957  0.0100328127  0.000607817487  9.8252441e-05
 41.6267  0.0132927998  0.000908103072  0.000125718568
 41.6578  0.0184070664  0.00173576364  0.000190477684
 41.6888  0.0257515551  0.00292458833  0.000324520236
 41.7198  0.0335656672  0.00350992248  0.000351721711
 41.7509  0.0376504892  0.00359203129  0.000324815971
 41.7819  0.0397018148  0.0045088778  0.0003507997
 41.8129  0.0430941314  0.00610372529  0.000528694954
 41.844  0.0475332558  0.00723984534  0.000399568998
 41.875  0.0489247914  0.00782227567  0.000472696274
 41.906  0.0473707611  0.00832355623  0.000489357942
 41.9371  0.0440701717  0.00777448578  0.000438332678
 41.9681  0.0367556559  0.0082989071  0.000414326933
 41.9991  0.0279965578  0.00734813469  0.000363539454
 42.0301  0.0215751425  0.00515264687  0.000290019004
 42.0612  0.0206032287  0.00518534949  0.000249831595
 42.0922  0.021328734  0.0055526883  0.00023407057
 42.1232  0.0201709405  0.00442675096  0.00021870932
 42.1543  0.0229385095  0.00455807024  0.000236765776
 42.1853  0.0246804234  0.00489799051  0.000244659019
 42.2163  0.0210003049  0.0042557869  0.000216868823
 42.2474  0.0169024259  0.00369898053  0.000191723451
 42.2784  0.0132888003  0.00297178282  0.000164756658
 42.3094  0.0126146621  0.00242722051  0.000148653764
 42.3405  0.012273487  0.00225904083  0.000148507286
 42.3715  0.0116707624  0.00236015544  0.000157664495
 42.4025  0.0108509888  0.00229505749  0.000149662758
 42.4336  0.00978365066  0.00226133583  0.000146890099
 42.4646  0.00839446685  0.00173292879  0.000124243093
 42.4956  0.00821644574  0.00158479979  0.000129887688
 42.5267  0.00837998432  0.00155038111  0.000146747283
 42.5577  0.00976606284  0.00180433262  0.000173572082
 42.5887  0.0134407367  0.00282818938  0.000232291692
 42.6197  0.0193237403  0.00406903076  0.000274177713
 42.6508  0.0241178068  0.00504798854  0.000340390667
 42.6818  0.0271218033  0.00575318194  0.000360078209
 42.7128  0.0296502535  0.00562473755  0.000345569919
 42.7439  0.0315407126  0.00490592714  0.000332957267
 42.7749  0.0296364838  0.00477922924  0.000327983617
 42.8059  0.0306240486  0.00512072895  0.0003889606
 42.837  0.0336873669  0.00857757851  0.000516344469
 42.868  0.0340984354  0.0109562818  0.000641304585
 42.899  0.0382834426  0.0168192356  0.000923962635
 42.9301  0.0549541252  0.0278981859  0.00141793788
 42.9611  0.108978142  0.0498162889  0.00246284481
 42.9921  0.0987314121  0.0517341917  0.00235216838
 43.0232  0.0913037836  0.05847449  0.00327287456
 43.0542  0.069517688  0.0632939098  0.00393592382
 43.0852  0.0606055314  0.0482297549  0.00818513183
 43.1162  0.177861015  0.299061887  0.105995881
 43.1473  0.0754159141  0.0913697425  0.031111452
 43.1783  0.0908873973  0.137040214  0.0289249347
 43.2093  nan  nan  nan
 43.2404  nan  nan  nan
 43.2714  nan  nan  nan
 43.3024  0.0120907991  0.0322523831  0.0116247408
 43.3335  0.00360593539  0.0111897529  0.00720394486
 43.3645  nan  nan  nan
 43.3955  nan  nan  nan
 43.4266  nan  nan  nan
 43.4576  0.00351560368  0.00342590879  0.00252051692
 43.4886  0.00236962577  0.000335393692  0.000314925514
 43.5197  0.00290216322  0.000699308741  0.000773111793
 43.5507  0.00243057168  0.00045274996  0.000467621273
 43.5817  0.00164132221  0.0002318685  0.00021269033
 43.6128  0.00172602902  0.000403469564  0.000422714849
 43.6438  0.00207496089  0.000413358711  0.000454803938
 43.6748  0.00322301389  0.000724305515  0.00048152848
 43.7058  0.0022998591  0.00103511349  0.00103139385
 43.7369  0.00247871334  0.00161760079  0.00164335682
 43.7679  0.0027744656  0.00213567571  0.00220014703
 43.7989  0.00300566138  0.00244626428  0.00250783697
 43.83  0.00261512666  0.00288131196  0.0028132073
 43.861  0.00270095828  0.00143699403  0.00125392003
 43.892  0.00212404429  0.00241861379  0.00232314021
 43.9231  0.00294023946  0.00606075906  0.00595807736
 43.9541  0.00350941257  0.00840014635  0.00842276319
 43.9851  0.00337274285  0.0035838609  0.00388413168
 44.0162  0.00816660199  0.0143403162  0.0159984255
 44.0472  0.00645009419  0.00993480932  0.0116526876
 44.0782  0.00353609836  0.0042559604  0.00464288733
 44.1093  0.00279077122  0.00306766258  0.00259925778
 44.1403  0.00322932279  0.00371134251  0.00296326995
 44.1713  0.00364587088  0.00362733532  0.00291205188
 44.2023  0.0041287702  0.00349826542  0.00288829773
 44.2334  0.00445482492  0.00324100853  0.0029161518
 44.2644  0.00760671145  0.00354750088  0.0074470746
 44.2954  0.00936343942  0.0042496352  0.00990228188
 44.3265  0.00959855586  0.00577055625  0.0103264898
 44.3575  0.0105903864  0.00941733509  0.0117214299
 44.3885  0.046211905  0.0401224178  0.0245033534
 44.4196  0.0470766186  0.0392996645  0.0312367181
 44.4506  0.0444580427  0.0318353145  0.0335532394
 44.4816  0.0547481733  0.0294048093  0.0377280313
 44.5127  0.0513830131  0.0378012191  0.0324612693
 44.5437  0.0837291107  0.0683967426  0.0343848886
 44.5747  0.122895959  0.134120478  0.0147888329
 44.6058  0.0854763224  0.0760315506  0.00601935535
 44.6368  0.0613095184  0.0429972736  0.00293104018
 44.6678  0.0498204369  0.0289824743  0.00177496356
 44.6989  0.0471994059  0.0261366911  0.00149922161
 44.7299  0.0421882549  0.0163043206  0.00106763567
 44.7609  0.0431583246  0.0114345637  0.00104545644
 44.7919  0.0375788853  0.00928874699  0.00110305299
 44.823  0.0284917522  0.00651830869  0.000892287309
 44.854  0.0211603242  0.00456667554  0.000603491955
 44.885  0.0162836813  0.00392880693  0.000529958857
 44.9161  0.0106861109  0.00198843547  0.000579709223
 44.9471  0.0103801445  0.00268512265  0.00055513311
 44.9781  0.00736009359  0.00160107421  0.00030965265
 45.0092  0.00605867899  0.000720412683  0.000141528784
 45.0402  0.00573499657  0.000556273264  0.000112370842
 45.0712  0.00575509783  0.000575353138  0.000116238483
 45.1023  0.00601979677  0.00063534229  0.000162080409
 45.1333  0.00609388113  0.000583362142  0.000175142408
 45.1643  0.00667010521  0.000580132257  0.000187576841
 45.1954  0.00634623252  0.000532226441  0.000175754226
 45.2264  0.00557375333  0.000491009486  0.000149873066
 45.2574  0.00452197303  0.000301692569  0.000146739811
 45.2884  0.00439578394  0.000389764405  0.000132036738
 45.3195  0.00518238077  0.000623179012  0.00029473678
 45.3505  0.00608177793  0.000756702917  0.000465721292
 45.3815  nan  nan  nan
