# X (m) TKE_avg epsilon_turb_pw_avg_Y_avg epsilon_pw_avg_Y_avg
 33.031  0.000151265339  0.17848395  0.0201755727
 33.062  0.000140388362  0.0095794598  0.0013801084
 33.093  0.000165186805  0.001798353  0.000260628841
 33.1239  0.000159983681  6.62641009e-06  2.83702636e-06
 33.1549  0.000151095887  5.71970268e-06  1.16040497e-05
 33.1859  0.000144030891  6.82058175e-06  4.52201376e-05
 33.2169  0.000129499499  5.25830326e-06  1.55496665e-05
 33.2479  0.000149479704  4.94689838e-06  9.53600306e-06
 33.2789  0.000141485923  4.75309302e-06  9.82698383e-06
 33.3098  0.000134795809  4.2754193e-06  8.71089941e-06
 33.3408  0.000128082367  6.10420733e-06  1.18203887e-05
 33.3718  0.000106524056  4.80472589e-06  1.1043074e-05
 33.4028  0.000104543039  4.23124552e-06  1.07642623e-05
 33.4338  0.000112670441  3.63916789e-06  1.1098083e-05
 33.4648  0.000123418661  2.99548569e-06  1.12762264e-05
 33.4958  0.000147681052  3.79150056e-06  1.38389819e-05
 33.5267  0.000132534867  4.48227059e-06  1.33134834e-05
 33.5577  0.000134293934  5.05624518e-06  2.30973827e-05
 33.5887  0.000129392923  1.0147455e-05  3.21742699e-05
 33.6197  0.000125029898  7.05042937e-06  2.87557723e-05
 33.6507  0.000173832854  1.07650349e-05  3.90802868e-05
 33.6817  0.000194082684  1.17563538e-05  3.46094166e-05
 33.7126  0.000169875025  9.38716766e-06  4.07194177e-05
 33.7436  0.00021240713  9.84317265e-06  4.78875103e-05
 33.7746  0.000190564411  9.60838161e-06  4.69368436e-05
 33.8056  0.000193328642  1.13949273e-05  4.59472495e-05
 33.8366  0.000186941602  1.40311208e-05  4.38993079e-05
 33.8676  0.000195801773  1.10436703e-05  3.92138847e-05
 33.8986  0.000154698455  6.67040795e-06  3.66338982e-05
 33.9295  0.000169072675  1.06404796e-05  4.21391336e-05
 33.9605  0.000159226021  8.78045569e-06  4.2598747e-05
 33.9915  0.000139087175  5.58397286e-06  4.17885953e-05
 34.0225  0.000133432209  5.50543006e-06  4.1308996e-05
 34.0535  0.000131128231  5.00422257e-06  3.69326699e-05
 34.0845  0.000147928964  5.88637176e-06  3.27847293e-05
 34.1154  0.000167279481  6.47916416e-06  2.6091506e-05
 34.1464  0.000178456803  7.80431809e-06  2.28460476e-05
 34.1774  0.000179695095  8.86009865e-06  2.28826519e-05
 34.2084  0.000188703467  7.8359617e-06  2.27106439e-05
 34.2394  0.000209179814  9.29858453e-06  2.25367548e-05
 34.2704  0.000222272233  1.17093242e-05  2.33119912e-05
 34.3014  0.000168310295  7.77241276e-06  1.75728453e-05
 34.3323  0.000169255827  7.01844174e-06  1.60319093e-05
 34.3633  0.000199562843  8.83711358e-06  1.60915556e-05
 34.3943  0.000157687793  7.198867e-06  1.09017462e-05
 34.4253  0.000153672315  7.36463972e-06  8.70818521e-06
 34.4563  0.00016666695  8.72561327e-06  7.11547648e-06
 34.4873  0.000141621194  8.54857194e-06  5.34421505e-06
 34.5182  0.000139770606  9.55350514e-06  5.12576969e-06
 34.5492  0.000163870732  1.22240243e-05  5.79467956e-06
 34.5802  0.000127270588  7.62819792e-06  3.48610413e-06
 34.6112  9.56552314e-05  5.24365131e-06  3.55152227e-06
 34.6422  9.49389321e-05  5.81340537e-06  5.61593379e-06
 34.6732  8.06180148e-05  3.4224511e-06  3.43935494e-06
 34.7042  8.98582865e-05  5.35794592e-06  5.56738811e-06
 34.7351  8.02370171e-05  5.33278219e-06  4.78998535e-06
 34.7661  9.54021421e-05  7.16622447e-06  7.89716506e-06
 34.7971  9.63463655e-05  6.23604511e-06  4.19810436e-06
 34.8281  9.54726622e-05  8.20775468e-06  6.56465196e-06
 34.8591  9.75358658e-05  9.85285362e-06  1.07314419e-05
 34.8901  9.71437169e-05  5.66740444e-06  6.94775973e-06
 34.921  0.000103014168  4.45809392e-06  4.12857762e-06
 34.952  0.000102432536  3.30337326e-06  3.96484182e-06
 34.983  8.68934344e-05  9.15643792e-06  1.33106542e-05
 35.014  8.1135091e-05  8.1354244e-06  1.05747094e-05
 35.045  7.20956168e-05  5.23361857e-06  5.89677214e-06
 35.076  7.89728935e-05  7.59737313e-06  1.17395157e-05
 35.107  0.000102717778  1.08991002e-05  1.49651381e-05
 35.1379  0.00014651324  1.40504514e-05  1.60234358e-05
 35.1689  0.000127371137  1.86818643e-05  1.61726746e-05
 35.1999  0.000117789217  1.25551515e-05  5.73481325e-06
 35.2309  0.00012423922  2.00584627e-05  9.88316206e-06
 35.2619  0.000107029513  3.0215451e-05  2.23871997e-05
 35.2929  0.000114474818  1.48486056e-05  1.40298397e-05
 35.3238  0.000135078363  2.90012334e-05  7.05893452e-06
 35.3548  0.000132415218  2.99450176e-05  2.58959315e-05
 35.3858  0.000130074563  2.74143668e-05  1.85792321e-05
 35.4168  0.000105728006  1.53501939e-05  5.82668476e-06
 35.4478  0.000103005961  8.51673897e-06  9.67793385e-06
 35.4788  0.000120936481  2.09991769e-05  1.80013514e-05
 35.5097  0.000110463133  1.68969712e-05  1.9692475e-05
 35.5407  0.000121024889  1.18018564e-05  1.28196848e-05
 35.5717  0.000126064791  7.42708675e-06  6.55497651e-06
 35.6027  0.000118140005  1.05038428e-05  1.212448e-05
 35.6337  0.000110159505  9.59170583e-06  1.26756885e-05
 35.6647  0.000173227026  1.5859397e-05  1.29248758e-05
 35.6957  0.000156349767  9.46313311e-06  6.95762397e-06
 35.7266  0.00012361388  5.99164512e-06  6.00690167e-06
 35.7576  0.000125014788  4.63831093e-06  6.2669897e-06
 35.7886  0.000147980082  6.7900453e-06  7.46817485e-06
 35.8196  0.000150031191  6.31878266e-06  6.43303996e-06
 35.8506  0.000136666245  4.78248299e-06  7.29713602e-06
 35.8816  0.000154116702  4.32150919e-06  7.3223386e-06
 35.9125  0.000160607184  4.03278969e-06  6.54238204e-06
 35.9435  0.00016161896  4.95450241e-06  6.15013711e-06
 35.9745  0.000139404765  3.54029723e-06  4.94738821e-06
 36.0055  0.000132856128  2.6986112e-06  5.01982742e-06
 36.0365  0.000170981199  3.07402993e-06  6.11904515e-06
 36.0675  0.000219831501  5.09552096e-06  7.66513785e-06
 36.0985  0.000265671697  7.10640206e-06  7.34058374e-06
 36.1294  0.000255284485  7.15081896e-06  7.23000392e-06
 36.1604  0.000251220203  6.71477534e-06  6.25842246e-06
 36.1914  0.000237284925  6.38407821e-06  6.03825112e-06
 36.2224  0.000224536126  6.21870414e-06  6.97445456e-06
 36.2534  0.000222927615  7.65982954e-06  9.14973326e-06
 36.2844  0.000239779188  1.2150588e-05  1.69353212e-05
 36.3153  0.000239854368  1.23228713e-05  1.33108423e-05
 36.3463  0.000205003094  1.01716078e-05  7.06161968e-06
 36.3773  0.000173160938  1.66219552e-05  1.93605155e-05
 36.4083  0.000163773016  1.01018559e-05  1.09923626e-05
 36.4393  0.000150718043  8.76190542e-06  1.12381857e-05
 36.4703  0.000137907576  8.83633642e-06  1.0642147e-05
 36.5013  0.000135052644  1.53800925e-05  1.60789575e-05
 36.5322  0.000142386212  3.23831898e-05  3.32883567e-05
 36.5632  0.000127806219  2.23194488e-05  3.49956627e-05
 36.5942  0.000118839299  1.91593684e-05  3.52823777e-05
 36.6252  0.000121047202  1.59467502e-05  2.86004109e-05
 36.6562  0.000142200498  1.25698419e-05  2.06242135e-05
 36.6872  0.00015098676  1.49539215e-05  2.53859273e-05
 36.7181  0.000157482569  1.70186156e-05  2.128896e-05
 36.7491  0.000161752606  1.32543094e-05  2.17812749e-05
 36.7801  0.000192970358  1.4945153e-05  2.88458934e-05
 36.8111  0.000153092196  1.62435007e-05  3.4367956e-05
 36.8421  0.000139914417  1.64998946e-05  4.23071355e-05
 36.8731  0.000183699425  1.58706601e-05  5.18425742e-05
 36.9041  0.000177143556  1.22705256e-05  4.85983967e-05
 36.935  0.000176445366  1.84548151e-05  5.99030698e-05
 36.966  0.000137923709  2.17391675e-05  6.48065433e-05
 36.997  0.000139761136  1.15531463e-05  5.90953605e-05
 37.028  0.000135753805  1.75353198e-05  7.04112472e-05
 37.059  0.00016840318  6.92407535e-06  5.56968238e-05
 37.09  0.000155535504  7.6657152e-06  5.26189379e-05
 37.1209  0.000176930697  1.38714145e-05  6.03015855e-05
 37.1519  0.000142124553  8.83014332e-06  5.42563124e-05
 37.1829  0.000149377029  1.07699415e-05  6.51315832e-05
 37.2139  0.0001328901  8.33065611e-06  5.4836148e-05
 37.2449  0.00013021345  7.13472601e-06  4.78442692e-05
 37.2759  0.000122358654  5.77126025e-06  4.41416485e-05
 37.3069  0.000114744486  4.66324997e-06  4.01534497e-05
 37.3378  0.000132411235  5.9431148e-06  4.36948174e-05
 37.3688  0.000124308865  5.94416163e-06  3.9560497e-05
 37.3998  0.000138984015  5.71340551e-06  3.93326568e-05
 37.4308  0.00016239908  8.12195635e-06  4.43162403e-05
 37.4618  0.000199260942  1.10976604e-05  4.64573817e-05
 37.4928  0.000371946383  2.83282593e-05  5.31166245e-05
 37.5237  0.000362471087  3.2950485e-05  4.11830782e-05
 37.5547  0.000448770377  3.99286673e-05  3.42738865e-05
 37.5857  0.000258174259  2.90356684e-05  1.51416491e-05
 37.6167  0.00013404972  1.75028074e-05  7.71756376e-06
 37.6477  0.000104343385  8.43732645e-06  7.21865369e-06
 37.6787  0.000104076047  6.66667986e-06  9.79527119e-06
 37.7097  0.000109358536  7.82442941e-06  1.14971826e-05
 37.7406  0.000146503294  1.33433976e-05  1.6564761e-05
 37.7716  0.000134391242  1.42045439e-05  1.87221558e-05
 37.8026  0.000138180637  1.44184323e-05  2.42605344e-05
 37.8336  0.000159631799  2.12844766e-05  3.60161211e-05
 37.8646  0.000176078748  1.45792355e-05  2.43874528e-05
 37.8956  0.000183559058  1.00779197e-05  1.77834992e-05
 37.9265  0.000204524546  1.1348173e-05  1.89924934e-05
 37.9575  0.000217400384  1.35577577e-05  1.54179133e-05
 37.9885  0.000248318977  1.70081211e-05  1.59981328e-05
 38.0195  0.000288481589  1.38557967e-05  1.12473832e-05
 38.0505  0.000313970183  3.20715138e-05  3.28351798e-05
 38.0815  0.000340739893  5.99059816e-05  6.78539703e-05
 38.1125  0.000361975913  6.15726928e-05  6.65395982e-05
 38.1434  0.00043131269  6.30680065e-05  7.14353537e-05
 38.1744  0.000486642445  6.93470387e-05  7.37320967e-05
 38.2054  0.000436943046  3.04593374e-05  2.19279454e-05
 38.2364  0.000357745121  2.71933308e-05  2.59768399e-05
 38.2674  0.000279192717  2.99391962e-05  2.00343953e-05
 38.2984  0.000235779258  8.53775309e-05  8.00899284e-05
 38.3293  0.000202663867  3.43201039e-05  2.97599526e-05
 38.3603  0.000175729165  3.11129399e-05  2.80197031e-05
 38.3913  0.000192192709  5.29083681e-05  5.33391047e-05
 38.4223  0.00021038714  3.87610555e-05  4.18003947e-05
 38.4533  0.000215670999  4.31180241e-05  5.16962776e-05
 38.4843  0.000247189309  4.78356023e-05  5.40976913e-05
 38.5153  0.000200369192  2.9459939e-05  3.33148694e-05
 38.5462  0.000178693075  2.67828182e-05  2.79664479e-05
 38.5772  0.000176087127  3.66373254e-05  3.89005539e-05
 38.6082  0.000181826499  3.11630813e-05  3.71502007e-05
 38.6392  0.000184282946  1.19165478e-05  2.08831192e-05
 38.6702  0.000168066449  2.4958835e-05  3.31129735e-05
 38.7012  0.00015526598  2.78415909e-05  3.50156918e-05
 38.7321  0.000145165821  8.59948458e-06  1.77672364e-05
 38.7631  0.000152073046  6.12956409e-06  1.53591994e-05
 38.7941  0.000190509624  8.6980987e-06  1.43839458e-05
 38.8251  0.000210424516  1.04831923e-05  1.38107858e-05
 38.8561  0.000205030312  1.04779992e-05  1.40566806e-05
 38.8871  0.000163212524  8.45279642e-06  1.30401903e-05
 38.9181  0.00012618944  6.4921215e-06  1.13226232e-05
 38.949  0.000120548686  6.79938025e-06  1.0112815e-05
 38.98  0.000117943116  5.5069814e-06  1.06129259e-05
 39.011  0.000113438971  5.36603766e-06  1.21148026e-05
 39.042  0.000122376432  1.51273903e-05  3.56880957e-05
 39.073  0.000144927054  1.00910345e-05  1.93994331e-05
 39.104  0.000177859039  2.57389396e-05  3.90657135e-05
 39.1349  0.000200795713  2.53845929e-05  3.06083612e-05
 39.1659  0.000198953296  2.58818485e-05  3.08968353e-05
 39.1969  0.000191851004  2.3445719e-05  2.48490985e-05
 39.2279  0.00020486528  2.14223178e-05  2.33787832e-05
 39.2589  0.000231014076  3.14662366e-05  3.84162837e-05
 39.2899  0.000244728734  3.45875951e-05  4.45831914e-05
 39.3209  0.000253909507  3.32231863e-05  4.64829101e-05
 39.3518  0.00027525263  2.19691343e-05  2.51074859e-05
 39.3828  0.00026698896  3.63863091e-05  5.23692745e-05
 39.4138  0.000304420487  4.04097542e-05  6.7830966e-05
 39.4448  0.000332920235  2.37584233e-05  4.11066427e-05
 39.4758  0.000378991719  3.89580727e-05  6.59623447e-05
 39.5068  0.000370853863  2.89714209e-05  6.22526968e-05
 39.5377  0.000399618371  1.34048956e-05  2.98237922e-05
 39.5687  0.000427477293  1.35159036e-05  2.75322162e-05
 39.5997  0.000425520862  1.56305282e-05  2.9506503e-05
 39.6307  0.000404932567  1.70946529e-05  3.29437686e-05
 39.6617  0.00041693571  1.76218135e-05  3.80510627e-05
 39.6927  0.000402300602  1.8718095e-05  3.93319022e-05
 39.7237  0.00039751313  1.88159616e-05  4.0780454e-05
 39.7546  0.000376837781  9.43417329e-06  2.85935128e-05
 39.7856  0.000361371244  7.53497806e-06  2.79645502e-05
 39.8166  0.000348308628  7.28287285e-06  2.6553142e-05
 39.8476  0.000361877677  9.0156542e-06  2.86975518e-05
 39.8786  0.000368210711  9.12170049e-06  2.67818099e-05
 39.9096  0.000378104833  1.00984711e-05  2.56104956e-05
 39.9405  0.000365377534  7.93580614e-06  2.08263435e-05
 39.9715  0.000397822769  8.71247717e-06  2.11864206e-05
 40.0025  0.000396633508  1.0519362e-05  1.84540528e-05
 40.0335  0.000437396629  1.79585035e-05  1.67451892e-05
 40.0645  0.000504086731  4.5349857e-05  1.58134633e-05
 40.0955  0.000600936579  5.72372941e-05  1.69652706e-05
 40.1265  0.00058199866  5.15607758e-05  1.36873163e-05
 40.1574  0.000533129472  4.70644234e-05  1.01330785e-05
 40.1884  0.000518327816  4.82535353e-05  9.04022268e-06
 40.2194  0.000555173539  4.15945465e-05  8.48075925e-06
 40.2504  0.000657320681  1.75803879e-05  8.27374752e-06
 40.2814  0.000776681889  1.86176937e-05  8.51532304e-06
 40.3124  0.000825787923  2.46647403e-05  1.08426947e-05
 40.3433  0.000873398667  3.15395977e-05  1.40572673e-05
 40.3743  0.000858429919  3.09584504e-05  1.44481632e-05
 40.4053  0.000894392113  3.43177361e-05  1.698775e-05
 40.4363  0.000854570843  2.73315152e-05  1.08468827e-05
 40.4673  0.000782563602  2.9583163e-05  9.48950043e-06
 40.4983  0.000713129164  4.25971909e-05  1.60579271e-05
 40.5292  0.000702297599  6.60692269e-05  2.98836427e-05
 40.5602  0.000822372946  9.49490489e-05  4.06116061e-05
 40.5912  0.000977482544  9.88493473e-05  5.35103104e-05
 40.6222  0.00126953979  9.17991082e-05  5.25999608e-05
 40.6532  0.00160829181  9.76968493e-05  5.24356441e-05
 40.6842  0.00198457421  9.75221504e-05  4.65606148e-05
 40.7152  0.00244589591  0.000102888891  3.3935388e-05
 40.7461  0.00295230527  0.000141003234  3.32848984e-05
 40.7771  0.00309213545  0.000174696268  8.47449094e-05
 40.8081  0.00320202588  0.000156286768  6.75579299e-05
 40.8391  0.00332945688  0.000136186321  5.02728586e-05
 40.8701  0.00330318978  0.000138298677  5.72148441e-05
 40.9011  0.00310819363  0.000145037346  5.06159369e-05
 40.932  0.00305472185  0.000148827639  5.90641455e-05
 40.963  0.00316455441  0.00015750284  6.51172888e-05
 40.994  0.00337493612  0.000182918735  8.5317856e-05
 41.025  0.00375545338  0.000178197388  6.97867409e-05
 41.056  0.00421804098  0.000184611614  5.95278275e-05
 41.087  0.00474047382  0.000234625989  8.06475594e-05
 41.118  0.00543227837  0.000239707137  7.3634406e-05
 41.1489  0.00563298973  0.00024919743  7.29719616e-05
 41.1799  0.00483994108  0.00032381944  8.64638916e-05
 41.2109  0.00451111604  0.000320061629  8.8473462e-05
 41.2419  0.00542317504  0.000311780119  9.89754684e-05
 41.2729  0.00707239816  0.000335428475  0.000132474287
 41.3039  0.00828773534  0.000345259581  0.000161704776
 41.3348  0.00965374883  0.000440929047  0.000199992422
 41.3658  0.0120810001  0.000623801248  0.00025241434
 41.3968  0.0140972586  0.000688213661  0.00020167063
 41.4278  0.0160042496  0.000812813383  0.000203181608
 41.4588  0.0161978553  0.00123768809  0.000248984781
 41.4898  0.0178465458  0.00159877371  0.000277674119
 41.5208  0.0191179856  0.00197544489  0.00034139795
 41.5517  0.0197938133  0.00222412123  0.000318958979
 41.5827  0.0197378842  0.00237522518  0.000301648965
 41.6137  0.0188868674  0.00242418577  0.000329427363
 41.6447  0.0212958205  0.00284980862  0.000379014481
 41.6757  0.0228518432  0.00271782563  0.000380151247
 41.7067  0.0217076564  0.00273135052  0.000349060101
 41.7376  0.019051504  0.00274813046  0.00028040573
 41.7686  0.0158849006  0.00266596149  0.000193089763
 41.7996  0.0123306799  0.00214564793  0.000176355784
 41.8306  0.0112820349  0.00153767039  0.000156751789
 41.8616  0.0106656058  0.00135800536  0.000145250854
 41.8926  0.0102433183  0.00144304273  0.00017301704
 41.9236  0.00945075893  0.00141484076  0.000143562021
 41.9545  0.00827728355  0.00115079295  0.000123401914
 41.9855  0.00771159506  0.000992391291  0.000113716279
 42.0165  0.00654461564  0.000872142588  0.000106071955
 42.0475  0.00662002382  0.000850847941  8.63955712e-05
 42.0785  0.00791877448  0.000940341224  9.32750712e-05
 42.1095  0.0088413189  0.00104181905  9.76795516e-05
 42.1404  0.0083999516  0.00108594529  0.000102422683
 42.1714  0.0090657936  0.00115294538  0.000113128733
 42.2024  0.0107042899  0.0011700511  0.000109709269
 42.2334  0.0110233664  0.0012632046  0.000109950218
 42.2644  0.0102804875  0.00119631234  0.000112366904
 42.2954  0.00931527911  0.00109345392  0.00010314725
 42.3264  0.00821343393  0.00109372495  9.84431582e-05
 42.3573  0.00724415328  0.000724964268  6.93890327e-05
 42.3883  0.00714165776  0.000817203196  6.91414319e-05
 42.4193  0.00708295589  0.000792628515  7.22799189e-05
 42.4503  0.00754281893  0.000760376685  7.34406842e-05
 42.4813  0.00795129654  0.000788971302  7.42977896e-05
 42.5123  0.00782987589  0.00097764854  7.60073974e-05
 42.5432  0.00655518954  0.000906336544  7.5651259e-05
 42.5742  0.00585759572  0.00076728364  7.73543872e-05
 42.6052  0.00576929093  0.000655771947  7.85089746e-05
 42.6362  0.00605542866  0.000571845765  7.51928342e-05
 42.6672  0.00668341108  0.000571240992  8.07456622e-05
 42.6982  0.0078361122  0.000596720936  7.25594931e-05
 42.7292  0.0088343775  0.000715598729  8.81512417e-05
 42.7601  0.00964185442  0.000843735655  0.00012371211
 42.7911  0.0107488287  0.00113934859  0.000143355153
 42.8221  0.0125188955  0.00148565555  0.000133585586
 42.8531  0.0151536196  0.00164321079  0.000162229716
 42.8841  0.0174331517  0.0021099935  0.000172448619
 42.9151  0.0190579693  0.00264001653  0.000259391967
 42.946  0.0215727881  0.00292401936  0.000245337471
 42.977  0.0238320662  0.00327371451  0.000299247986
 43.008  0.0250347964  0.00365357976  0.000318640902
 43.039  0.0269547809  0.00450622793  0.000406230373
 43.07  0.0293504788  0.00461933753  0.000369003872
 43.101  0.0295338641  0.00539917994  0.000544301211
 43.132  0.0278696726  0.00519387249  0.000432179823
 43.1629  0.0251215188  0.00501836424  0.000402149369
 43.1939  0.0217584807  0.00438550188  0.000389830887
 43.2249  0.0185226926  0.00513596361  0.000497976024
 43.2559  0.01803156  0.00553589491  0.000456564964
 43.2869  0.0180482579  0.00641590932  0.000484838301
 43.3179  0.0165267357  0.00648711154  0.000482059871
 43.3488  0.0152402278  0.00622426779  0.000562659837
 43.3798  0.0159237259  0.00599400265  0.000617851995
 43.4108  0.0153377701  0.00676801049  0.000694737046
 43.4418  0.0142666149  0.00480825239  0.000724828344
 43.4728  0.0143835564  0.00412690697  0.00093167066
 43.5038  0.0137514099  0.00372065973  0.001230642
 43.5348  0.0140291952  0.00361513732  0.000963085855
 43.5657  0.0146399322  0.00368841462  0.00185706098
 43.5967  0.0155741582  0.00492844598  0.00351169488
 43.6277  0.0160141128  0.00420720045  0.00192691485
 43.6587  0.0169340268  0.00494060311  0.00241664161
 43.6897  0.0175141094  0.00559513201  0.00268865261
 43.7207  0.018850352  0.0064841674  0.00317580298
 43.7516  0.0218771122  0.0075802942  0.00413992224
 43.7826  0.0231931336  0.0092312197  0.00655167794
 43.8136  0.0299085563  0.0175823637  0.0200865219
 43.8446  0.0298753111  0.0181304791  0.0160948351
 43.8756  0.0309942731  0.0204093516  0.0121765598
 43.9066  0.0326428446  0.0232362562  0.015652636
 43.9376  0.0402341689  0.0317461307  0.0257293981
 43.9685  0.0404210879  0.0365941025  0.0249717459
 43.9995  0.0496044447  0.0439508157  0.0227958172
 44.0305  0.0618952634  0.0634576771  0.0226914767
 44.0615  0.0614502044  0.098960409  0.0238770172
 44.0925  0.0411340179  0.146402927  0.0574765148
 44.1235  0.0498704813  0.200046489  0.11235599
 44.1544  0.0607306314  0.232356441  0.111182296
 44.1854  0.0628126682  0.166085608  0.0819880578
 44.2164  0.0593691731  0.110548575  0.0575416969
 44.2474  0.0466459623  0.0546095417  0.0234429241
 44.2784  0.0385810049  0.0227567656  0.0044145276
 44.3094  0.020686025  0.00924096509  0.00144592939
 44.3404  0.0174568251  0.00586388329  0.00115855139
 44.3713  0.0171503432  0.00464589444  0.000962892016
 44.4023  0.0168742471  0.00406378821  0.00080291492
 44.4333  0.0157344865  0.00360444796  0.000857967652
 44.4643  0.0144524326  0.00255564955  0.000677672
 44.4953  0.0132726009  0.00204497001  0.000539463327
 44.5263  0.0125732459  0.00174183079  0.000505075142
 44.5572  0.0128330698  0.00165162095  0.000516026228
 44.5882  0.0131251941  0.0016393832  0.000522130905
 44.6192  0.0120619136  0.00132830182  0.000515922168
 44.6502  0.0113957023  0.00129561213  0.000364422092
 44.6812  0.0114072223  0.00119217616  0.000352971589
 44.7122  0.0105650932  0.00109759817  0.0003522786
 44.7432  0.00908706473  0.000970494739  0.00031817323
 44.7741  0.00762767006  0.000806756751  0.000263151585
 44.8051  0.00758741059  0.000748190455  0.000248466758
 44.8361  0.00807475915  0.000894414913  0.000223770243
 44.8671  0.00761992734  0.000761606318  0.000193259379
 44.8981  0.00668608324  0.000619607185  0.000167423887
 44.9291  0.00563210626  0.000505645838  0.000139953573
 44.96  0.00492817339  0.000402361594  0.000102161361
 44.991  0.00487074647  0.000283268911  9.57625589e-05
 45.022  0.00513427375  0.000285104082  8.6546074e-05
 45.053  0.00489075812  0.000363952696  0.000101768957
 45.084  0.00409163635  0.000369262214  0.000109296748
 45.115  0.00374812677  0.000354632277  0.00010709587
 45.146  0.00421502203  0.00041839319  0.000107703124
 45.1769  0.00423627302  0.000213422581  0.000153184096
 45.2079  0.00430316846  0.000208408404  0.000163961866
 45.2389  0.00436863531  0.00023690397  0.000255845399
 45.2699  0.0041659399  0.000343530994  0.000385807677
 45.3009  0.00481831595  0.000744245092  0.000680251823
 45.3319  0.00633487554  0.00155094272  0.0019011401
 45.3628  nan  nan  nan
