# X (m) TKE_avg epsilon_turb_pw_avg_Y_avg epsilon_pw_avg_Y_avg
 33.031  0.000214580823  104.660165  5.06894187
 33.0621  0.000192056704  67.0290329  3.24493019
 33.0931  0.000185032042  12.0551508  0.583603018
 33.1242  0.000156981396  4.34605908e-06  3.68326812e-06
 33.1552  0.000148978847  5.46162084e-06  4.73859296e-06
 33.1863  0.000161426624  1.19598107e-05  9.01085539e-06
 33.2173  0.000190651455  1.48615818e-05  5.86640901e-06
 33.2484  0.000174953217  1.14752344e-05  4.91500703e-06
 33.2794  0.000181321271  1.20785843e-05  8.97296728e-06
 33.3105  0.000199637169  1.26889093e-05  8.4837284e-06
 33.3415  0.000189426712  1.40430586e-05  6.44957644e-06
 33.3726  0.000150395309  1.77681233e-05  1.00909193e-05
 33.4036  0.000130679952  1.29699229e-05  9.20690549e-06
 33.4346  0.000146155888  1.35145653e-05  8.0873566e-06
 33.4657  0.000166041443  1.45911867e-05  7.59206385e-06
 33.4967  0.00015803726  1.68224359e-05  1.06436703e-05
 33.5278  0.000157328544  1.24948075e-05  9.59292436e-06
 33.5588  0.000147244877  1.15966692e-05  9.94634145e-06
 33.5899  0.000230687253  3.31212371e-05  1.80318002e-05
 33.6209  0.000207387353  2.55970579e-05  1.11221269e-05
 33.652  0.000155218531  1.84917752e-05  1.11475276e-05
 33.683  0.000127702745  1.05007379e-05  8.3342254e-06
 33.7141  0.000136979809  8.95198804e-06  1.0502544e-05
 33.7451  0.000142639944  4.77151844e-06  6.02191997e-06
 33.7762  0.000128240567  3.82206895e-06  5.45275247e-06
 33.8072  0.000123422648  4.66351947e-06  5.13020736e-06
 33.8382  0.000133234691  7.47376307e-06  8.2515277e-06
 33.8693  0.000136403016  3.93338618e-06  4.77407385e-06
 33.9003  0.000151658515  4.53456933e-06  4.02944334e-06
 33.9314  0.000162213196  8.21588482e-06  9.17298776e-06
 33.9624  0.0001466143  6.39846599e-06  7.24691639e-06
 33.9935  0.000137172411  4.81967563e-06  4.93879642e-06
 34.0245  0.000129612028  5.39576662e-06  5.80751948e-06
 34.0556  0.000118217872  4.13415506e-06  5.69979435e-06
 34.0866  0.000110294987  2.54552042e-06  4.70344685e-06
 34.1177  0.000113994835  3.62253918e-06  5.35248286e-06
 34.1487  0.00011845183  4.65267054e-06  5.34816187e-06
 34.1797  0.000121439628  5.34772534e-06  5.27983191e-06
 34.2108  0.000107856773  4.02895094e-06  4.58711545e-06
 34.2418  0.000108763914  3.9397014e-06  4.58328203e-06
 34.2729  0.000112139013  4.00209586e-06  4.73089169e-06
 34.3039  0.000105427795  3.65144722e-06  5.00576526e-06
 34.335  0.0001119717  4.6382386e-06  5.36126149e-06
 34.366  0.000124350112  6.63048635e-06  5.46917538e-06
 34.3971  0.000129252188  7.39889707e-06  5.36851218e-06
 34.4281  0.000146134497  7.76843653e-06  5.62287377e-06
 34.4592  0.00013416059  7.79885205e-06  5.48940989e-06
 34.4902  0.000117381942  7.71559314e-06  6.56604633e-06
 34.5213  0.000102631438  7.59408973e-06  6.67387946e-06
 34.5523  8.66788016e-05  8.41827071e-06  8.47369832e-06
 34.5833  7.70703547e-05  5.07470223e-06  4.55623385e-06
 34.6144  7.76109409e-05  7.30522408e-06  7.14027266e-06
 34.6454  7.25183394e-05  8.30373144e-06  9.79573477e-06
 34.6765  7.07655361e-05  4.75134051e-06  5.50201555e-06
 34.7075  7.6397413e-05  6.34393484e-06  1.05413472e-05
 34.7386  7.6764082e-05  5.80174462e-06  8.68178536e-06
 34.7696  7.85136206e-05  5.0125147e-06  6.38418673e-06
 34.8007  7.91393032e-05  5.50380368e-06  6.63970478e-06
 34.8317  8.10047183e-05  9.91324117e-06  1.1058789e-05
 34.8628  7.42065087e-05  1.18820214e-05  1.75895263e-05
 34.8938  7.0203497e-05  5.33440924e-06  9.96937297e-06
 34.9249  7.50402581e-05  2.8833707e-06  3.40914597e-06
 34.9559  8.25603078e-05  3.04764868e-06  3.46921925e-06
 34.9869  9.05081806e-05  6.40708568e-06  8.68912263e-06
 35.018  0.000101809656  1.27415679e-05  1.98889225e-05
 35.049  9.98478433e-05  7.61291063e-06  1.12654387e-05
 35.0801  0.000106573465  6.90651958e-06  1.01118943e-05
 35.1111  0.000117796054  1.20244551e-05  2.13306336e-05
 35.1422  0.000130904396  1.38057126e-05  2.17272374e-05
 35.1732  0.000138193591  1.7444421e-05  1.66985958e-05
 35.2043  0.000142449634  1.54806987e-05  2.00099657e-05
 35.2353  0.000153538188  1.74809805e-05  3.01184816e-05
 35.2664  0.000164657938  1.32051849e-05  3.37589483e-05
 35.2974  0.000177786889  1.36452273e-05  4.55605074e-05
 35.3285  0.000205581049  1.14377665e-05  4.3834418e-05
 35.3595  0.000224188647  1.20950324e-05  5.11593953e-05
 35.3905  0.00018117488  1.36105786e-05  4.75697785e-05
 35.4216  0.00019702025  9.28050769e-06  4.38196311e-05
 35.4526  0.000231847871  8.77166248e-06  5.28967047e-05
 35.4837  0.000177679627  9.46440965e-06  4.75378865e-05
 35.5147  0.000203073554  1.0790301e-05  5.06219041e-05
 35.5458  0.000226259215  1.0848347e-05  5.41083143e-05
 35.5768  0.000167735402  7.79736667e-06  4.10722133e-05
 35.6079  0.000134453775  7.06612098e-06  3.48190358e-05
 35.6389  0.000143813514  9.51146329e-06  3.83806814e-05
 35.67  0.000157712373  9.5488627e-06  3.72454953e-05
 35.701  0.000178039478  8.1675447e-06  3.26280881e-05
 35.732  0.000196504838  8.69886118e-06  3.47061186e-05
 35.7631  0.000185397196  7.97921252e-06  3.41757848e-05
 35.7941  0.0001775765  7.12406519e-06  3.32742071e-05
 35.8252  0.000160297296  6.33563286e-06  2.88051108e-05
 35.8562  0.00016304136  7.27231814e-06  2.78344409e-05
 35.8873  0.000163188931  6.66784936e-06  2.47337194e-05
 35.9183  0.000188275159  8.72967716e-06  2.48658703e-05
 35.9494  0.000173043451  7.53250741e-06  2.19531315e-05
 35.9804  0.000173579041  5.84337987e-06  2.08898766e-05
 36.0115  0.000183438272  6.12266378e-06  1.94161553e-05
 36.0425  0.000221123134  9.24145253e-06  1.94416438e-05
 36.0736  0.000224399242  1.29354309e-05  1.8226919e-05
 36.1046  0.00022541886  1.19030496e-05  1.39132494e-05
 36.1356  0.000197394216  1.25731005e-05  1.06684303e-05
 36.1667  0.000168284494  1.22079853e-05  7.62896891e-06
 36.1977  0.000164248047  1.13843211e-05  7.29229143e-06
 36.2288  0.000153435011  9.04992577e-06  1.04835381e-05
 36.2598  0.000165570581  8.31196063e-06  1.23252576e-05
 36.2909  0.000181023831  5.8358197e-06  9.6885534e-06
 36.3219  0.000166872907  6.05541483e-06  1.10244887e-05
 36.353  0.000184289663  7.47430212e-06  1.26722366e-05
 36.384  0.00019481985  2.00434356e-05  2.60512881e-05
 36.4151  0.000270733758  1.39946401e-05  1.69890592e-05
 36.4461  0.000325678377  1.12751513e-05  1.1192622e-05
 36.4772  0.000390682548  1.58967961e-05  1.33655796e-05
 36.5082  0.000439843502  2.86314187e-05  2.15362135e-05
 36.5392  0.0004631765  4.8956267e-05  3.66769175e-05
 36.5703  0.000444048912  3.75780138e-05  2.50615494e-05
 36.6013  0.000380072611  3.27231352e-05  2.61199848e-05
 36.6324  0.00037297295  3.54954688e-05  3.83913467e-05
 36.6634  0.000355392219  2.28981841e-05  1.92588352e-05
 36.6945  0.000301345815  1.70745274e-05  7.89761995e-06
 36.7255  0.000276027248  1.90686438e-05  7.4522989e-06
 36.7566  0.000243741133  2.52776927e-05  7.48534156e-06
 36.7876  0.000234855872  1.98303441e-05  9.40270785e-06
 36.8187  0.000331781836  3.21423336e-05  1.61596658e-05
 36.8497  0.0003496047  4.00608297e-05  1.46850959e-05
 36.8808  0.000290670602  3.28182365e-05  8.64489835e-06
 36.9118  0.000268220636  2.25719552e-05  1.23503981e-05
 36.9428  0.000288862817  5.45451283e-05  2.9803465e-05
 36.9739  0.000331231897  5.25623702e-05  3.58391176e-05
 37.0049  0.000304430531  4.83505507e-05  3.5554028e-05
 37.036  0.000248880547  3.04407047e-05  2.01839827e-05
 37.067  0.000269932749  3.1836895e-05  2.71131886e-05
 37.0981  0.000194190566  2.51904331e-05  1.11318928e-05
 37.1291  0.000146864883  2.61643359e-05  2.43791115e-05
 37.1602  0.000133910575  1.27013757e-05  1.32599105e-05
 37.1912  0.000115024942  1.56556263e-05  1.78301202e-05
 37.2223  0.000118333401  1.13610135e-05  1.44107352e-05
 37.2533  0.000130229167  1.41164167e-05  1.53294298e-05
 37.2843  0.000119767072  4.91123081e-06  8.49272247e-06
 37.3154  0.000129791419  8.54476656e-06  1.09192609e-05
 37.3464  0.000108818896  9.49869664e-06  1.11351081e-05
 37.3775  0.000107940827  8.09334144e-06  7.45197772e-06
 37.4085  0.00010653687  5.00377387e-06  5.55446928e-06
 37.4396  0.000124566573  3.11308284e-06  6.63668028e-06
 37.4706  0.000160124536  5.39088371e-06  9.53623678e-06
 37.5017  0.000175737138  7.67499897e-06  1.32654616e-05
 37.5327  0.000173500376  9.69013897e-06  1.63775278e-05
 37.5638  0.000137200655  8.05358075e-06  1.42977591e-05
 37.5948  0.000120924954  9.83251539e-06  1.93948466e-05
 37.6259  0.000133652053  1.35705181e-05  1.92249125e-05
 37.6569  0.000151968624  1.50374322e-05  2.03177882e-05
 37.6879  0.00017041657  1.80703957e-05  2.20906009e-05
 37.719  0.000189846204  2.65964044e-05  3.12079695e-05
 37.75  0.000185895412  2.76637649e-05  3.53571127e-05
 37.7811  0.000196147157  2.86269972e-05  4.38635177e-05
 37.8121  0.000224444631  3.70564742e-05  7.39279156e-05
 37.8432  0.000255406305  2.6139963e-05  4.70677769e-05
 37.8742  0.000289644624  1.73372354e-05  2.95897974e-05
 37.9053  0.000326250684  2.46006367e-05  4.27809852e-05
 37.9363  0.000367003968  2.73407244e-05  2.25287304e-05
 37.9674  0.000395184523  5.02710852e-05  5.30769952e-05
 37.9984  0.000418381896  5.44366485e-05  5.80380828e-05
 38.0295  0.000448649398  5.41170238e-05  5.79553804e-05
 38.0605  0.000391260847  7.6491499e-05  9.11735118e-05
 38.0915  0.000364576041  8.41594379e-05  0.00011277065
 38.1226  0.00036904994  7.38461024e-05  0.000118536699
 38.1536  0.000389434358  6.21119035e-05  0.000112782976
 38.1847  0.000478179997  7.08535136e-05  0.000140627426
 38.2157  0.000405240314  3.27349188e-05  8.48856433e-05
 38.2468  0.000310542612  1.66445521e-05  5.45903024e-05
 38.2778  0.000245796001  3.30338699e-05  7.45114607e-05
 38.3089  0.000267727573  3.09810312e-05  7.71313204e-05
 38.3399  0.000296116416  2.99823011e-05  8.00846985e-05
 38.371  0.00024654553  1.99776618e-05  5.72114462e-05
 38.402  0.00025312938  1.69697948e-05  5.47093854e-05
 38.4331  0.000251662366  1.68294407e-05  5.83214105e-05
 38.4641  0.000284622557  1.55288577e-05  6.31051014e-05
 38.4951  0.000311470445  1.68727271e-05  6.53630035e-05
 38.5262  0.000314819635  1.47178973e-05  5.66084591e-05
 38.5572  0.00031030705  1.63881834e-05  6.25269098e-05
 38.5883  0.000298711304  1.73398665e-05  6.2849639e-05
 38.6193  0.000291079324  1.44334173e-05  5.45300653e-05
 38.6504  0.00025468122  1.32833697e-05  4.94338817e-05
 38.6814  0.000226574216  1.141939e-05  4.88908331e-05
 38.7125  0.000213553133  1.01833177e-05  4.54013391e-05
 38.7435  0.000210080701  1.0117206e-05  4.44374127e-05
 38.7746  0.00020103565  1.11492247e-05  4.14283337e-05
 38.8056  0.000214284484  1.26774534e-05  4.05106497e-05
 38.8367  0.000195229416  1.12300772e-05  3.59845178e-05
 38.8677  0.000212687759  1.09213352e-05  3.63117907e-05
 38.8987  0.000232003943  1.50921072e-05  3.57119006e-05
 38.9298  0.000257529712  1.57789661e-05  3.8079527e-05
 38.9608  0.000479113079  6.42739725e-05  4.26544682e-05
 38.9919  0.000583713926  7.88641882e-05  4.51239062e-05
 39.0229  0.000690439887  8.08586007e-05  4.54189478e-05
 39.054  0.000597993447  9.9812748e-05  3.54579675e-05
 39.085  0.000353478676  9.3735106e-05  2.68091087e-05
 39.1161  0.00027818897  4.22301034e-05  2.79230315e-05
 39.1471  0.000255450835  2.84778321e-05  3.27804637e-05
 39.1782  0.000278406191  2.63048153e-05  3.15143847e-05
 39.2092  0.000287940759  1.9465503e-05  2.29592865e-05
 39.2402  0.000303481194  3.90564176e-05  4.37616914e-05
 39.2713  0.000337817447  5.9063773e-05  7.61871521e-05
 39.3023  0.000340525317  6.44002489e-05  8.28471361e-05
 39.3334  0.000335944914  2.9217196e-05  2.69855075e-05
 39.3644  0.000335136787  5.48577293e-05  6.1811857e-05
 39.3955  0.0003272245  9.77331624e-05  0.000127024596
 39.4265  0.000324298957  3.22173459e-05  4.00824169e-05
 39.4576  0.000339304342  7.46677704e-05  8.35554377e-05
 39.4886  0.000350048029  4.08360985e-05  4.78760369e-05
 39.5197  0.000392081697  4.65738254e-05  5.5040142e-05
 39.5507  0.000427838773  4.02060892e-05  4.25143286e-05
 39.5818  0.000526022378  2.21720267e-05  1.41304074e-05
 39.6128  0.000557984819  5.00319684e-05  3.0206646e-05
 39.6438  0.000530493314  8.50777906e-05  4.72293446e-05
 39.6749  0.000549891886  0.000122073745  7.55730001e-05
 39.7059  0.000637129652  0.000154560721  5.48088524e-05
 39.737  0.000746510111  9.44692758e-05  7.6834273e-05
 39.768  0.000688828638  0.000171759791  8.02072319e-05
 39.7991  0.000600181455  7.89168554e-05  7.63874833e-05
 39.8301  0.000520310633  6.2826895e-05  6.26197072e-05
 39.8612  0.000423867682  5.3924896e-05  5.92054372e-05
 39.8922  0.000370502081  2.43240535e-05  2.98663034e-05
 39.9233  0.000330032126  1.21705638e-05  2.3739869e-05
 39.9543  0.000298523543  8.26488172e-06  1.83386433e-05
 39.9854  0.000295291425  7.11701685e-06  1.80380986e-05
 40.0164  0.000350288084  7.30102136e-06  1.57303707e-05
 40.0474  0.000437342656  1.09667931e-05  1.51439666e-05
 40.0785  0.00048952302  1.39003706e-05  1.57430421e-05
 40.1095  0.000562310186  1.79429121e-05  1.38685362e-05
 40.1406  0.000678985637  2.61363167e-05  2.41134895e-05
 40.1716  0.000763251265  3.33168362e-05  2.56968284e-05
 40.2027  0.000784779238  2.94179302e-05  2.06859534e-05
 40.2337  0.000754296307  2.1531841e-05  1.33597586e-05
 40.2648  0.000641536791  1.76004033e-05  9.79347029e-06
 40.2958  0.000518669774  1.83967978e-05  1.45660853e-05
 40.3269  0.000525080279  2.83328182e-05  3.08296995e-05
 40.3579  0.000735308584  6.22510719e-05  8.98452986e-05
 40.389  0.0011293586  6.33960574e-05  7.06631898e-05
 40.42  0.00149511329  6.04828545e-05  4.61760433e-05
 40.451  0.0017059177  6.44387171e-05  3.87993089e-05
 40.4821  0.00190992676  0.000108433434  7.32486885e-05
 40.5131  0.00213649733  0.000199264195  0.000169311714
 40.5442  0.00228925746  0.000200104817  0.000161382638
 40.5752  0.00236312237  0.000205691058  0.000176349605
 40.6063  0.00245697714  0.000195463903  0.000166998834
 40.6373  0.00257666027  0.000187555985  0.000149750377
 40.6684  0.00273197809  0.000170778266  0.000119171967
 40.6994  0.00243670911  0.000141878176  8.0558635e-05
 40.7305  0.00232608891  0.00013624647  8.8715133e-05
 40.7615  0.00237302359  0.000133453091  0.000109399625
 40.7925  0.0025480515  0.000131602252  0.000110704516
 40.8236  0.00274516476  0.000119460557  9.40953965e-05
 40.8546  0.00266914512  0.000145282736  0.000135720102
 40.8857  0.00271773768  0.000144208996  8.89319521e-05
 40.9167  0.00289748955  0.000153158786  7.75213911e-05
 40.9478  0.00305490049  0.000162242721  9.01444055e-05
 40.9788  0.00312500943  0.000145800921  6.25971971e-05
 41.0099  0.00323352199  0.000179326403  6.61099061e-05
 41.0409  0.00357471221  0.000188998881  6.72956043e-05
 41.072  0.00367324633  0.000204723536  7.04224215e-05
 41.103  0.00365543398  0.000198130977  6.86985804e-05
 41.1341  0.00365448246  0.000198674493  6.52641593e-05
 41.1651  0.00374133296  0.000219689608  6.15237622e-05
 41.1961  0.0037630785  0.0002161235  5.58905391e-05
 41.2272  0.00366607693  0.000230175218  4.75842223e-05
 41.2582  0.00395644853  0.000247667679  4.44234614e-05
 41.2893  0.00434078462  0.000319329316  5.16715612e-05
 41.3203  0.00419480101  0.000329790145  5.37341865e-05
 41.3514  0.00360344411  0.000262592044  5.01272162e-05
 41.3824  0.00359552357  0.000220275622  4.84026017e-05
 41.4135  0.00375846929  0.000180228214  5.08060982e-05
 41.4445  0.00401482259  0.000206449477  6.37511448e-05
 41.4756  0.00428825862  0.000230214369  7.10457552e-05
 41.5066  0.00472669201  0.000234044865  6.17412814e-05
 41.5377  0.00534007488  0.000269019251  0.000105426145
 41.5687  0.00563977911  0.000312578075  9.07337095e-05
 41.5997  0.00621243532  0.000426477854  0.000113009778
 41.6308  0.00747538173  0.000571164582  0.000131903301
 41.6618  0.00929505297  0.000681964295  0.000138159945
 41.6929  0.0113898864  0.000795439939  0.000155279482
 41.7239  0.0132334625  0.000918339706  0.000160487161
 41.755  0.0150495231  0.000954229261  0.000164526702
 41.786  0.0153480714  0.00127593666  0.000263820229
 41.8171  0.0161267183  0.00153708849  0.000259125976
 41.8481  0.0169121077  0.00165945146  0.000198050621
 41.8792  0.0172832478  0.00183471005  0.000240460729
 41.9102  0.0181160938  0.00183648831  0.000201891236
 41.9413  0.0150401054  0.00130189496  0.000160860879
 41.9723  0.0121560804  0.00103532471  0.000123226629
 42.0033  0.0101097724  0.000919942897  0.000105589361
 42.0344  0.00915427332  0.000851547415  9.85052188e-05
 42.0654  0.0097757125  0.000918484314  0.000106270001
 42.0965  0.012812048  0.0011988793  0.000130979203
 42.1275  0.0179970456  0.0027203257  0.000166974485
 42.1586  0.025152674  0.0057588654  0.000273526746
 42.1896  0.0277124253  0.00745355088  0.000353105797
 42.2207  0.0265743569  0.00680091903  0.000347567873
 42.2517  0.026285289  0.0062589325  0.000310842806
 42.2828  0.0225215134  0.00582111247  0.000306137459
 42.3138  0.0177141555  0.00356181789  0.000215831971
 42.3449  0.0162348074  0.00260152686  0.000191569542
 42.3759  0.0198724394  0.00300369212  0.00022078395
 42.4069  0.0276457816  0.00521217807  0.000320751861
 42.438  0.0388022718  0.0117643693  0.00049067323
 42.469  0.0434548131  0.0179122523  0.000687145947
 42.5001  0.072616458  0.0384666705  0.00102951406
 42.5311  0.0860594826  0.0475223712  0.0012130778
 42.5622  0.0822500759  0.0400217445  0.00109130084
 42.5932  0.0721237479  0.0258760026  0.000881500635
 42.6243  0.0783066945  0.023310795  0.000836881112
 42.6553  0.0813960877  0.0330435339  0.000963390244
 42.6864  0.0793752201  0.0375163407  0.000998896034
 42.7174  0.0660870572  0.0350529312  0.00106277096
 42.7484  0.0418711027  0.0229692026  0.00105287776
 42.7795  0.0301335709  0.0105691726  0.000856172771
 42.8105  0.0255044048  0.00762411907  0.000848722462
 42.8416  0.0263013472  0.0111319063  0.000806132751
 42.8726  0.0317548417  0.0143214176  0.00118588952
 42.9037  0.0285693453  0.0134356246  0.00134995866
 42.9347  0.0410523226  0.0248228487  0.00189934684
 42.9658  0.0702380772  0.054552524  0.00366249773
 42.9968  0.107247032  0.147722335  0.00887198697
 43.0279  0.119070891  0.166329259  0.066696702
 43.0589  0.112401238  0.205242319  0.0549969151
 43.09  nan  nan  nan
 43.121  nan  nan  nan
 43.152  0.29174899  0.348743891  0.0392979376
 43.1831  0.0159210938  0.0520016749  0.0482917309
 43.2141  0.0601295996  0.171668316  0.0359587696
 43.2452  nan  nan  nan
 43.2762  nan  nan  nan
 43.3073  nan  nan  nan
 43.3383  nan  nan  nan
 43.3694  nan  nan  nan
 43.4004  nan  nan  nan
 43.4315  nan  nan  nan
 43.4625  0.00261079896  0.00162977718  0.00132015153
 43.4936  0.00170859976  0.000211292031  0.000224000379
 43.5246  0.00239132242  0.000375191814  0.000573991608
 43.5556  0.00246410484  0.000383801853  0.000412917573
 43.5867  0.00203857723  0.000450387528  0.000431338679
 43.6177  0.00239168631  0.000654138594  0.00069073273
 43.6488  0.003228408  0.000916713  0.000950684421
 43.6798  0.00311304121  0.000781261617  0.000815212646
 43.7109  0.00325577133  0.00143227921  0.00155350583
 43.7419  0.00350815839  0.00205677232  0.00207475019
 43.773  0.00421505549  0.017912226  0.0034583032
 43.804  0.0120643861  0.0393729686  0.00937829322
 43.8351  0.0208037546  0.041353918  0.0153909336
 43.8661  0.0259493665  0.0560785061  0.0259088798
 43.8972  0.0300634914  0.02435002  0.0193773308
 43.9282  0.0297929543  0.0348663426  0.0299657238
 43.9592  0.0351496731  0.041318363  0.0278368502
 43.9903  0.0471120768  0.0520407317  0.0226100886
 44.0213  0.0545897654  0.062209322  0.0206756077
 44.0524  0.0583220428  0.0616517658  0.00823648368
 44.0834  0.0499930646  0.0277128773  0.00309909102
 44.1145  0.0374299865  0.0164348237  0.00144370347
 44.1455  0.0293082449  0.0113176644  0.000837015598
 44.1766  0.0243517788  0.00824902887  0.000629745729
 44.2076  0.019873145  0.00638125203  0.000538671574
 44.2387  0.0190765904  0.00513796299  0.000370998547
 44.2697  0.0176041011  0.00459435587  0.000427017174
 44.3007  0.0140549903  0.00307706862  0.000478844113
 44.3318  0.0120179385  0.0022026834  0.000625303677
 44.3628  0.0130111015  0.00243568503  0.000722011127
 44.3939  0.0155226075  0.0032843082  0.00099153456
 44.4249  0.0160391748  0.00255588984  0.00131191498
 44.456  0.0148895206  0.00333922636  0.00158996042
 44.487  0.0143253477  0.00286886035  0.00154839054
 44.5181  0.0118025548  0.00272221613  0.00125910268
 44.5491  0.0109902868  0.00441887876  0.00131646839
 44.5802  0.00910739547  0.00241406287  0.00120902012
 44.6112  0.00938628739  0.00112636528  0.000707718979
 44.6423  0.0079907798  0.00109149439  0.000570163965
 44.6733  0.00665986908  0.000955471399  0.000467118294
 44.7043  0.00631199006  0.000747077461  0.000447254291
 44.7354  0.00553689167  0.000492758933  0.000429348875
 44.7664  0.00445343044  0.000460093647  0.000398629258
 44.7975  0.0036496  0.000383165722  0.00031552699
 44.8285  0.00338785837  0.000347491107  0.000225663669
 44.8596  0.00319067994  0.000267262335  0.000152862134
 44.8906  0.00302122609  0.000187787607  0.000100382496
 44.9217  0.00270003521  0.000167747536  7.28823014e-05
 44.9527  0.0026002874  0.000156691721  6.43046515e-05
 44.9838  0.00255121145  0.000139377043  5.70070649e-05
 45.0148  0.00240458386  0.000137598742  5.24736543e-05
 45.0459  0.00240518944  0.00014436891  4.96051307e-05
 45.0769  0.00256193122  0.000131354084  4.5846778e-05
 45.1079  0.00259145393  9.16918959e-05  4.87965016e-05
 45.139  0.00245800554  0.000141232134  5.271351e-05
 45.17  0.00261897321  0.000185878385  9.08438121e-05
 45.2011  0.00228891105  0.000149590723  6.96160224e-05
 45.2321  0.00225517486  0.000131944313  5.88106903e-05
 45.2632  0.00284323929  0.00017853882  6.62701645e-05
 45.2942  0.00356114066  0.000371599689  9.92839725e-05
 45.3253  0.00595382503  0.000848084469  0.000458293011
 45.3563  0.00729109018  0.00174641805  0.000576983932
 45.3874  nan  nan  nan
