# X (m) TKE_avg epsilon_turb_pw_avg_Y_avg epsilon_pw_avg_Y_avg
 33.0311  7.95997884e-05  1892902.72  1855900.57
 33.0623  8.85398816e-05  2.71794072e-06  3.97519828e-05
 33.0934  9.64787602e-05  3.01713309e-06  3.87737857e-05
 33.1245  0.000101624181  3.51256623e-06  3.89211726e-05
 33.1557  0.000125246482  6.26178501e-06  4.38665332e-05
 33.1868  0.000158002851  1.20142978e-05  5.50682889e-05
 33.218  0.000155911096  9.42400589e-06  6.18833956e-05
 33.2491  0.000198038373  9.05816786e-06  6.8994548e-05
 33.2802  0.000329680507  1.45913472e-05  8.62280973e-05
 33.3114  0.000335881351  1.77083345e-05  7.74846025e-05
 33.3425  0.000278321247  1.44745423e-05  6.05397216e-05
 33.3736  0.000209436282  1.21061286e-05  6.34911791e-05
 33.4048  0.000264178114  1.59177598e-05  6.56968613e-05
 33.4359  0.000252591429  1.25179619e-05  4.89141253e-05
 33.4671  0.000233860995  9.87889913e-06  5.00667521e-05
 33.4982  0.000264360706  1.36410838e-05  5.40294397e-05
 33.5293  0.000314437204  2.11626704e-05  2.90314509e-05
 33.5605  0.00023485856  1.30487511e-05  4.13207504e-05
 33.5916  0.000176369203  8.8999506e-06  3.10488328e-05
 33.6227  0.0001471373  9.73190645e-06  2.19572492e-05
 33.6539  0.000124768365  9.28096801e-06  1.4989669e-05
 33.685  0.000109658684  7.74843819e-06  1.01268016e-05
 33.7162  0.000107900827  9.77684334e-06  8.27824359e-06
 33.7473  0.0001094553  8.686245e-06  7.24890409e-06
 33.7784  9.27253362e-05  7.57428706e-06  5.41489263e-06
 33.8096  8.00264051e-05  6.83520936e-06  4.79205977e-06
 33.8407  7.22151155e-05  5.69322834e-06  5.04232605e-06
 33.8718  7.44302751e-05  3.76991889e-06  3.98828852e-06
 33.903  6.92961085e-05  4.09259724e-06  3.65281868e-06
 33.9341  6.89843507e-05  4.55903702e-06  5.01046253e-06
 33.9652  6.53314009e-05  3.69863575e-06  4.94625856e-06
 33.9964  7.35186432e-05  6.44506978e-06  6.26789637e-06
 34.0275  6.60182997e-05  5.41579678e-06  5.85664735e-06
 34.0587  7.27836952e-05  6.28953618e-06  1.03175896e-05
 34.0898  7.31177489e-05  3.70173265e-06  6.92364513e-06
 34.1209  6.62587174e-05  2.20696156e-06  4.20981002e-06
 34.1521  5.9391832e-05  7.41636693e-06  9.95778556e-06
 34.1832  5.82414508e-05  5.06448571e-06  7.03566699e-06
 34.2143  5.49021848e-05  2.85091193e-06  5.36064554e-06
 34.2455  5.5799554e-05  4.71263568e-06  1.01887743e-05
 34.2766  5.04228602e-05  3.49066407e-06  7.61379189e-06
 34.3078  4.55602086e-05  3.34283335e-06  7.40547214e-06
 34.3389  4.20215152e-05  6.01189893e-06  9.46279439e-06
 34.37  5.09437376e-05  3.24264335e-06  5.50385269e-06
 34.4012  5.28909603e-05  3.31052934e-06  6.41955276e-06
 34.4323  5.34484755e-05  3.7668769e-06  4.42259212e-06
 34.4634  6.23373824e-05  1.23473486e-05  1.21396962e-05
 34.4946  6.13614892e-05  4.76910174e-06  1.00528908e-05
 34.5257  5.70244973e-05  1.11717761e-05  1.57523945e-05
 34.5569  5.08667293e-05  7.24879812e-06  9.52720401e-06
 34.588  5.25882239e-05  6.71530012e-06  8.55982913e-06
 34.6191  5.23965049e-05  3.5937533e-06  6.26521787e-06
 34.6503  5.72324479e-05  7.28359398e-06  1.22494488e-05
 34.6814  6.82742077e-05  8.46841258e-06  1.45127908e-05
 34.7125  7.03537072e-05  5.47160192e-06  1.03596006e-05
 34.7437  7.03562516e-05  3.02113695e-06  6.93993319e-06
 34.7748  7.06667069e-05  3.84710113e-06  9.44661466e-06
 34.8059  7.40348276e-05  6.64989512e-06  7.01795991e-06
 34.8371  6.55170074e-05  7.04962561e-06  7.87134475e-06
 34.8682  6.57374424e-05  6.49334625e-06  9.1770409e-06
 34.8994  6.82024062e-05  9.27310519e-07  4.89246424e-06
 34.9305  6.89554682e-05  1.18498737e-06  5.7810356e-06
 34.9616  6.92512688e-05  3.31768034e-06  7.17852118e-06
 34.9928  5.89452221e-05  4.32398086e-06  8.51316601e-06
 35.0239  6.76556418e-05  2.8990472e-06  6.64339995e-06
 35.055  6.2156477e-05  1.33411622e-06  5.33484632e-06
 35.0862  6.29411218e-05  2.56663992e-06  6.14488513e-06
 35.1173  6.39037497e-05  2.83465936e-06  5.25694628e-06
 35.1485  5.58452448e-05  1.99934532e-06  3.9031255e-06
 35.1796  6.22031128e-05  9.26185958e-07  4.53289138e-06
 35.2107  6.45303656e-05  1.13301991e-06  5.6962488e-06
 35.2419  6.66096367e-05  1.94972935e-06  5.3961898e-06
 35.273  6.48804131e-05  2.19958423e-06  5.38565765e-06
 35.3041  5.08011359e-05  8.55418796e-07  5.61113359e-06
 35.3353  4.86618882e-05  9.25195613e-07  5.75333791e-06
 35.3664  5.22582939e-05  1.63607108e-06  6.32863253e-06
 35.3976  5.25169572e-05  1.60083772e-06  6.66105357e-06
 35.4287  5.51287245e-05  1.39320243e-06  6.04608557e-06
 35.4598  5.6845944e-05  1.22230843e-06  5.83990802e-06
 35.491  5.13482669e-05  1.80701269e-06  7.98084782e-06
 35.5221  4.73894818e-05  2.90864036e-06  9.41260765e-06
 35.5532  4.81584831e-05  3.14424719e-06  9.74879348e-06
 35.5844  5.02176669e-05  4.03165612e-06  9.99342386e-06
 35.6155  5.06997996e-05  2.46705676e-06  6.30160126e-06
 35.6467  4.60504499e-05  2.36188054e-06  6.19086822e-06
 35.6778  4.05434323e-05  2.20041572e-06  5.79005866e-06
 35.7089  4.45914579e-05  2.81943461e-06  5.53256279e-06
 35.7401  3.89994048e-05  5.83620533e-06  9.24859787e-06
 35.7712  3.51047984e-05  2.75214847e-06  5.37445398e-06
 35.8023  3.9399083e-05  8.90673804e-06  1.38641934e-05
 35.8335  3.42389046e-05  6.39828921e-06  1.02886105e-05
 35.8646  2.97378772e-05  6.09699545e-06  1.00215458e-05
 35.8957  2.99476606e-05  2.8118142e-06  5.60866079e-06
 35.9269  3.61192949e-05  6.8626024e-06  1.15593002e-05
 35.958  3.47625941e-05  7.90123541e-06  1.41132286e-05
 35.9892  4.15123597e-05  2.87004873e-06  7.88731597e-06
 36.0203  3.76403639e-05  5.78575922e-06  1.23866486e-05
 36.0514  3.88130941e-05  6.023383e-06  1.31503783e-05
 36.0826  4.13794443e-05  7.79776432e-06  2.06350619e-05
 36.1137  4.3268798e-05  2.84581293e-06  1.1277177e-05
 36.1448  4.4240653e-05  6.5960693e-06  1.53325793e-05
 36.176  4.43812472e-05  4.83393568e-06  1.29718829e-05
 36.2071  4.04792226e-05  4.13811747e-06  1.34924042e-05
 36.2383  4.68978789e-05  1.09073507e-05  2.75821592e-05
 36.2694  4.55840352e-05  1.0922017e-05  2.89841751e-05
 36.3005  5.6302673e-05  6.64850425e-06  2.58793891e-05
 36.3317  6.7175235e-05  5.1459261e-06  2.62546702e-05
 36.3628  7.13289187e-05  9.20669877e-06  3.40184015e-05
 36.3939  6.60328314e-05  7.48471807e-06  3.14904654e-05
 36.4251  6.94086041e-05  6.87699738e-06  3.19914099e-05
 36.4562  0.000103604691  4.75536236e-06  3.67562532e-05
 36.4874  0.000122225711  5.90200934e-06  4.37926362e-05
 36.5185  0.000134294021  1.05529434e-05  5.21285722e-05
 36.5496  0.000130278147  1.13537565e-05  5.3846699e-05
 36.5808  0.000112624634  9.38457755e-06  4.97879322e-05
 36.6119  8.57179251e-05  6.07296167e-06  4.22008225e-05
 36.643  0.000107423915  4.8082271e-06  4.40750054e-05
 36.6742  9.72460554e-05  5.64316028e-06  4.26573028e-05
 36.7053  0.000108374409  5.59119068e-06  4.93631219e-05
 36.7364  9.26730991e-05  5.42601234e-06  4.80630492e-05
 36.7676  9.50006086e-05  5.11850657e-06  3.98955641e-05
 36.7987  0.00010732646  4.14117297e-06  2.68585509e-05
 36.8299  0.000101840626  3.8965492e-06  3.03778255e-05
 36.861  0.000134528016  4.499602e-06  3.1184528e-05
 36.8921  8.7711712e-05  4.71883041e-06  2.80041368e-05
 36.9233  7.27996167e-05  4.5693076e-06  2.87764231e-05
 36.9544  0.000126670877  4.8761675e-06  3.89867695e-05
 36.9855  8.83600958e-05  3.87234805e-06  3.31122337e-05
 37.0167  8.4030327e-05  4.47995021e-06  3.44274994e-05
 37.0478  8.48474876e-05  5.77049856e-06  3.27329055e-05
 37.079  7.26300845e-05  4.27955021e-06  2.58199962e-05
 37.1101  7.99208357e-05  5.01340822e-06  2.51534356e-05
 37.1412  7.34019894e-05  5.34562145e-06  2.36031125e-05
 37.1724  7.47346951e-05  6.43991942e-06  2.12202206e-05
 37.2035  8.54192298e-05  9.36962991e-06  2.00445307e-05
 37.2346  9.17222275e-05  1.24622534e-05  1.75926786e-05
 37.2658  8.42998273e-05  7.7315247e-06  1.01699657e-05
 37.2969  9.66793532e-05  1.16418203e-05  1.33542818e-05
 37.3281  8.20905157e-05  9.54280399e-06  1.18272855e-05
 37.3592  0.00010030165  1.11770529e-05  1.21205722e-05
 37.3903  6.58518222e-05  8.07792181e-06  1.17531295e-05
 37.4215  6.3511366e-05  8.7309149e-06  1.39390177e-05
 37.4526  6.29968872e-05  9.31064517e-06  1.52834614e-05
 37.4837  6.18877013e-05  2.11006253e-05  3.17228936e-05
 37.5149  7.01115421e-05  1.84301264e-05  2.89607111e-05
 37.546  6.93027687e-05  1.92233651e-05  3.09173042e-05
 37.5771  0.000106549451  1.08138013e-05  2.06477611e-05
 37.6083  9.86148501e-05  2.40361235e-05  3.13977311e-05
 37.6394  0.000108776035  1.75096146e-05  2.49853711e-05
 37.6706  0.000108873839  2.77637801e-05  3.39448048e-05
 37.7017  0.000114469935  2.98229712e-05  3.54701633e-05
 37.7328  0.000135625785  3.47093513e-05  4.18417609e-05
 37.764  0.000172960093  7.4642917e-05  7.76720029e-05
 37.7951  0.000217774325  4.44827656e-05  4.28484558e-05
 37.8262  0.000201245933  4.24355274e-05  4.47791542e-05
 37.8574  0.000159701295  3.41490404e-05  4.19603804e-05
 37.8885  0.000130896344  1.56466078e-05  2.5611221e-05
 37.9197  0.000126534213  1.79887777e-05  3.30197863e-05
 37.9508  0.000116759506  2.30283953e-05  2.41112205e-05
 37.9819  0.000123040984  3.35808666e-05  3.03015582e-05
 38.0131  0.000115101246  1.40271627e-05  2.17265321e-05
 38.0442  0.000110759136  1.16569238e-05  1.73089202e-05
 38.0753  0.000115452801  2.38799771e-05  2.70244687e-05
 38.1065  0.00012622452  3.52718485e-05  4.11486958e-05
 38.1376  0.000126828325  2.33200689e-05  2.94602607e-05
 38.1688  0.000106885883  1.40316829e-05  2.01060166e-05
 38.1999  9.27542934e-05  6.50804589e-06  1.56482317e-05
 38.231  7.69375576e-05  5.79571978e-06  1.90156666e-05
 38.2622  7.75535807e-05  3.66291968e-06  1.83135013e-05
 38.2933  7.91168674e-05  3.46774353e-06  1.98009531e-05
 38.3244  7.78682521e-05  2.30658622e-06  1.83565302e-05
 38.3556  7.86843954e-05  8.80555179e-06  2.59027218e-05
 38.3867  7.84706372e-05  1.58450344e-05  3.24664951e-05
 38.4178  7.49186462e-05  6.82332856e-06  2.02687736e-05
 38.449  8.23412247e-05  4.49106893e-06  2.07918481e-05
 38.4801  7.35844791e-05  3.71224308e-06  2.30679568e-05
 38.5113  7.52738964e-05  1.64296414e-05  3.20375181e-05
 38.5424  8.01569034e-05  1.61513719e-05  2.80026203e-05
 38.5735  8.3918562e-05  2.21216806e-05  3.88216083e-05
 38.6047  0.000103285245  2.37804674e-05  4.40349869e-05
 38.6358  8.94220156e-05  1.62248564e-05  2.69229922e-05
 38.6669  9.19675398e-05  3.08965552e-05  5.22993818e-05
 38.6981  8.24477759e-05  3.54522879e-05  6.22397413e-05
 38.7292  9.6147747e-05  1.36096649e-05  2.84024043e-05
 38.7604  0.000121604366  2.42269585e-05  4.32698231e-05
 38.7915  0.000141208762  3.20113246e-05  5.67980849e-05
 38.8226  0.000149871735  3.13625448e-05  5.79923089e-05
 38.8538  0.000148478627  2.35202912e-05  4.3129967e-05
 38.8849  0.000156666206  1.63231443e-05  3.17456392e-05
 38.916  0.000179106651  1.95265425e-05  3.19020143e-05
 38.9472  0.000215624683  3.30556029e-05  4.37546016e-05
 38.9783  0.000225928254  2.31759629e-05  4.38056593e-05
 39.0095  0.000277152412  3.20654664e-05  6.4554345e-05
 39.0406  0.00023322301  3.19460885e-05  5.10027008e-05
 39.0717  0.000275158394  3.91802241e-05  6.2984174e-05
 39.1029  0.000376506339  4.27640659e-05  6.47752732e-05
 39.134  0.000362514524  5.5405698e-05  9.17417332e-05
 39.1651  0.000292180203  5.34658255e-05  7.8386634e-05
 39.1963  0.000249674827  2.33723849e-05  3.82054264e-05
 39.2274  0.00037849328  3.68437173e-05  6.65249369e-05
 39.2585  0.000461758938  4.91122831e-05  8.4790878e-05
 39.2897  0.000416488075  5.3449202e-05  8.55586316e-05
 39.3208  0.000307048952  4.05856593e-05  5.37669015e-05
 39.352  0.000273778044  3.96934607e-05  5.56171384e-05
 39.3831  0.000453499808  0.000101350775  0.00010562821
 39.4142  0.000390191888  9.45174115e-05  9.22146746e-05
 39.4454  0.000378794944  7.39063409e-05  0.000110659307
 39.4765  0.000328652594  5.71391924e-05  0.000104431361
 39.5076  0.000354203336  8.32458423e-05  0.000116667013
 39.5388  0.000294789931  7.44736443e-05  0.000106391805
 39.5699  0.000424458521  9.75014517e-05  9.73166006e-05
 39.6011  0.000514721734  7.05926511e-05  0.000104472007
 39.6322  0.000465582357  4.86308603e-05  9.91020565e-05
 39.6633  0.00044336718  6.90362462e-05  0.000109766955
 39.6945  0.000490470379  0.000104342846  0.000134642941
 39.7256  0.000595572068  6.98363477e-05  0.000123802504
 39.7567  0.000601897415  4.58038738e-05  7.49173672e-05
 39.7879  0.000754108222  5.25949784e-05  8.81119761e-05
 39.819  0.000714639983  6.25563669e-05  9.35868492e-05
 39.8502  0.00071674662  0.000254574803  8.27018394e-05
 39.8813  0.00139384019  0.000911426146  8.43143934e-05
 39.9124  0.0015284938  0.000800836526  7.17047117e-05
 39.9436  0.0015292969  0.000803609566  7.79908615e-05
 39.9747  0.00160942704  0.000724583341  7.50196445e-05
 40.0058  0.00217950061  0.000867682273  8.0425378e-05
 40.037  0.00286222166  0.00104111449  8.44611432e-05
 40.0681  0.00390119183  0.00126872522  0.000108795293
 40.0992  0.00350266445  0.00151911049  0.000100244129
 40.1304  0.00253011152  0.000865549733  7.21717611e-05
 40.1615  0.00179997219  0.000569481226  5.50987663e-05
 40.1927  0.00118695763  0.000437393883  4.58921631e-05
 40.2238  0.000699821061  0.000172340596  3.7418315e-05
 40.2549  0.000988962187  0.000171475675  4.86031356e-05
 40.2861  0.000620254328  0.000204312104  4.79691949e-05
 40.3172  0.000526881917  0.00011286457  5.68047533e-05
 40.3483  0.000834661289  0.000139275208  9.69613587e-05
 40.3795  0.00131092547  0.000226208118  9.17188013e-05
 40.4106  0.00202346279  0.00038672243  8.40752839e-05
 40.4418  0.00268584023  0.000574527506  0.000107749597
 40.4729  0.00298043176  0.000690518931  9.98711623e-05
 40.504  0.00324230203  0.000827404088  0.00013317819
 40.5352  0.00664329398  0.00188723618  0.000206119618
 40.5663  0.0134234928  0.00442277086  0.000315293476
 40.5974  0.0213695803  0.00938849952  0.000465193423
 40.6286  0.0280108287  0.0210669389  0.000849804281
 40.6597  0.0205325836  0.0134090951  0.000523591793
 40.6909  0.0116028268  0.00639073883  0.000309441921
 40.722  0.0105036541  0.00322017147  0.000240239159
 40.7531  0.0171408568  0.00480867181  0.000322557054
 40.7843  0.0195191732  0.00803356513  0.000472007385
 40.8154  0.0208888739  0.00821181523  0.000570801055
 40.8465  0.0276749517  0.0127813878  0.00073652439
 40.8777  0.0258479259  0.0151178016  0.000942093138
 40.9088  0.0178838432  0.0134500228  0.00114896674
 40.94  0.0145181174  0.00996217971  0.00129435012
 40.9711  0.00801593321  0.0046933143  0.00146773536
 41.0022  0.0029184664  0.00289942258  0.000798160189
 41.0334  0.00131049388  0.00096990289  0.000546972333
 41.0645  0.000754323075  0.00052114679  0.000406279165
 41.0956  0.000634292879  0.000611156501  0.000325693682
 41.1268  0.000133585738  0.000167322526  0.000135177219
 41.1579  6.30155746e-05  6.33538118e-05  9.24615464e-05
 41.189  4.75349623e-05  8.36580471e-05  0.000123260924
 41.2202  3.09401839e-05  5.63979428e-06  9.0084715e-06
 41.2513  4.20006634e-05  1.51212184e-05  2.29106892e-05
 41.2825  4.39010009e-05  4.77136042e-05  5.93155324e-05
 41.3136  3.78590235e-05  5.25974256e-05  6.4161941e-05
 41.3447  3.1014601e-05  5.94387491e-05  8.03891331e-05
 41.3759  5.24613274e-05  8.07544751e-05  0.000125194226
 41.407  4.89785663e-05  2.97007903e-05  5.79891656e-05
 41.4381  4.3500239e-05  4.88459782e-05  7.82930409e-05
 41.4693  5.13727925e-05  9.27187981e-05  0.000141642833
 41.5004  6.09469073e-05  1.90272376e-05  2.97914629e-05
 41.5316  6.03921373e-05  6.85288804e-05  0.000122762727
 41.5627  6.35907885e-05  3.14627533e-05  5.14372461e-05
 41.5938  4.92584495e-05  1.98584007e-05  3.00430976e-05
 41.625  5.51538162e-05  1.99834518e-05  3.16766873e-05
 41.6561  7.06099711e-05  2.0334606e-05  2.8911887e-05
 41.6872  3.98954755e-05  1.67057856e-05  2.2216003e-05
 41.7184  4.16852824e-05  1.44426427e-05  1.95991085e-05
 41.7495  4.11455353e-05  8.95836493e-06  1.77739849e-05
 41.7807  2.98352573e-05  5.81466075e-06  1.70656641e-05
 41.8118  3.52597728e-05  5.76046117e-06  1.63423559e-05
 41.8429  4.67060699e-05  5.82957221e-06  1.57060119e-05
 41.8741  4.25331678e-05  8.30308474e-06  1.90792995e-05
 41.9052  4.2840376e-05  1.6994807e-05  1.96974283e-05
 41.9363  5.1351964e-05  1.25536913e-05  1.48905151e-05
 41.9675  5.81650098e-05  9.43000615e-06  1.06746356e-05
 41.9986  6.53696223e-05  9.5412758e-06  1.23434287e-05
 42.0297  9.01162904e-05  1.49219309e-05  2.04552114e-05
 42.0609  0.000178943151  2.23360703e-05  2.9660866e-05
 42.092  0.000321719865  2.27377247e-05  3.24889935e-05
 42.1232  0.00038952303  5.08439479e-05  2.93592817e-05
 42.1543  0.000673521569  0.000172755049  6.19875153e-05
 42.1854  0.000789934385  0.000175006076  0.000111423183
 42.2166  0.00135221033  0.000246140606  0.0002071602
 42.2477  0.00116983397  0.000460547475  0.000124991829
 42.2788  0.00135356571  0.000922248284  7.07934466e-05
 42.31  0.00115059059  0.000670440083  4.60510413e-05
 42.3411  0.00109051262  0.000446761348  5.96561019e-05
 42.3723  0.00240691431  0.000949189816  0.00011173481
 42.4034  0.0073681811  0.00482427659  0.000307116844
 42.4345  0.0105555297  0.00779833379  0.000583020214
 42.4657  0.0101014156  0.00979648258  0.000652392432
 42.4968  0.00934389334  0.00940486946  0.000516858443
 42.5279  0.00472922278  0.00476879727  0.00039563438
 42.5591  0.000196567043  8.99300963e-05  0.000111080681
 42.5902  0.000105391078  1.79427027e-05  2.55780116e-05
 42.6214  0.000120919215  7.70073951e-06  2.87311373e-05
 42.6525  0.00010613985  3.37225633e-06  3.23167443e-05
 42.6836  0.000211912817  7.8287953e-06  4.63439691e-05
 42.7148  0.000268121805  1.44086213e-05  5.36649553e-05
 42.7459  0.000374323661  3.02585042e-05  7.02810631e-05
 42.777  0.000646744894  7.49037014e-05  0.000121397304
 42.8082  0.000978416817  0.000148174959  0.000151422077
 42.8393  0.00132936229  0.000131674188  0.00020711394
 42.8704  0.00342577395  0.00088449057  0.000371010511
 42.9016  0.0084574785  0.00875011024  0.000639300682
 42.9327  0.0184511011  0.0257757755  0.000994105794
 42.9639  0.0203761097  0.0149325653  0.0011484614
 42.995  0.00782836919  0.00282157005  0.000604967575
 43.0261  0.00877582596  0.00189881397  0.000588653958
 43.0573  0.0146378888  0.00393765265  0.000565251407
 43.0884  0.0283538734  0.0132442849  0.0010342745
 43.1195  0.0585394484  0.0400672386  0.00174039428
 43.1507  0.105877141  0.0892070582  0.00335538566
 43.1818  0.19958287  0.133260498  0.00528987347
 43.213  0.156631101  0.127371119  0.0056835869
 43.2441  0.132394211  0.100414406  0.00568130399
 43.2752  0.131019108  0.109931751  0.00907807308
 43.3064  0.142887155  0.126239076  0.0161657099
 43.3375  0.169960546  0.195779972  0.0367665405
 43.3686  0.140781468  0.356617524  0.0487575262
 43.3998  0.160001561  0.443593141  0.0823776345
 43.4309  0.169317631  0.672975752  0.225015804
 43.4621  0.072652413  0.238682964  0.123361984
 43.4932  0.0354452016  0.0705214145  0.0644856639
 43.5243  0.0520562976  0.0827859225  0.0989129692
 43.5555  0.0370971908  0.0932934393  0.0626460545
 43.5866  0.012957408  0.0268843962  0.0221775641
 43.6177  0.0343475337  0.0174742124  0.027873898
 43.6489  0.0355891583  0.0389328645  0.0456575656
 43.68  0.0336434502  0.0477496367  0.0484742058
 43.7111  0.0286002385  0.0619345493  0.0391370819
 43.7423  0.0164657135  0.0323864937  0.0207709136
 43.7734  0.0190480786  0.0575019847  0.029254825
 43.8046  0.0278000219  0.0757397601  0.0395342106
 43.8357  0.0148978676  0.0153304737  0.0143386924
 43.8668  0.0121073874  0.0421286915  0.0182297324
 43.898  0.00935087572  0.0372317177  0.0157999085
 43.9291  0.00408092265  0.0179446119  0.0127325733
 43.9602  0.0030505178  0.00809269109  0.00820462467
 43.9914  0.00492920228  0.00965243148  0.0107601798
 44.0225  0.00870024538  0.017444058  0.0186294625
 44.0537  0.00637362687  0.0116890154  0.012842162
 44.0848  0.00298705256  0.00415067025  0.00428326354
 44.1159  0.00231788801  0.00278331029  0.00256935824
 44.1471  0.00246713344  0.00311571863  0.00268340431
 44.1782  0.00293685971  0.00360980654  0.00289236219
 44.2093  0.00372946959  0.00382470182  0.00295998623
 44.2405  0.00499678929  0.00303320994  0.00282719638
 44.2716  0.00931311489  0.00464675508  0.00835722098
 44.3028  0.0103255938  0.00628639514  0.0100597548
 44.3339  0.010731463  0.00835076315  0.0114908229
 44.365  0.0108030536  0.00995405548  0.0124072458
 44.3962  0.0108488674  0.0109189381  0.0131762199
 44.4273  0.0115473  0.0109976073  0.0126732513
 44.4584  0.0128145722  0.0113066595  0.01262634
 44.4896  0.0138351217  0.0117563677  0.0121800189
 44.5207  0.015147348  0.0130307928  0.0129486391
 44.5518  0.0165027281  0.0124471636  0.0136946043
 44.583  0.0169927524  0.0085612831  0.0126588317
 44.6141  0.0169217988  0.0077971451  0.0114987868
 44.6453  0.016413386  0.00719755598  0.00671194905
 44.6764  0.0189988978  0.0112577651  0.00977483679
 44.7075  0.0197393768  0.0134606531  0.0136520126
 44.7387  0.0166812125  0.00942118182  0.0108856934
 44.7698  0.0166539811  0.0084620078  0.010317651
 44.8009  0.0173668126  0.00921442097  0.0121564376
 44.8321  0.0158672882  0.0091797607  0.0106007305
 44.8632  0.0157547656  0.00839752203  0.00877967177
 44.8944  0.0164933493  0.00814856916  0.00833756768
 44.9255  0.0190657841  0.0121058585  0.0127848459
 44.9566  0.0190163143  0.0121279214  0.0115761702
 44.9878  0.0179227983  0.00980168683  0.00911226595
 45.0189  0.0175730941  0.00762780118  0.00754497784
 45.05  0.0171434608  0.00616803428  0.00579333647
 45.0812  0.0186941456  0.00671379255  0.00896133532
 45.1123  0.0209920337  0.00863612173  0.0156809978
 45.1435  0.0227315123  0.0134337428  0.0179970574
 45.1746  0.0266963344  0.0264093815  0.0238181818
 45.2057  0.0484477143  0.0435598747  0.024344114
 45.2369  0.0738888864  0.0618599175  0.0278428048
 45.268  0.0844191691  0.0671259492  0.0210074673
 45.2991  0.0824929565  0.0580192167  0.00902638383
 45.3303  0.0685825364  0.0506875418  0.00728067107
 45.3614  0.0610369964  0.0420841066  0.00445400091
 45.3925  0.0525871752  0.0376993709  0.0063293941
 45.4237  nan  nan  nan
