# X (m) TKE_avg epsilon_turb_pw_avg_Y_avg epsilon_pw_avg_Y_avg
 33.031  0.000151709745  0.0385506385  0.0124953378
 33.062  0.000132266961  0.00752157622  0.00613573242
 33.093  0.000145486124  0.00139221994  0.00113247905
 33.124  0.000156437127  8.48515298e-06  5.61429388e-06
 33.155  0.000194973255  2.16968523e-05  1.40971519e-05
 33.186  0.000251961303  6.21577354e-05  3.04761847e-05
 33.217  0.000290206594  7.45372329e-05  3.81834409e-05
 33.248  0.000284048529  3.11965877e-05  3.32565319e-05
 33.279  0.000287709308  1.41243095e-05  3.03667279e-05
 33.31  0.000247222744  1.02957615e-05  2.34564092e-05
 33.341  0.000209170144  7.84028614e-06  2.13361019e-05
 33.372  0.000197595746  8.34960656e-06  2.0260194e-05
 33.403  0.000152675535  8.1349935e-06  1.69802467e-05
 33.434  0.000158528365  8.09534422e-06  1.87516234e-05
 33.465  0.000178755056  7.59783903e-06  1.86516364e-05
 33.496  0.000140768423  5.26784374e-06  1.37110028e-05
 33.527  0.000147651227  6.49511295e-06  2.07406509e-05
 33.558  0.000183157183  8.54108992e-06  2.16476483e-05
 33.589  0.000210698774  1.00562178e-05  2.00288301e-05
 33.62  0.000234707557  1.16169904e-05  2.24521364e-05
 33.651  0.000218924478  1.1008097e-05  2.34382581e-05
 33.682  0.000200624215  1.06534591e-05  2.31442389e-05
 33.713  0.000196166392  1.25088819e-05  2.09597147e-05
 33.744  0.000156513551  1.43404655e-05  1.70946878e-05
 33.775  0.000164492616  1.28528464e-05  1.6141436e-05
 33.806  0.000174908453  1.14451749e-05  1.6517466e-05
 33.837  0.00015670915  1.02608119e-05  1.4765602e-05
 33.868  0.000160856183  1.21146561e-05  1.39479025e-05
 33.899  0.000148656624  8.2432292e-06  1.02914674e-05
 33.93  0.000147513813  1.01335496e-05  9.87076227e-06
 33.961  0.000126656918  8.51852004e-06  8.23544468e-06
 33.992  0.000128143078  8.19424528e-06  7.55383299e-06
 34.023  0.000126022991  7.91458434e-06  7.26397209e-06
 34.054  0.000119265996  7.35399059e-06  7.05444223e-06
 34.085  0.000131494524  7.9610026e-06  8.27231736e-06
 34.116  0.000124393822  5.45669847e-06  6.37055967e-06
 34.147  0.000129385118  6.74966607e-06  6.50318655e-06
 34.178  0.000137307779  8.47944641e-06  7.72265213e-06
 34.209  0.000135704205  5.81993486e-06  5.58687986e-06
 34.24  0.000115166282  4.40458712e-06  4.32444346e-06
 34.271  0.000106386625  4.64146438e-06  5.84984217e-06
 34.302  0.000110207674  3.3959474e-06  4.25677715e-06
 34.333  0.000108483197  4.88674189e-06  6.86246903e-06
 34.364  0.000104210005  4.36840122e-06  6.13086968e-06
 34.395  0.000111732712  3.08320123e-06  4.19804873e-06
 34.426  0.000122822815  4.48894685e-06  4.3492056e-06
 34.457  0.000137801935  6.4142008e-06  5.27385655e-06
 34.488  0.000135505165  6.36951207e-06  6.29818813e-06
 34.5189  0.000140465616  5.95327516e-06  6.74034009e-06
 34.5499  0.000153254295  8.85962752e-06  9.69233864e-06
 34.5809  0.000160051044  6.74952694e-06  7.03550109e-06
 34.6119  0.000166395222  7.6174063e-06  7.00778388e-06
 34.6429  0.000161223153  8.21728623e-06  7.30157289e-06
 34.6739  0.000162604365  8.87240965e-06  7.82632258e-06
 34.7049  0.000166195224  7.96522014e-06  6.64520549e-06
 34.7359  0.000153955739  9.77907382e-06  9.88542356e-06
 34.7669  0.000120731979  6.99540708e-06  7.71931111e-06
 34.7979  0.000123617224  1.06403312e-05  8.19879083e-06
 34.8289  0.000107598768  9.2483796e-06  1.08757192e-05
 34.8599  9.52367856e-05  4.00159908e-06  6.20121155e-06
 34.8909  9.39511213e-05  4.75447937e-06  7.01277075e-06
 34.9219  9.14873445e-05  4.51945065e-06  8.05251747e-06
 34.9529  8.55012308e-05  6.63374231e-06  7.70065391e-06
 34.9839  8.49511597e-05  6.45812463e-06  7.82618249e-06
 35.0149  9.0686709e-05  4.59462813e-06  5.25588859e-06
 35.0459  0.000103667713  5.80517087e-06  5.58314031e-06
 35.0769  0.000119717923  7.78109361e-06  6.68553414e-06
 35.1079  0.000125803034  6.50850197e-06  5.52061896e-06
 35.1389  0.000128233125  6.14062624e-06  6.54982122e-06
 35.1699  0.000121927054  6.64480521e-06  5.40286199e-06
 35.2009  0.000101220295  4.55320152e-06  3.99643046e-06
 35.2319  0.000100665894  3.9046825e-06  2.91065033e-06
 35.2629  0.000102029193  2.78436359e-06  2.98478312e-06
 35.2939  0.000102755764  2.52195297e-06  5.11544314e-06
 35.3249  0.000101919858  4.33740075e-06  5.23682972e-06
 35.3559  8.7008271e-05  2.30821861e-06  3.85641676e-06
 35.3869  8.209963e-05  1.91079439e-06  3.30168054e-06
 35.4179  8.56292452e-05  1.55181418e-06  3.29407402e-06
 35.4489  8.66438363e-05  1.23603647e-06  4.01305315e-06
 35.4799  9.57464518e-05  1.15142275e-06  4.38797438e-06
 35.5109  0.000109471456  1.90526635e-06  6.17978818e-06
 35.5419  0.000116268914  2.3803447e-06  7.00314899e-06
 35.5729  0.000101434591  2.63890891e-06  6.95264028e-06
 35.6039  0.000105329159  2.41049258e-06  6.00170859e-06
 35.6349  0.000114908778  2.36497514e-06  5.3007204e-06
 35.6659  0.000112255058  2.54509364e-06  5.29011891e-06
 35.6969  0.000111175237  2.89359841e-06  5.22705576e-06
 35.7279  0.000125849901  3.86799762e-06  7.29465091e-06
 35.7589  0.000139223524  3.40967492e-06  7.64870836e-06
 35.7899  0.00013230331  4.28912879e-06  9.01305107e-06
 35.8209  0.000119730481  5.24708124e-06  9.1387247e-06
 35.8519  0.000122273466  5.56623064e-06  9.01300809e-06
 35.8829  0.000124466576  3.6125576e-06  6.28266809e-06
 35.9139  0.000131763291  5.08942923e-06  9.03767772e-06
 35.9449  0.00012990165  6.11389903e-06  1.13665189e-05
 35.9759  0.000148569355  4.00351642e-06  9.6788499e-06
 36.0069  0.000158670895  3.54864629e-06  8.56310151e-06
 36.0379  0.000164733116  6.86929879e-06  1.20586915e-05
 36.0689  0.000156019346  5.45756688e-06  8.82459226e-06
 36.0999  0.000166857784  7.03890869e-06  9.34357879e-06
 36.1309  0.000190910377  8.69068213e-06  6.49447549e-06
 36.1619  0.000207745623  1.08535999e-05  7.7516494e-06
 36.1929  0.000197753989  7.30622836e-06  5.00596968e-06
 36.2239  0.000175884447  1.26109633e-05  1.27839349e-05
 36.2549  0.000161095161  1.07843919e-05  1.22168072e-05
 36.2859  0.000180976108  9.85103665e-06  9.79955971e-06
 36.3169  0.000210819504  9.86544548e-06  6.93129634e-06
 36.3479  0.000242101189  1.2611384e-05  9.04809528e-06
 36.3789  0.000273657534  1.73167188e-05  1.6546568e-05
 36.4099  0.000310177706  1.23322265e-05  8.2980748e-06
 36.4409  0.00035319677  1.59125047e-05  7.8886281e-06
 36.4719  0.000401085237  1.9042613e-05  7.43043713e-06
 36.5029  0.000433095055  2.20392914e-05  8.33842421e-06
 36.5339  0.000409265747  2.5150724e-05  1.15980394e-05
 36.5649  0.000378231562  2.16367183e-05  1.39168258e-05
 36.5959  0.000371393958  1.88941816e-05  1.17694111e-05
 36.6269  0.000350559168  1.76150967e-05  8.7648261e-06
 36.6579  0.000336461998  1.68540092e-05  6.68111457e-06
 36.6889  0.00031781635  1.45964114e-05  6.2909017e-06
 36.7199  0.000251180856  1.43593573e-05  5.67675011e-06
 36.7509  0.000217506439  1.04942062e-05  6.92051959e-06
 36.7819  0.000218550642  9.47071351e-06  7.85134616e-06
 36.8129  0.000229491541  1.02631886e-05  1.105879e-05
 36.8439  0.000198316708  8.30773906e-06  1.12220137e-05
 36.8749  0.000205216574  8.04434437e-06  1.17196248e-05
 36.9059  0.000229260177  8.64695913e-06  1.36066442e-05
 36.9369  0.000245025475  9.87940994e-06  1.72778249e-05
 36.9679  0.000254239147  1.10008719e-05  2.02722791e-05
 36.9989  0.000261415225  1.46785355e-05  2.32736979e-05
 37.0299  0.000299023038  2.22272097e-05  2.94268411e-05
 37.0609  0.000290306919  2.65853976e-05  3.10682564e-05
 37.0919  0.00026188621  2.38014409e-05  2.95447052e-05
 37.1229  0.000274853756  2.59287687e-05  3.07872615e-05
 37.1539  0.00027706198  2.80521556e-05  3.22063649e-05
 37.1849  0.000277617024  2.66102638e-05  3.13212359e-05
 37.2159  0.000264523557  2.94266592e-05  3.27086381e-05
 37.2469  0.000251849792  3.715244e-05  2.74016337e-05
 37.2779  0.000234884545  2.89166733e-05  2.34130204e-05
 37.3089  0.000250380614  3.08833497e-05  2.75764986e-05
 37.3399  0.000222954158  2.18564801e-05  1.88517509e-05
 37.3709  0.000245454651  3.14544843e-05  2.34975809e-05
 37.4019  0.000197394836  3.56543593e-05  2.07086805e-05
 37.4329  0.000310375638  6.5482991e-05  3.396174e-05
 37.4639  0.000232527015  3.66760878e-05  2.87436965e-05
 37.4949  0.000209179248  3.51390331e-05  2.54062375e-05
 37.5259  0.000169624045  2.63147182e-05  2.22284094e-05
 37.5568  0.000178285636  1.96291429e-05  1.88019131e-05
 37.5878  0.000205020918  1.98499679e-05  2.01504649e-05
 37.6188  0.000226968474  2.18807106e-05  1.78299564e-05
 37.6498  0.000266471214  3.77156912e-05  2.13878301e-05
 37.6808  0.000256497287  3.63299811e-05  3.01114924e-05
 37.7118  0.000297657653  5.39683005e-05  6.13292199e-05
 37.7428  0.000360283296  4.59412694e-05  6.28122716e-05
 37.7738  0.000421646854  4.56455077e-05  5.32360086e-05
 37.8048  0.000542727348  7.38473814e-05  6.19124524e-05
 37.8358  0.000543215785  7.3572248e-05  5.78809545e-05
 37.8668  0.000436644755  5.55717154e-05  5.446879e-05
 37.8978  0.000387819463  2.23301912e-05  2.55143383e-05
 37.9288  0.000391178987  1.3177035e-05  1.9456705e-05
 37.9598  0.000521100724  2.81155015e-05  3.6406475e-05
 37.9908  0.000566050448  2.29180744e-05  2.56139346e-05
 38.0218  0.000600893084  2.89112939e-05  2.28648472e-05
 38.0528  0.000643202453  3.26386661e-05  2.35088426e-05
 38.0838  0.000659645896  3.9359808e-05  3.19638133e-05
 38.1148  0.000503582597  4.46467354e-05  3.02276544e-05
 38.1458  0.000394913126  2.87406627e-05  2.81071105e-05
 38.1768  0.000302287169  2.44933464e-05  2.40760152e-05
 38.2078  0.000228274718  2.02532361e-05  2.18646786e-05
 38.2388  0.000191330846  7.22452756e-06  1.12930291e-05
 38.2698  0.000182443262  7.27551727e-06  1.4002064e-05
 38.3008  0.000158540841  8.40704883e-06  1.24339155e-05
 38.3318  0.000152523644  8.07011274e-06  1.75137519e-05
 38.3628  0.000153260428  3.47892792e-06  1.44324469e-05
 38.3938  0.00015294175  2.46237247e-06  1.3448218e-05
 38.4248  0.000151333976  1.77575694e-06  1.29949871e-05
 38.4558  0.000146878973  1.77536707e-06  1.2860065e-05
 38.4868  0.000155020535  1.56246927e-06  1.33976992e-05
 38.5178  0.000151712027  4.83378524e-06  1.57228663e-05
 38.5488  0.000144833668  6.39354387e-06  1.81664977e-05
 38.5798  0.00013611381  3.50520871e-06  1.28414659e-05
 38.6108  0.000136782892  5.07101596e-06  1.43225005e-05
 38.6418  0.000136725963  9.92557334e-06  1.92137008e-05
 38.6728  0.00013483043  8.96473099e-06  1.78719092e-05
 38.7038  0.000135106849  9.77137706e-06  1.83121915e-05
 38.7348  0.000129449261  1.19099905e-05  1.93412345e-05
 38.7658  0.000151399697  1.05068877e-05  1.57436694e-05
 38.7968  0.000155989486  1.37561147e-05  1.89842221e-05
 38.8278  0.000156847062  1.71574727e-05  2.05335998e-05
 38.8588  0.00015489965  1.27405025e-05  1.29314328e-05
 38.8898  0.000200096566  1.72918495e-05  9.82437851e-06
 38.9208  0.000236061463  2.19003708e-05  1.45101425e-05
 38.9518  0.000294382681  1.95062896e-05  1.13445213e-05
 38.9828  0.000310696252  2.26129282e-05  1.54305479e-05
 39.0138  0.000283415414  5.99459537e-05  7.3013796e-05
 39.0448  0.000254802136  4.36562259e-05  5.71202411e-05
 39.0758  0.000277208371  3.04095162e-05  2.44267872e-05
 39.1068  0.0002835348  5.19750745e-05  5.07895311e-05
 39.1378  0.000299702165  5.01448378e-05  3.78014464e-05
 39.1688  0.000309237305  5.50462417e-05  3.64994755e-05
 39.1998  0.000308628372  4.26907034e-05  2.17366322e-05
 39.2308  0.000309017205  4.47001011e-05  2.44742188e-05
 39.2618  0.00029689774  4.58457209e-05  3.85091663e-05
 39.2928  0.000277802291  4.27881145e-05  4.30400855e-05
 39.3238  0.000278562059  4.6137282e-05  3.97772109e-05
 39.3548  0.000280619456  2.68539381e-05  1.93350833e-05
 39.3858  0.00028258699  4.13695891e-05  4.73000037e-05
 39.4168  0.000278434129  2.05268799e-05  1.73296484e-05
 39.4478  0.000316206189  3.21020895e-05  3.23610173e-05
 39.4788  0.000356662776  3.89234194e-05  4.64015152e-05
 39.5098  0.000403558841  2.62350687e-05  3.05508872e-05
 39.5408  0.000448396654  2.8910383e-05  3.47627608e-05
 39.5718  0.000453076212  2.4219103e-05  3.04976547e-05
 39.6028  0.000481692208  2.56045448e-05  3.62136191e-05
 39.6338  0.000501516389  2.69879964e-05  4.22198795e-05
 39.6648  0.000524125441  2.62053992e-05  4.61858079e-05
 39.6958  0.000628099625  2.64578968e-05  5.61464854e-05
 39.7268  0.000685115241  2.59910746e-05  3.24236244e-05
 39.7578  0.000744324933  2.29861533e-05  4.63308435e-05
 39.7888  0.000718250077  2.26288879e-05  4.5119993e-05
 39.8198  0.00076504072  2.97942667e-05  4.84065697e-05
 39.8508  0.000816601142  3.84903203e-05  5.30688399e-05
 39.8818  0.000895012818  4.27216829e-05  5.93638495e-05
 39.9128  0.000857561131  3.79108078e-05  6.36499142e-05
 39.9438  0.000905178969  4.24969256e-05  8.22130083e-05
 39.9748  0.000977436895  5.93238955e-05  0.000107570277
 40.0058  0.00116193513  0.000147792803  0.000134055247
 40.0368  0.00139586209  0.000305337224  0.000153008284
 40.0678  0.00157751761  0.000437858299  0.00017910779
 40.0988  0.00154533751  0.000419265812  0.000174811768
 40.1298  0.00159271789  0.000360572446  0.000140516138
 40.1608  0.00156751084  0.000376448765  0.000107070273
 40.1918  0.00124403632  0.000298517879  6.78544381e-05
 40.2228  0.001175448  0.000196999117  4.84291916e-05
 40.2538  0.000974613  0.00011939796  2.86717445e-05
 40.2848  0.00117542465  0.000129493395  3.14615693e-05
 40.3158  0.0012099468  0.000132438936  0.000111246137
 40.3468  0.00122004593  0.000145096373  0.000143483942
 40.3778  0.00146147668  0.000141988714  8.88282425e-05
 40.4088  0.00177143598  0.000182750147  6.68227623e-05
 40.4398  0.00230361489  0.000322171596  0.000115724662
 40.4708  0.00170632108  0.000151033129  5.27276551e-05
 40.5018  0.00175851449  0.000166908241  8.78587737e-05
 40.5328  0.00198538251  0.000241753387  0.000148990981
 40.5638  0.00199036188  0.000255372649  0.000170955583
 40.5947  0.00207371262  0.000306780872  0.000199947401
 40.6257  0.00219393372  0.000279652159  0.000169429936
 40.6567  0.00242793609  0.000279283876  0.000155904304
 40.6877  0.0024772028  0.000178521056  0.000109095841
 40.7187  0.002462616  0.000108343634  6.37912048e-05
 40.7497  0.00244512366  0.000112207665  6.1407124e-05
 40.7807  0.00220711961  0.000193269273  0.00017283732
 40.8117  0.00233622148  0.000138463167  0.00011176651
 40.8427  0.00244143148  9.39984279e-05  5.93565074e-05
 40.8737  0.00246092008  8.66429345e-05  4.1749612e-05
 40.9047  0.00245590124  0.000110910768  5.46770578e-05
 40.9357  0.002668472  0.000123607039  5.758493e-05
 40.9667  0.00287009889  0.000155881872  6.58486752e-05
 40.9977  0.00320523785  0.000129899816  5.74401967e-05
 41.0287  0.00325396827  0.000138230669  6.4590661e-05
 41.0597  0.00306474103  0.00013631745  7.11366748e-05
 41.0907  0.00280624936  0.000114293848  7.95554075e-05
 41.1217  0.00269810157  0.000106298136  8.27455925e-05
 41.1527  0.00299173097  0.000124248611  6.59594091e-05
 41.1837  0.00310001117  0.000174957779  0.000102960992
 41.2147  0.00295982548  0.000136616808  6.47995535e-05
 41.2457  0.00273100281  0.000103049797  6.39062378e-05
 41.2767  0.00271747845  0.000131523083  9.84928868e-05
 41.3077  0.00311279341  0.000269095973  0.000214357364
 41.3387  0.00355501167  0.000347841104  0.000279926828
 41.3697  0.00391212547  0.000276268946  0.00018295977
 41.4007  0.00437557878  0.000280594431  0.000107304687
 41.4317  0.00493800405  0.000445717842  0.000218856471
 41.4627  0.00562620637  0.000566582511  0.000289919847
 41.4937  0.00662092448  0.000679141223  0.00030138718
 41.5247  0.00754847562  0.000822792405  0.000319688211
 41.5557  0.00931673491  0.000794260619  0.000208251366
 41.5867  0.00977673793  0.000760763482  0.000134204386
 41.6177  0.00894500044  0.000753499149  0.000113789695
 41.6487  0.00944129597  0.00084751045  0.000122152723
 41.6797  0.0105068178  0.000869833783  0.000124420322
 41.7107  0.0111175124  0.000914544931  0.000128652542
 41.7417  0.011134379  0.000942140983  0.000119572919
 41.7727  0.0103648209  0.000912990392  0.00011327446
 41.8037  0.00919592986  0.000858798345  0.000123394857
 41.8347  0.00903026991  0.000810183111  0.000108383039
 41.8657  0.00813437846  0.000863983317  0.000112400281
 41.8967  0.0070576784  0.000685176863  0.000114879645
 41.9277  0.00657136711  0.000524048831  8.15355691e-05
 41.9587  0.00617351949  0.000451148534  7.19408524e-05
 41.9897  0.00553497951  0.000440630048  7.33498102e-05
 42.0207  0.00508749048  0.000501891542  7.87531412e-05
 42.0517  0.00572006418  0.000446705633  8.1182813e-05
 42.0827  0.00722910891  0.000578856388  9.1180717e-05
 42.1137  0.00880331283  0.000800751576  9.14174912e-05
 42.1447  0.0098668997  0.00104098919  0.000108186372
 42.1757  0.0103977441  0.0012019449  0.000113806661
 42.2067  0.0105386091  0.00132395809  0.000108124911
 42.2377  0.0108041519  0.00139627771  0.000114109082
 42.2687  0.0104434417  0.00148889711  0.000128646084
 42.2997  0.0103146424  0.00151949003  0.000131856018
 42.3307  0.0104323189  0.00148304834  0.000128643597
 42.3617  0.00970101928  0.00155441703  0.000122250363
 42.3927  0.00903811743  0.00160919233  0.000123733306
 42.4237  0.00932252422  0.00137560719  0.000114651055
 42.4547  0.00931062908  0.00125214414  0.000117933015
 42.4857  0.0100442845  0.00127723219  0.000120964345
 42.5167  0.0114349923  0.0012746051  0.000130023558
 42.5477  0.0106481696  0.00151938345  0.000139077409
 42.5787  0.0091193195  0.00118136958  0.000121228745
 42.6097  0.00922762335  0.00107872431  0.000128096732
 42.6407  0.0100486122  0.00116897512  0.000147919759
 42.6717  0.0116446316  0.00135223335  0.000159636915
 42.7027  0.0151375084  0.00177766579  0.000176131708
 42.7337  0.0202010888  0.0024565232  0.000233249364
 42.7647  0.0331605847  0.00686490116  0.000367762852
 42.7957  0.0434089325  0.0101367143  0.000467769115
 42.8267  0.0508134756  0.0127922371  0.000581137752
 42.8577  0.0588776215  0.0161200015  0.000734553867
 42.8887  0.0703536042  0.0192812715  0.000841326773
 42.9197  0.0720420353  0.0229260551  0.00100516327
 42.9507  0.0653483052  0.0184220189  0.000868957716
 42.9817  0.056384824  0.0125808367  0.000925081275
 43.0127  0.0494219042  0.00931815348  0.000761375148
 43.0437  0.0442529817  0.00826212409  0.000622777099
 43.0747  0.0418430765  0.00803603424  0.000825460342
 43.1057  0.0499281037  0.0126245301  0.00103309517
 43.1367  0.0566298819  0.0164638673  0.000944624434
 43.1677  0.0639891902  0.0193448504  0.0013173272
 43.1987  0.0682920335  0.018787637  0.00136368348
 43.2297  0.0697531234  0.0192140517  0.00113858722
 43.2607  0.0695948045  0.0255593163  0.00189181573
 43.2917  0.0675593256  0.0224375259  0.00193153501
 43.3227  0.0645035322  0.0222153113  0.00210855296
 43.3537  0.0588821328  0.0256960631  0.0018841628
 43.3847  0.0589907111  0.0332297803  0.00373372495
 43.4157  0.0547469265  0.0385610958  0.00739285941
 43.4467  0.0607604464  0.0402195857  0.0130345746
 43.4777  0.0699583222  0.0475744701  0.0257357374
 43.5087  0.0927311557  0.0742653633  0.0481089934
 43.5397  0.0690461414  0.11614899  0.0438146753
 43.5707  0.0244315269  0.110479565  0.0222938563
 43.6016  0.00521866411  0.0136243338  0.0042103682
 43.6326  0.00434347534  0.00347994989  0.00282711764
 43.6636  0.00444324818  0.00209377846  0.00256662621
 43.6946  0.00864712698  0.00300946138  0.00589423308
 43.7256  0.0142427574  0.00342854826  0.0111389331
 43.7566  0.0152613669  0.00350791688  0.0121387559
 43.7876  0.0147483298  0.00514591099  0.010573482
 43.8186  0.0226954563  0.0083451392  0.0101397623
 43.8496  0.0248612834  0.0133750085  0.00930230815
 43.8806  0.0273308567  0.014868767  0.00617766678
 43.9116  0.0258811263  0.0115192407  0.00231593245
 43.9426  0.0204867805  0.00605701842  0.00119198896
 43.9736  0.0192788973  0.00273593918  0.000451341644
 44.0046  0.0143358761  0.00243216137  0.000523067608
 44.0356  0.0107400073  0.00193661109  0.00053383923
 44.0666  0.00886534779  0.00133188169  0.000223859859
 44.0976  0.00805022144  0.00113624406  0.000178255129
 44.1286  0.00763284773  0.000980424454  0.000165561167
 44.1596  0.00700337663  0.00116858368  0.000181212635
 44.1906  0.00683186865  0.000802573133  0.000157998458
 44.2216  0.00664177656  0.000715345496  0.000142984775
 44.2526  0.00579517643  0.000689724017  0.000153997168
 44.2836  0.00501045174  0.00051640933  0.000163428009
 44.3146  0.00550025912  0.000462774556  0.000145923847
 44.3456  0.00583802229  0.000621071441  0.000161042409
 44.3766  0.00598142193  0.000663152521  0.000208349362
 44.4076  0.00612167221  0.000695499309  0.000255383986
 44.4386  0.00667379826  0.000666498522  0.000319459635
 44.4696  0.00789909137  0.000483456556  0.000445226871
 44.5006  0.0079587385  0.000806458756  0.000583006684
 44.5316  0.00813485118  0.000823550768  0.000464909014
 44.5626  0.00899601976  0.000951524163  0.000376413027
 44.5936  0.0096655  0.00110476401  0.000406102236
 44.6246  0.011727166  0.00152151183  0.000573276348
 44.6556  0.0129399842  0.00200805208  0.000846677385
 44.6866  0.0130735251  0.00135965123  0.00121442588
 44.7176  0.0112877249  0.00101099921  0.00149140886
 44.7486  0.00978008627  0.000890952874  0.00167430907
 44.7796  0.00801750275  0.000822011437  0.00154682872
 44.8106  0.00765179308  0.000822482536  0.00119122907
 44.8416  0.00507171618  0.000710105381  0.000769917504
 44.8726  0.00517051381  0.00202379242  0.000671913232
 44.9036  0.00449178056  0.00225221994  0.000455952643
 44.9346  0.00315871254  0.00136795449  0.000264146885
 44.9656  0.00208606264  0.000393519831  0.000130233268
 44.9966  0.00204462264  0.000125468237  6.29318746e-05
 45.0276  0.00203001449  8.42455922e-05  3.84388352e-05
 45.0586  0.00198691703  5.87719643e-05  3.31371405e-05
 45.0896  0.00180024684  7.39669981e-05  6.95405885e-05
 45.1206  0.00173922991  0.000113345973  0.000100393787
 45.1516  0.00188159214  0.000178283351  0.000123520063
 45.1826  0.00219288714  0.000229639249  0.000148768916
 45.2136  0.00234450387  0.000201496696  0.0001109008
 45.2446  0.00261099912  0.00021016336  0.00013081167
 45.2756  0.0029231917  0.000281760732  0.000125344364
 45.3066  0.00352948474  0.000511930535  0.000325818063
 45.3376  0.00608424825  0.000957146552  0.000977845301
 45.3686  nan  nan  nan
