# X (m) TKE_avg epsilon_turb_pw_avg_Y_avg epsilon_pw_avg_Y_avg
 33.0312  0.000132430889  0.107687732  0.00254855049
 33.0624  0.000129974541  0.00211926165  0.000246243706
 33.0936  0.000126882601  0.000363521368  5.34297464e-05
 33.1248  0.000120534083  5.06896357e-06  1.77688444e-05
 33.1561  0.00012461172  7.15365314e-06  3.07607808e-05
 33.1873  0.000135019558  1.14829695e-05  5.10411291e-05
 33.2185  0.000170983745  1.16972099e-05  4.62861472e-05
 33.2497  0.00017609258  8.67253453e-06  4.77594521e-05
 33.2809  0.000163272727  6.20446734e-06  3.97083968e-05
 33.3121  0.000146239055  5.84407017e-06  3.36724173e-05
 33.3433  0.00013733509  6.54979665e-06  3.192336e-05
 33.3745  0.00014622834  9.77654058e-06  3.28006193e-05
 33.4058  0.000157057317  7.56517779e-06  3.43192326e-05
 33.437  0.00017238801  8.15811326e-06  3.34028333e-05
 33.4682  0.000208836372  1.44330837e-05  3.35952786e-05
 33.4994  0.000196673501  1.45735667e-05  2.72000953e-05
 33.5306  0.000164078028  8.53088732e-06  2.037136e-05
 33.5618  0.000153298237  8.93096912e-06  1.66088668e-05
 33.593  0.000120640531  8.86636803e-06  1.28167026e-05
 33.6242  0.000121823184  8.87477738e-06  1.05732233e-05
 33.6555  0.000106253965  7.73398755e-06  8.93952112e-06
 33.6867  0.000103706779  6.76734264e-06  7.53268097e-06
 33.7179  9.97147442e-05  7.78090841e-06  6.91024901e-06
 33.7491  9.32029481e-05  5.58381073e-06  5.53336972e-06
 33.7803  0.000103338872  5.27205347e-06  5.03133074e-06
 33.8115  0.000108051326  6.06000397e-06  4.88531989e-06
 33.8427  0.000111730418  7.0268529e-06  5.53971254e-06
 33.8739  0.000105570363  4.6130984e-06  3.5669037e-06
 33.9051  0.000124673364  5.08643448e-06  4.0981923e-06
 33.9364  0.000128677977  7.28621277e-06  4.96101827e-06
 33.9676  0.000121668071  8.39393232e-06  7.34906863e-06
 33.9988  0.000120901991  8.05543549e-06  6.34336045e-06
 34.03  0.000115363437  8.96420612e-06  6.38477396e-06
 34.0612  0.000103265727  9.45591936e-06  7.49000117e-06
 34.0924  9.46844542e-05  5.88374267e-06  3.86927718e-06
 34.1236  8.453834e-05  4.30068704e-06  4.39245478e-06
 34.1548  9.14829133e-05  9.34197969e-06  8.74053544e-06
 34.1861  9.57085724e-05  6.41691112e-06  6.74229773e-06
 34.2173  8.24371144e-05  5.43453463e-06  7.677822e-06
 34.2485  7.71108915e-05  4.10702606e-06  5.56072129e-06
 34.2797  7.89540236e-05  4.23012943e-06  6.99319729e-06
 34.3109  8.90777211e-05  5.79631828e-06  4.7641297e-06
 34.3421  8.42739649e-05  6.04317426e-06  7.59239732e-06
 34.3733  7.25263011e-05  6.24506272e-06  7.95993014e-06
 34.4045  6.64929979e-05  4.62885167e-06  5.62611899e-06
 34.4358  5.67021906e-05  2.46253391e-06  4.98058845e-06
 34.467  5.78030048e-05  2.01807069e-06  4.67994507e-06
 34.4982  6.4042213e-05  3.78305692e-06  5.85017609e-06
 34.5294  5.94406277e-05  3.93928516e-06  5.52149269e-06
 34.5606  5.87538748e-05  2.70855538e-06  4.68067901e-06
 34.5918  5.58569178e-05  1.60151731e-06  4.16086493e-06
 34.623  5.99666699e-05  1.68892906e-06  4.75199331e-06
 34.6542  6.23374571e-05  3.21097779e-06  5.53976701e-06
 34.6854  5.96907576e-05  2.11823764e-06  4.53353974e-06
 34.7167  6.14629335e-05  1.87959616e-06  4.28628543e-06
 34.7479  6.34531879e-05  2.80361718e-06  5.06887392e-06
 34.7791  6.14998786e-05  2.28980375e-06  4.70661466e-06
 34.8103  5.75297366e-05  1.99150253e-06  4.35340698e-06
 34.8415  5.68916612e-05  9.885261e-07  3.63280308e-06
 34.8727  5.40397936e-05  1.73940622e-06  6.48759042e-06
 34.9039  5.31520671e-05  2.51365088e-06  7.99232402e-06
 34.9351  5.02118364e-05  1.45359451e-06  4.97824961e-06
 34.9664  5.41281049e-05  1.19010848e-06  4.1255942e-06
 34.9976  5.47679851e-05  7.61600267e-07  4.31989533e-06
 35.0288  5.98704995e-05  1.53928347e-06  7.65052124e-06
 35.06  6.70293325e-05  1.61139375e-06  7.87091612e-06
 35.0912  6.49125411e-05  1.04190945e-06  6.70620521e-06
 35.1224  5.99237542e-05  1.79923645e-06  9.20083281e-06
 35.1536  5.70463379e-05  2.36975748e-06  9.40080699e-06
 35.1848  6.56394347e-05  1.80593748e-06  8.33392622e-06
 35.2161  6.70624182e-05  1.98962195e-06  1.0020056e-05
 35.2473  7.9028662e-05  5.1734233e-06  1.44264364e-05
 35.2785  8.60543495e-05  3.28376424e-06  1.30317669e-05
 35.3097  8.39390852e-05  3.45786925e-06  1.43868452e-05
 35.3409  9.44790256e-05  4.3022428e-06  1.52372956e-05
 35.3721  7.73724981e-05  4.88999221e-06  1.43232031e-05
 35.4033  7.42417257e-05  6.02336058e-06  1.85218781e-05
 35.4345  9.80061028e-05  2.80114981e-06  1.62466652e-05
 35.4657  0.000107624234  4.0637245e-06  2.08234289e-05
 35.497  0.000121740023  5.28698427e-06  2.40128404e-05
 35.5282  0.000113612686  5.06821737e-06  2.41110026e-05
 35.5594  0.000120304684  8.87449731e-06  3.51839727e-05
 35.5906  9.14361744e-05  7.07520729e-06  2.93071125e-05
 35.6218  9.11544921e-05  4.79913781e-06  2.51608707e-05
 35.653  8.99188736e-05  4.88193643e-06  2.55827464e-05
 35.6842  8.13004543e-05  3.90191705e-06  2.21145205e-05
 35.7154  8.03232052e-05  3.43271471e-06  2.01298615e-05
 35.7467  8.38936359e-05  3.27599978e-06  2.0895403e-05
 35.7779  9.1567487e-05  3.44302763e-06  2.24550129e-05
 35.8091  0.000100114417  4.81265619e-06  2.55647026e-05
 35.8403  0.000110125211  6.65112291e-06  2.64114882e-05
 35.8715  0.000135597873  5.57005244e-06  1.87415834e-05
 35.9027  0.000208312811  9.85968756e-06  1.94573923e-05
 35.9339  0.000195500128  1.02466859e-05  1.91653527e-05
 35.9651  0.000187534871  8.19723965e-06  1.51419701e-05
 35.9964  0.000213790892  1.21851486e-05  1.80209709e-05
 36.0276  0.000170511876  1.56007325e-05  1.78258353e-05
 36.0588  0.000124705064  1.50990409e-05  1.38249812e-05
 36.09  7.53550325e-05  9.82313223e-06  8.05661961e-06
 36.1212  6.8001222e-05  6.05320833e-06  5.93350832e-06
 36.1524  6.34493463e-05  4.82774501e-06  3.54102485e-06
 36.1836  5.73944749e-05  4.08129724e-06  2.83383024e-06
 36.2148  4.93608969e-05  2.36344331e-06  2.16080751e-06
 36.246  6.51933987e-05  3.16745298e-06  3.34882745e-06
 36.2773  6.368505e-05  2.8735376e-06  3.17308837e-06
 36.3085  5.62427036e-05  2.83062042e-06  2.66180098e-06
 36.3397  4.92288887e-05  2.33425589e-06  2.15260809e-06
 36.3709  5.01596904e-05  2.98189286e-06  2.54569207e-06
 36.4021  4.92871454e-05  3.09166826e-06  3.19655279e-06
 36.4333  3.97198157e-05  1.83549144e-06  2.84506553e-06
 36.4645  4.699357e-05  2.36399962e-06  4.47194833e-06
 36.4957  4.00074345e-05  1.99613526e-06  3.72911793e-06
 36.527  4.09433337e-05  3.7969597e-06  5.14419821e-06
 36.5582  4.5497559e-05  3.13760338e-06  5.27972425e-06
 36.5894  3.9361087e-05  2.82316455e-06  5.10319251e-06
 36.6206  5.25619012e-05  4.02893803e-06  6.85779788e-06
 36.6518  4.93484897e-05  2.72940954e-06  5.64605216e-06
 36.683  4.21681994e-05  2.96123005e-06  5.81744725e-06
 36.7142  4.42006834e-05  1.80540047e-06  4.14286801e-06
 36.7454  4.51629822e-05  1.95500388e-06  4.1803589e-06
 36.7767  5.00123805e-05  2.73566266e-06  5.05046059e-06
 36.8079  4.58542654e-05  2.08946739e-06  4.32616897e-06
 36.8391  4.4215584e-05  2.45688943e-06  4.72041431e-06
 36.8703  4.35343147e-05  3.91228224e-06  5.63463942e-06
 36.9015  4.47378673e-05  3.61231669e-06  4.24744797e-06
 36.9327  4.34324063e-05  6.91913316e-06  8.67884001e-06
 36.9639  4.39789718e-05  1.03280902e-05  1.29242708e-05
 36.9951  4.07146172e-05  5.93122927e-06  9.05123995e-06
 37.0263  3.882589e-05  1.53503502e-05  2.14665719e-05
 37.0576  4.13496645e-05  5.1886099e-06  1.09905352e-05
 37.0888  4.59027148e-05  2.60869737e-06  6.83434037e-06
 37.12  5.1921964e-05  1.26829155e-05  1.52185789e-05
 37.1512  4.69172435e-05  7.42357391e-06  9.78050687e-06
 37.1824  5.2331294e-05  1.06574828e-05  1.4149292e-05
 37.2136  5.55013186e-05  9.19372658e-06  1.28503289e-05
 37.2448  6.33715349e-05  9.78203056e-06  1.2707537e-05
 37.276  6.92237924e-05  7.41328608e-06  9.22130444e-06
 37.3073  7.25216178e-05  8.85809962e-06  1.2545672e-05
 37.3385  6.92647584e-05  1.21532229e-05  1.7389465e-05
 37.3697  7.25800512e-05  4.91651823e-06  9.29778853e-06
 37.4009  8.72361676e-05  1.26113313e-05  1.81603009e-05
 37.4321  0.000103522972  1.15060536e-05  1.65919365e-05
 37.4633  0.000133050247  1.12177567e-05  1.70865683e-05
 37.4945  0.000154962649  1.04117822e-05  1.53707192e-05
 37.5257  0.000164802783  8.66892877e-06  1.28101136e-05
 37.557  0.000185602669  7.09261275e-06  1.15654112e-05
 37.5882  0.000203489755  8.01657104e-06  1.40327641e-05
 37.6194  0.000172307076  6.36706361e-06  8.85442719e-06
 37.6506  0.000146717111  7.02011829e-06  9.6920949e-06
 37.6818  0.000130781697  4.4738528e-06  7.82334058e-06
 37.713  0.000142515835  3.53966877e-06  6.49250751e-06
 37.7442  0.000157740353  3.44294666e-06  6.22963933e-06
 37.7754  0.000175499333  6.56491956e-06  7.0781164e-06
 37.8066  0.000150529429  5.17742412e-06  7.69928337e-06
 37.8379  0.000139543518  4.11702987e-06  7.2944988e-06
 37.8691  0.0001223925  4.88242235e-06  1.20618055e-05
 37.9003  0.000120038015  4.46751575e-06  1.48534782e-05
 37.9315  0.000107706236  2.7396716e-06  1.10128172e-05
 37.9627  0.000103412177  7.27120994e-06  1.73354969e-05
 37.9939  0.00010294102  6.81166061e-06  2.08847923e-05
 38.0251  0.00010009284  1.13076475e-05  2.47245567e-05
 38.0563  0.000101543714  1.32890501e-05  2.94323513e-05
 38.0876  0.000100704258  1.02776824e-05  2.76628818e-05
 38.1188  0.000104563508  9.08670813e-06  2.78503963e-05
 38.15  0.000106056162  2.89174519e-06  1.42108006e-05
 38.1812  0.000121159982  3.29675007e-06  1.67938475e-05
 38.2124  0.000140368946  9.1480305e-06  3.4998858e-05
 38.2436  0.000166747794  7.86440029e-06  3.65007043e-05
 38.2748  0.000217158142  1.849204e-05  6.31095087e-05
 38.306  0.000280768873  2.45485584e-05  7.265805e-05
 38.3372  0.000217356479  1.9896677e-05  6.89266996e-05
 38.3685  0.000198952458  2.25761452e-05  6.53997667e-05
 38.3997  0.000193166912  1.41845783e-05  5.42812848e-05
 38.4309  0.000209718919  1.42839097e-05  5.96059327e-05
 38.4621  0.000204717368  1.30713253e-05  6.04495039e-05
 38.4933  0.000185761787  1.2309761e-05  6.25061882e-05
 38.5245  0.00020605797  1.20131427e-05  5.98466391e-05
 38.5557  0.000189393801  1.3506719e-05  5.78460074e-05
 38.5869  0.000172896127  1.24144296e-05  5.2684976e-05
 38.6182  0.000181722027  7.18614409e-06  4.35353524e-05
 38.6494  0.000187509418  1.00491231e-05  4.96945825e-05
 38.6806  0.000198129959  1.02841838e-05  5.74666613e-05
 38.7118  0.000204334999  5.22597633e-06  5.14941112e-05
 38.743  0.000210073383  8.0071927e-06  5.35443522e-05
 38.7742  0.00021329325  8.90075489e-06  5.46091022e-05
 38.8054  0.000205691214  8.59543563e-06  5.26759428e-05
 38.8366  0.000209115441  8.83622845e-06  4.94108929e-05
 38.8679  0.000221946003  9.94479358e-06  4.20883735e-05
 38.8991  0.000221427566  8.72995882e-06  4.35588683e-05
 38.9303  0.000190170576  6.81083701e-06  3.58799025e-05
 38.9615  0.000211256562  6.37945642e-06  3.44004442e-05
 38.9927  0.000223599408  6.22848738e-06  3.23819819e-05
 39.0239  0.000216025363  5.6755688e-06  2.69457112e-05
 39.0551  0.000196360353  4.60489286e-06  1.89649055e-05
 39.0863  0.000182474677  3.46787392e-06  1.13810388e-05
 39.1175  0.000191011373  5.31730441e-06  9.53827169e-06
 39.1488  0.000264173577  1.97532182e-05  1.13491329e-05
 39.18  0.000319344361  2.62372529e-05  9.45421033e-06
 39.2112  0.000358384752  2.71425904e-05  8.51006632e-06
 39.2424  0.000427452416  4.26859317e-05  1.30202637e-05
 39.2736  0.000530939272  6.50972472e-05  1.936141e-05
 39.3048  0.000589482564  5.69619176e-05  1.63370478e-05
 39.336  0.000748004155  8.74021288e-05  2.14384865e-05
 39.3672  0.000732500206  0.00011835256  2.41643666e-05
 39.3985  0.000735357147  0.000142794456  2.38011078e-05
 39.4297  0.000608205422  9.08966381e-05  2.1113137e-05
 39.4609  0.000651612773  8.61425798e-05  2.70435629e-05
 39.4921  0.0005749528  7.02220415e-05  2.08239121e-05
 39.5233  0.000515847518  7.36644349e-05  2.09469754e-05
 39.5545  0.000555537331  9.77325976e-05  2.201319e-05
 39.5857  0.000565932408  0.000109904181  2.0426853e-05
 39.6169  0.000643734517  0.000157721426  2.52568569e-05
 39.6482  0.000433653446  5.80440316e-05  1.7890598e-05
 39.6794  0.000432306569  5.74256364e-05  2.31197873e-05
 39.7106  0.000453080803  7.99042881e-05  3.70634613e-05
 39.7418  0.000470501549  8.26524175e-05  4.83570518e-05
 39.773  0.000512809613  5.57853549e-05  5.00042928e-05
 39.8042  0.000662751074  7.79451459e-05  5.64426996e-05
 39.8354  0.00077094755  0.000125361562  6.2638424e-05
 39.8666  0.00060620672  0.000123324558  3.50284659e-05
 39.8978  0.000578100326  0.000106392811  2.68917656e-05
 39.9291  0.000618582902  9.37480075e-05  3.01385449e-05
 39.9603  0.000718096841  0.000130592023  4.1594494e-05
 39.9915  0.000796936581  0.000143274134  5.51944966e-05
 40.0227  0.000790841626  0.000176315084  4.41316192e-05
 40.0539  0.00103648363  0.000243917666  4.57057476e-05
 40.0851  0.00116993045  0.000232258049  4.66975474e-05
 40.1163  0.00134897898  0.000199633839  4.08935945e-05
 40.1475  0.00152123189  0.000190519046  4.00359157e-05
 40.1788  0.00152001429  0.00016952511  5.05400758e-05
 40.21  0.00154831401  0.000204158605  7.12775264e-05
 40.2412  0.00244126971  0.000510775305  9.96664497e-05
 40.2724  0.00402767301  0.00112685024  0.000128578501
 40.3036  0.00586560262  0.00235391567  0.000169333384
 40.3348  0.00739085651  0.00435042734  0.000224867519
 40.366  0.0071290303  0.00314403229  0.00022532879
 40.3972  0.00785332707  0.00359153631  0.000274299424
 40.4285  0.00864302215  0.00544842193  0.000335888507
 40.4597  0.0130463976  0.0112095137  0.000625533756
 40.4909  0.0145469996  0.0122891112  0.000774914303
 40.5221  0.0118421491  0.011297195  0.000837200618
 40.5533  0.0118088243  0.00640171878  0.000751349398
 40.5845  0.014062695  0.00525035208  0.000644463891
 40.6157  0.0126479446  0.00289476872  0.000593070484
 40.6469  0.0146763454  0.00367172516  0.000690831702
 40.6781  0.00985317225  0.00181920623  0.000382725562
 40.7094  0.00579170771  0.000648532957  0.000157172401
 40.7406  0.00510033082  0.000421755667  9.47797815e-05
 40.7718  0.00381683002  0.000327429753  0.000164141252
 40.803  0.00263606104  0.000199320529  0.00015290139
 40.8342  0.00184911683  0.000111606348  0.000136932166
 40.8654  0.00169026949  8.61947048e-05  0.000121337702
 40.8966  0.00182251482  0.000108102634  0.000137933305
 40.9278  0.00224057603  0.000179120817  0.000123300023
 40.9591  0.00229612929  0.000192722905  0.000122638286
 40.9903  0.00249857441  0.000173134369  8.45778298e-05
 41.0215  0.00261620774  0.000173191847  0.000104151462
 41.0527  0.00244662162  0.000128903419  7.92133379e-05
 41.0839  0.00243833749  0.000142903134  7.82573792e-05
 41.1151  0.00378876863  0.000245620514  0.000112817845
 41.1463  0.00499188609  0.000396781985  0.000137877024
 41.1775  0.00602980882  0.000519082283  0.000157164913
 41.2088  0.00730187162  0.000596111149  0.000101705109
 41.24  0.00857059422  0.000717587282  0.000110432676
 41.2712  0.00908799054  0.000753128387  0.00011276155
 41.3024  0.00757530718  0.000774554618  0.000124234279
 41.3336  0.0076616157  0.000685483139  0.000101547448
 41.3648  0.00783355135  0.000659006313  8.17855674e-05
 41.396  0.00660067991  0.000561935833  6.54802413e-05
 41.4272  0.00445765722  0.000425257146  4.49813178e-05
 41.4584  0.00423516764  0.000316492109  4.68070803e-05
 41.4897  0.00716803526  0.000768581026  8.18859657e-05
 41.5209  0.00834900499  0.000831199367  9.91223602e-05
 41.5521  0.00790852455  0.000746218157  0.000101030609
 41.5833  0.00774657043  0.000664746421  9.58916377e-05
 41.6145  0.00886827936  0.000692545844  9.75764832e-05
 41.6457  0.0100251426  0.000966204743  0.000103903041
 41.6769  0.00932201981  0.00109210465  0.000113017927
 41.7081  0.00824801692  0.000977833051  0.000136708473
 41.7394  0.00779802092  0.000848220828  0.000143909496
 41.7706  0.0101171863  0.00121095071  0.000157795035
 41.8018  0.0178292169  0.00258440094  0.000288975396
 41.833  0.028181612  0.00466840403  0.000339924341
 41.8642  0.0340916787  0.006228121  0.000394028453
 41.8954  0.0298389288  0.00667114212  0.000379650511
 41.9266  0.0237934575  0.00596388036  0.000299031578
 41.9578  0.0209838765  0.00495160156  0.000255796252
 41.9891  0.0210680509  0.00415093396  0.00023656589
 42.0203  0.0182162189  0.00381765792  0.000203103948
 42.0515  0.0153892314  0.00366375583  0.000184046158
 42.0827  0.0141350113  0.00308783117  0.000167750455
 42.1139  0.0149565059  0.00240946392  0.000158324999
 42.1451  0.0188671933  0.00236175274  0.000167222666
 42.1763  0.0248186233  0.00309084659  0.000180916213
 42.2075  0.0196345498  0.00282678903  0.000170048592
 42.2387  0.0130298989  0.00257251976  0.000142029666
 42.27  0.00971973453  0.00196180035  0.00011356053
 42.3012  0.00881313538  0.00178277686  0.000103037558
 42.3324  0.00858508055  0.00196943673  0.000103489009
 42.3636  0.00887340357  0.00188965515  9.95115944e-05
 42.3948  0.00977016669  0.0015347911  9.85301464e-05
 42.426  0.00932351633  0.00163485029  0.000107436021
 42.4572  0.00920632036  0.00212989873  0.000112418576
 42.4884  0.00895994553  0.00208890869  0.000115350448
 42.5197  0.00781849499  0.00141033982  0.000114678864
 42.5509  0.00707336274  0.00164704316  0.000127288177
 42.5821  0.00825314425  0.00174539186  0.000129745501
 42.6133  0.00988878389  0.00179255775  0.000145753509
 42.6445  0.0101375778  0.00196675277  0.000153741495
 42.6757  0.0098914146  0.00209884283  0.000162109821
 42.7069  0.0105902548  0.0022002257  0.000173575519
 42.7381  0.0136091844  0.0034065117  0.000211564058
 42.7694  0.0184127515  0.00417657649  0.000276321102
 42.8006  0.0230797677  0.00680179534  0.000367008153
 42.8318  0.0255406565  0.00712282656  0.000376531936
 42.863  0.0246340487  0.00608175382  0.000360047359
 42.8942  0.023854674  0.00721244582  0.000430952493
 42.9254  0.0229329799  0.00668382082  0.000476405244
 42.9566  0.0218451576  0.00673936795  0.000485953729
 42.9878  0.034619267  0.0158869029  0.00111537714
 43.019  0.0564566609  0.0311240231  0.00170800919
 43.0503  0.0683101862  0.0364853267  0.00178926268
 43.0815  0.0707397516  0.0494974547  0.0032664086
 43.1127  0.0777379713  0.0806486048  0.00759800532
 43.1439  0.0907575654  0.256497036  0.0231836214
 43.1751  0.175211314  0.174411445  0.0245069176
 43.2063  nan  nan  nan
 43.2375  nan  nan  nan
 43.2687  nan  nan  nan
 43.3  0.0108589903  0.0314714448  0.0106545494
 43.3312  0.00274561045  0.0107994966  0.00699710489
 43.3624  nan  nan  nan
 43.3936  nan  nan  nan
 43.4248  nan  nan  nan
 43.456  0.00222466905  0.00133051851  0.00101760603
 43.4872  0.00142523313  0.000399645189  0.000375018443
 43.5184  0.0018459218  0.00068361553  0.000530346589
 43.5497  0.00161139555  0.000365783965  0.000280046731
 43.5809  0.00164865309  0.00031268212  0.000229591086
 43.6121  0.00170112701  0.000335689477  0.000240537368
 43.6433  0.00168669308  0.000345975503  0.000221250948
 43.6745  0.00186955298  0.000648376093  0.000207689131
 43.7057  0.00197079333  0.000817403622  0.000684975541
 43.7369  0.00220407725  0.0011637035  0.00110038349
 43.7681  0.00244076045  0.00155043354  0.00143433947
 43.7993  0.00252303969  0.0018581053  0.00161339776
 43.8306  0.00246510191  0.00244789831  0.00222346412
 43.8618  0.00184258981  0.000759236365  0.000698688034
 43.893  0.00187925214  0.00176775135  0.00171331181
 43.9242  0.00306522265  0.00522322789  0.00513477605
 43.9554  0.00369743684  0.00687669939  0.00696764598
 43.9866  0.00297867551  0.0025436115  0.00279985433
 44.0178  0.00675027914  0.0100649536  0.0116340887
 44.049  0.00516911832  0.00586546337  0.00718171354
 44.0803  0.0037299713  0.00297997223  0.00323733177
 44.1115  0.00393477956  0.00295547574  0.00230803818
 44.1427  0.00472778942  0.00377564318  0.00267130223
 44.1739  0.00533802952  0.00387880622  0.00264474269
 44.2051  0.00566925709  0.00326999423  0.00227229686
 44.2363  0.00546635275  0.00288744134  0.00217201987
 44.2675  0.00793021775  0.00338116259  0.00622622911
 44.2987  0.00906380713  0.00426067745  0.00817043897
 44.33  0.00904353094  0.00534437049  0.00883869321
 44.3612  0.008747274  0.00647085406  0.0095519064
 44.3924  0.00859485907  0.00750417422  0.0100267368
 44.4236  0.0092827474  0.00916155519  0.0110676579
 44.4548  0.0136266798  0.0195030978  0.0256276973
 44.486  0.0146312149  0.0211984591  0.0267773928
 44.5172  0.0159490889  0.0220126807  0.0275624667
 44.5484  0.0161179524  0.0194800454  0.0268427429
 44.5796  0.0117260412  0.00627111602  0.0106215455
 44.6109  0.0127459612  0.0050888976  0.011153423
 44.6421  0.0142810791  0.0130419044  0.00928432351
 44.6733  0.0172913982  0.0167293354  0.0124735459
 44.7045  0.0216822549  0.022461323  0.0180290959
 44.7357  0.027060041  0.0360064502  0.0225487957
 44.7669  0.0256519583  0.0400567672  0.0190655728
 44.7981  0.0280947021  0.0236102935  0.0186476998
 44.8293  0.031205778  0.0265143095  0.0195092405
 44.8606  0.057203132  0.0389236497  0.0235108304
 44.8918  0.0930168557  0.0552418608  0.0179076569
 44.923  0.11224021  0.0716193416  0.0111810516
 44.9542  0.108296154  0.0847471073  0.00614195995
 44.9854  0.0969052821  0.0774638807  0.00405004725
 45.0166  0.0771011037  0.06226964  0.00272499298
 45.0478  0.0670652982  0.046102573  0.00203978946
 45.079  0.0610646519  0.0342977471  0.00163767364
 45.1103  0.0506744305  0.0265497671  0.00124041174
 45.1415  0.0389070224  0.0176093579  0.000974410457
 45.1727  0.0358387916  0.0146893887  0.00116588353
 45.2039  0.0327001256  0.012141059  0.00109524572
 45.2351  0.0313917381  0.0109902532  0.000825049879
 45.2663  0.028031052  0.00867638469  0.000775432684
 45.2975  0.0229056018  0.00672191201  0.000748916107
 45.3287  0.0306996044  0.00781518172  0.00125859277
 45.3599  0.0308273716  0.00895274721  0.00210817332
 45.3912  0.0307221894  0.0101314153  0.00339592093
 45.4224  nan  nan  nan
 45.4536  nan  nan  nan
