# X (m) TKE_avg epsilon_turb_pw_avg_Y_avg epsilon_pw_avg_Y_avg
 33.031  0.000158770859  0.0559360166  0.00581908164
 33.062  0.000134585323  0.00302020075  0.000437583608
 33.093  0.000170220042  0.000560015189  9.16192677e-05
 33.124  0.000177912688  9.56263169e-06  1.66920222e-05
 33.1551  0.000168606237  1.63235749e-05  2.60166897e-05
 33.1861  0.000258078135  4.57006601e-05  6.0732713e-05
 33.2171  0.000302863692  6.12075649e-05  6.26259703e-05
 33.2481  0.00032953197  3.43340176e-05  5.5632594e-05
 33.2791  0.000303473029  1.66414267e-05  4.46686296e-05
 33.3101  0.000279509283  1.87355619e-05  3.89758046e-05
 33.3411  0.000244873365  2.41407284e-05  3.30008847e-05
 33.3721  0.000198459773  2.52749584e-05  3.03505607e-05
 33.4031  0.000185912404  1.73672274e-05  3.2422673e-05
 33.4342  0.00018624673  1.28583682e-05  3.76778221e-05
 33.4652  0.00015269388  8.53156425e-06  3.21246791e-05
 33.4962  0.000167581626  8.32791725e-06  3.48843312e-05
 33.5272  0.000136217469  9.70211662e-06  3.68443288e-05
 33.5582  0.000160884104  1.33971691e-05  2.99982424e-05
 33.5892  0.000139376007  1.17993271e-05  1.91171356e-05
 33.6202  0.000108104871  1.01050439e-05  1.26439919e-05
 33.6512  0.000100454546  8.91036479e-06  9.7689997e-06
 33.6822  0.000107474791  8.24702568e-06  8.76073626e-06
 33.7133  0.00012047067  7.10055157e-06  7.05897504e-06
 33.7443  0.00012675523  7.03687042e-06  6.30705003e-06
 33.7753  0.00012918933  7.74238088e-06  5.66814691e-06
 33.8063  0.000135152674  9.13209409e-06  5.72766618e-06
 33.8373  0.000127896504  8.02547873e-06  5.22693585e-06
 33.8683  0.000125085746  6.96892354e-06  5.18619949e-06
 33.8993  0.000134028917  6.51933648e-06  4.30080967e-06
 33.9303  0.0001359488  6.93979483e-06  6.12286983e-06
 33.9613  0.000133324605  6.55967372e-06  5.50558201e-06
 33.9924  0.00013111775  6.7344741e-06  6.28735809e-06
 34.0234  0.000131149442  5.6361474e-06  5.40630433e-06
 34.0544  0.000127984226  4.7241863e-06  4.96814778e-06
 34.0854  0.000129738014  5.09168357e-06  5.76645138e-06
 34.1164  0.000129501083  4.13508645e-06  3.85214475e-06
 34.1474  0.000122308309  6.67320027e-06  6.85382122e-06
 34.1784  0.000117319203  5.71313854e-06  6.26665879e-06
 34.2094  0.000110426941  3.31389489e-06  4.86596047e-06
 34.2405  0.00011307198  5.16998728e-06  8.32790984e-06
 34.2715  0.000119699677  4.55138043e-06  6.68196196e-06
 34.3025  0.000129770261  5.56852834e-06  5.10983118e-06
 34.3335  0.00013548643  7.77345567e-06  7.15578146e-06
 34.3645  0.000146081044  6.27664994e-06  5.65658029e-06
 34.3955  0.000130489387  4.85538622e-06  5.76004506e-06
 34.4265  0.000118543888  3.4084538e-06  4.34158346e-06
 34.4575  0.00011060397  6.47823989e-06  6.17052823e-06
 34.4885  0.000100930097  6.65851217e-06  6.36058938e-06
 34.5196  0.00010199764  8.52471417e-06  6.57565906e-06
 34.5506  9.60826257e-05  8.90106684e-06  6.75068522e-06
 34.5816  8.68506199e-05  3.37827265e-06  4.70139051e-06
 34.6126  8.14106976e-05  4.46115572e-06  3.82387841e-06
 34.6436  8.44563308e-05  6.44215746e-06  8.03775108e-06
 34.6746  8.69750909e-05  6.08900297e-06  6.93493922e-06
 34.7056  7.57803174e-05  5.95171026e-06  6.16507426e-06
 34.7366  6.86096717e-05  5.13154118e-06  3.42418187e-06
 34.7676  6.64890701e-05  2.79249e-06  3.79332226e-06
 34.7987  7.45691546e-05  3.92868208e-06  5.04438256e-06
 34.8297  8.25986646e-05  5.88915537e-06  6.24225598e-06
 34.8607  8.24367576e-05  7.31487582e-06  6.37779548e-06
 34.8917  7.52319583e-05  4.48042988e-06  3.74170301e-06
 34.9227  8.47518452e-05  3.05012186e-06  3.76059734e-06
 34.9537  9.00335709e-05  4.7539716e-06  4.18494449e-06
 34.9847  8.93685665e-05  3.01103085e-06  3.16731631e-06
 35.0157  8.89385746e-05  3.9488123e-06  3.89652017e-06
 35.0467  7.67599088e-05  3.06061788e-06  3.92781824e-06
 35.0778  7.36503069e-05  2.47069562e-06  3.0166141e-06
 35.1088  7.28166477e-05  2.26913191e-06  2.70966622e-06
 35.1398  7.326464e-05  1.75966731e-06  2.91642783e-06
 35.1708  7.40322745e-05  1.4631716e-06  3.86873975e-06
 35.2018  7.28699954e-05  1.97112499e-06  5.2765562e-06
 35.2328  7.01031763e-05  1.87193854e-06  4.70215601e-06
 35.2638  6.72786463e-05  1.61929671e-06  3.90501536e-06
 35.2948  6.90087329e-05  2.00336837e-06  5.69783552e-06
 35.3258  6.89887728e-05  1.49034343e-06  5.32183502e-06
 35.3569  8.01773163e-05  2.02949176e-06  6.58782333e-06
 35.3879  8.47906154e-05  3.08483248e-06  9.1889832e-06
 35.4189  8.32708611e-05  2.47656e-06  7.16397376e-06
 35.4499  8.91875694e-05  1.80871394e-06  5.63499392e-06
 35.4809  9.90929882e-05  1.83594269e-06  6.4297006e-06
 35.5119  0.000107846079  3.97833402e-06  1.32828073e-05
 35.5429  0.00012003917  5.46111752e-06  1.51556361e-05
 35.5739  0.000108763504  6.32448126e-06  1.45843303e-05
 35.6049  0.000103510288  5.4405491e-06  1.23192872e-05
 35.636  0.000121252765  5.16141491e-06  1.41445399e-05
 35.667  0.000121054419  5.13538469e-06  1.53003636e-05
 35.698  0.000128895878  3.72482087e-06  1.19109698e-05
 35.729  0.000154945169  6.2719291e-06  1.78145123e-05
 35.76  0.000139098586  7.28424712e-06  1.94774863e-05
 35.791  0.000161897902  6.09382009e-06  2.01743662e-05
 35.822  0.000152951627  1.12060474e-05  2.52434592e-05
 35.853  0.000153237038  6.12540862e-06  1.8763094e-05
 35.884  0.000168367518  7.0332324e-06  2.05539369e-05
 35.9151  0.00016288165  8.95371155e-06  2.43579839e-05
 35.9461  0.000169800343  7.02207038e-06  2.47268008e-05
 35.9771  0.000188219761  4.96639827e-06  2.40946688e-05
 36.0081  0.000186087632  5.84581528e-06  2.41058925e-05
 36.0391  0.000202031369  1.0707469e-05  2.96011355e-05
 36.0701  0.000212687927  8.64773523e-06  2.40223048e-05
 36.1011  0.000233234866  9.35151237e-06  2.33948267e-05
 36.1321  0.000249007416  9.32721367e-06  1.75402792e-05
 36.1631  0.000216045983  9.99548367e-06  1.34915764e-05
 36.1942  0.000195531637  8.7069425e-06  1.19271158e-05
 36.2252  0.000187239056  1.1397359e-05  1.38987345e-05
 36.2562  0.000175081608  1.18004897e-05  1.38459793e-05
 36.2872  0.000180381867  1.27489749e-05  1.64571469e-05
 36.3182  0.000210179633  1.19805872e-05  1.54941139e-05
 36.3492  0.000240511138  1.21316472e-05  1.38934747e-05
 36.3802  0.000288105979  1.60221475e-05  1.57029503e-05
 36.4112  0.000304380765  2.0610605e-05  1.57936233e-05
 36.4422  0.000255171731  1.84454876e-05  1.58609454e-05
 36.4733  0.000219172242  1.58247617e-05  1.50903782e-05
 36.5043  0.000215094263  1.54130759e-05  1.53650302e-05
 36.5353  0.000216604066  1.55137009e-05  1.52871899e-05
 36.5663  0.000293787058  1.83781097e-05  2.05578848e-05
 36.5973  0.000340886694  3.17803137e-05  2.27018632e-05
 36.6283  0.000312771505  3.44179148e-05  1.97396323e-05
 36.6593  0.000307536063  3.10754064e-05  1.77343383e-05
 36.6903  0.000189312895  1.8726854e-05  1.19764374e-05
 36.7214  0.000137755164  1.70286572e-05  8.70099528e-06
 36.7524  0.000128158231  2.23659768e-05  8.53892948e-06
 36.7834  0.000109746651  1.3426424e-05  6.0675534e-06
 36.8144  9.10370119e-05  7.11787964e-06  4.33618685e-06
 36.8454  8.83393329e-05  6.63528808e-06  4.84255419e-06
 36.8764  9.17225811e-05  7.30202573e-06  5.89156705e-06
 36.9074  0.000102204474  8.53082682e-06  7.30240886e-06
 36.9384  0.000107164357  1.75673496e-05  1.15294803e-05
 36.9694  0.000108975701  1.27199402e-05  9.19295248e-06
 37.0005  0.000109376786  1.55284219e-05  1.40093838e-05
 37.0315  0.00011191838  2.04405831e-05  1.3784785e-05
 37.0625  0.000112919276  2.04609498e-05  1.49875869e-05
 37.0935  0.000104794184  1.77664516e-05  1.03112116e-05
 37.1245  0.000116652847  1.74311937e-05  1.79569393e-05
 37.1555  0.000147393335  2.78020451e-05  2.57883316e-05
 37.1865  0.000116477256  2.08945689e-05  1.86729472e-05
 37.2175  0.000107776298  2.77091577e-05  2.53959559e-05
 37.2485  0.000107183318  1.51334389e-05  1.35162116e-05
 37.2796  0.00011519493  1.44184644e-05  1.53840704e-05
 37.3106  9.54942974e-05  1.82203603e-05  2.36811391e-05
 37.3416  9.16421743e-05  1.01496459e-05  1.33930465e-05
 37.3726  9.62920037e-05  1.23933122e-05  1.70534753e-05
 37.4036  0.00010514055  1.10918083e-05  1.77307367e-05
 37.4346  0.000108811217  1.40310955e-05  2.19305364e-05
 37.4656  0.000134936166  1.27442482e-05  2.29838622e-05
 37.4966  0.000129299231  1.35828987e-05  2.44978859e-05
 37.5276  0.000132537631  1.51585679e-05  2.42001472e-05
 37.5587  0.000148666542  1.50698522e-05  2.20633273e-05
 37.5897  0.000179546891  1.79217226e-05  2.91317428e-05
 37.6207  0.000174365684  1.82894107e-05  3.10441366e-05
 37.6517  0.000217407174  2.39924528e-05  2.69508552e-05
 37.6827  0.000255463428  2.34545124e-05  2.86901638e-05
 37.7137  0.000275141295  1.95500511e-05  3.23058501e-05
 37.7447  0.00034836034  3.04443359e-05  4.61861008e-05
 37.7757  0.000401429373  2.24316307e-05  3.31852367e-05
 37.8067  0.00029387451  1.70327816e-05  1.93198987e-05
 37.8378  0.000318138568  1.52969349e-05  1.59378009e-05
 37.8688  0.000346947751  1.55543482e-05  1.66171654e-05
 37.8998  0.000355898375  1.34703052e-05  1.38421816e-05
 37.9308  0.00030434627  1.39675279e-05  1.56711257e-05
 37.9618  0.000236799493  1.47350915e-05  1.06053671e-05
 37.9928  0.00017431378  7.87681921e-06  1.20313516e-05
 38.0238  0.000140282831  5.34172867e-06  1.11096085e-05
 38.0548  0.000121582394  4.91910856e-06  1.01152873e-05
 38.0858  0.000124508442  4.87839025e-06  8.73612468e-06
 38.1169  0.000120314304  2.43696357e-06  8.61651588e-06
 38.1479  0.000119797021  2.02829393e-06  9.44487124e-06
 38.1789  0.000109588049  1.51694737e-06  7.4911983e-06
 38.2099  0.000107319656  2.56357418e-06  1.1411077e-05
 38.2409  0.000107899485  2.2272594e-06  1.05304588e-05
 38.2719  0.000110130037  4.07121046e-06  1.45986924e-05
 38.3029  0.000118383724  5.25469147e-06  1.45152224e-05
 38.3339  0.000105433469  4.85019723e-06  1.62867522e-05
 38.3649  0.000114367091  5.53997882e-06  1.27927863e-05
 38.396  0.000114627692  7.52708947e-06  1.60306516e-05
 38.427  0.000123648127  7.34854486e-06  1.93572819e-05
 38.458  0.000119443868  5.28916308e-06  2.04443501e-05
 38.489  0.000138313281  6.11031401e-06  2.59219028e-05
 38.52  0.000129107239  5.1829467e-06  2.03229692e-05
 38.551  0.000150287542  9.19219363e-06  3.07286121e-05
 38.582  0.000140920881  1.05214465e-05  3.40892317e-05
 38.613  0.000167407698  6.81673802e-06  3.16215034e-05
 38.644  0.000190235299  1.10513803e-05  3.88369354e-05
 38.6751  0.000168339476  1.47594777e-05  4.4539236e-05
 38.7061  0.000182783921  8.42444789e-06  3.42154144e-05
 38.7371  0.000214526728  1.28037844e-05  3.25875286e-05
 38.7681  0.000282696441  1.86596707e-05  3.21857075e-05
 38.7991  0.000355429639  2.25244441e-05  3.03496811e-05
 38.8301  0.000383705358  2.36321561e-05  2.52314449e-05
 38.8611  0.000354284493  2.14012436e-05  1.78000969e-05
 38.8921  0.000289571748  3.02057694e-05  1.39664766e-05
 38.9232  0.000258594317  3.1034371e-05  1.29778035e-05
 38.9542  0.000188576215  2.37369537e-05  9.72287403e-06
 38.9852  0.00016052186  2.28947721e-05  9.66143144e-06
 39.0162  0.00012499713  1.2882535e-05  6.86323291e-06
 39.0472  0.00012431514  7.0644087e-06  4.47610946e-06
 39.0782  0.000124940745  5.50332066e-06  3.72419237e-06
 39.1092  0.000140835078  6.49424256e-06  3.71911367e-06
 39.1402  0.000147377111  8.11550003e-06  4.97282276e-06
 39.1712  0.000160875603  7.74884404e-06  3.2261251e-06
 39.2023  0.000166429119  5.74529047e-06  3.38423779e-06
 39.2333  0.000228879902  1.80576193e-05  4.11865376e-06
 39.2643  0.000292631963  1.80903855e-05  5.13765546e-06
 39.2953  0.000260724153  1.74131463e-05  4.77368141e-06
 39.3263  0.00025420022  2.10999913e-05  5.27946895e-06
 39.3573  0.000258489858  2.16873467e-05  6.5152622e-06
 39.3883  0.00023897584  1.71740868e-05  6.23639107e-06
 39.4193  0.000240797415  1.3302995e-05  6.29274055e-06
 39.4503  0.000258491457  1.98758167e-05  7.68490374e-06
 39.4814  0.000278103543  3.9853537e-05  8.93960516e-06
 39.5124  0.000295578962  4.93634175e-05  8.78528479e-06
 39.5434  0.000297032508  2.42734732e-05  8.40706836e-06
 39.5744  0.000306497432  2.1489872e-05  7.83651937e-06
 39.6054  0.000328189325  2.88725924e-05  9.00239587e-06
 39.6364  0.000362450127  3.16505586e-05  1.24139116e-05
 39.6674  0.000385116788  3.20337947e-05  1.69346889e-05
 39.6984  0.00039083463  3.34399602e-05  2.16206889e-05
 39.7294  0.0004516314  3.57160794e-05  3.56113292e-05
 39.7605  0.000511737334  3.8934259e-05  4.6984643e-05
 39.7915  0.000451929348  3.4355745e-05  4.4613459e-05
 39.8225  0.000461494054  5.33010153e-05  5.98554662e-05
 39.8535  0.000462859513  7.23232825e-05  6.51369793e-05
 39.8845  0.000469001288  8.08118209e-05  5.73620754e-05
 39.9155  0.000434716149  3.78471246e-05  4.72425174e-05
 39.9465  0.000425357902  5.07596144e-05  6.36061086e-05
 39.9775  0.00042110302  6.01914371e-05  5.88037058e-05
 40.0085  0.000506190826  7.05054296e-05  5.82377666e-05
 40.0396  0.000498616297  7.21837298e-05  5.59770457e-05
 40.0706  0.000499946253  7.45600406e-05  3.34822147e-05
 40.1016  0.000464319467  4.51421998e-05  5.55961947e-05
 40.1326  0.000538582722  1.57156195e-05  4.10103344e-05
 40.1636  0.000705012803  1.60288e-05  4.85478021e-05
 40.1946  0.000879537941  1.83631159e-05  4.81578331e-05
 40.2256  0.001035996  2.29929425e-05  4.37503258e-05
 40.2566  0.00111335749  2.65408332e-05  3.16012233e-05
 40.2876  0.00117986427  4.30927369e-05  3.21461794e-05
 40.3187  0.00108821137  6.62487574e-05  6.68037649e-05
 40.3497  0.000961170505  5.8295926e-05  6.77756824e-05
 40.3807  0.000856206782  6.47245894e-05  5.72614842e-05
 40.4117  0.00103574816  0.000109392993  5.90597884e-05
 40.4427  0.00135759186  9.90797374e-05  3.85578507e-05
 40.4737  0.00161370453  9.91043577e-05  3.48449966e-05
 40.5047  0.00224422747  9.50343174e-05  3.58825293e-05
 40.5357  0.00319091913  0.000153680942  4.58436625e-05
 40.5667  0.00396964361  0.000239758965  6.01712334e-05
 40.5978  0.00387291828  0.000264346923  6.48654755e-05
 40.6288  0.00347662896  0.000203671771  6.0378435e-05
 40.6598  0.00352936901  0.000190435658  4.72955228e-05
 40.6908  0.00317624307  0.00017195785  5.42176086e-05
 40.7218  0.0027021162  0.000123900148  5.3943196e-05
 40.7528  0.00264800276  0.000106213454  4.87873527e-05
 40.7838  0.0032634882  0.00014874721  4.47178697e-05
 40.8148  0.00408309739  0.000285591732  5.25024794e-05
 40.8458  0.00404068221  0.00027645358  7.10216032e-05
 40.8769  0.00388653355  0.000236318139  7.34746419e-05
 40.9079  0.00416661802  0.000223644436  6.41125761e-05
 40.9389  0.0049376988  0.000270661593  7.94716037e-05
 40.9699  0.00512224048  0.000367671008  7.24620918e-05
 41.0009  0.00602474147  0.000503039475  9.6473655e-05
 41.0319  0.00639878265  0.000501915395  0.000101921382
 41.0629  0.00571285058  0.000425827495  9.17216151e-05
 41.0939  0.00499835925  0.000356022916  8.11999629e-05
 41.125  0.00526762252  0.000344337006  8.40408935e-05
 41.156  0.0049027719  0.000333933612  8.83724702e-05
 41.187  0.00381102202  0.000249803984  0.000101165858
 41.218  0.00312003874  0.000144739141  6.32367633e-05
 41.249  0.00298510593  0.000135574611  4.73432471e-05
 41.28  0.00352950869  0.000214025014  7.49452209e-05
 41.311  0.00465590537  0.000304225552  0.000131056794
 41.342  0.00532240971  0.000409353552  0.000212019021
 41.373  0.00621732559  0.000440040999  0.000189817044
 41.4041  0.0061754089  0.000368321474  0.000127516233
 41.4351  0.0060034098  0.000397355823  0.000120846199
 41.4661  0.00636678818  0.00051797972  0.000191995565
 41.4971  0.00748126925  0.000531853044  0.000205715241
 41.5281  0.0100364411  0.000640085887  0.000177634685
 41.5591  0.0131473585  0.000775960919  0.000150100825
 41.5901  0.0169194737  0.00113325608  0.000170316237
 41.6211  0.0208918233  0.00180362749  0.000215744492
 41.6521  0.0250949452  0.00278570585  0.000306673967
 41.6832  0.0303033412  0.00381415734  0.000383630533
 41.7142  0.032578242  0.00432797689  0.000374510161
 41.7452  0.0332865755  0.00392060351  0.000319924262
 41.7762  0.0343812062  0.00443124835  0.000359373326
 41.8072  0.0368158201  0.00578966689  0.000487875002
 41.8382  0.0400639472  0.0065375426  0.00040345946
 41.8692  0.0348239222  0.00669672612  0.000413300091
 41.9002  0.030881062  0.00601210884  0.000365610826
 41.9312  0.0255018543  0.00516378053  0.000310370092
 41.9623  0.0194901152  0.00419177043  0.000244118195
 41.9933  0.0151226172  0.00333106262  0.000216751461
 42.0243  0.0135962544  0.00299154856  0.000178528144
 42.0553  0.014453264  0.00302401842  0.00016554002
 42.0863  0.0142552225  0.00245060121  0.000159550093
 42.1173  0.0137123344  0.00266744214  0.000168000333
 42.1483  0.0147857995  0.00339498313  0.000190704517
 42.1793  0.0174582459  0.00353271439  0.000202436478
 42.2103  0.0200275688  0.0033951841  0.000196293979
 42.2414  0.0165276547  0.00278943988  0.000168367162
 42.2724  0.0128820148  0.00226516291  0.000147558124
 42.3034  0.0109553326  0.00211809712  0.00014248223
 42.3344  0.0108290363  0.00227064125  0.000148594289
 42.3654  0.0108152663  0.00186458003  0.000137297338
 42.3964  0.0116091073  0.00180147948  0.000135666291
 42.4274  0.00974001541  0.00153350997  0.000126606275
 42.4584  0.00872371854  0.00145667755  0.00012235307
 42.4894  0.00824939115  0.00144124956  0.000118603922
 42.5205  0.00763137603  0.001375786  0.000112300499
 42.5515  0.00579276471  0.00127921309  0.000103819032
 42.5825  0.00623756779  0.00126757663  0.000110739324
 42.6135  0.00727192106  0.00147868237  0.000122824728
 42.6445  0.00850486875  0.0015366929  0.000123158269
 42.6755  0.0104242315  0.00167495534  0.000147060292
 42.7065  0.013161766  0.00206960709  0.000186815017
 42.7375  0.0169764355  0.00305681615  0.000221644423
 42.7685  0.0198355485  0.00340847941  0.000268715672
 42.7996  0.0226451995  0.00539173011  0.000347850416
 42.8306  0.0226280267  0.00514337233  0.000339465121
 42.8616  0.0216099207  0.00418718997  0.000311210643
 42.8926  0.0244281756  0.00446742281  0.000351081296
 42.9236  0.0306109342  0.00544058802  0.000421993247
 42.9546  0.0384466846  0.00702740797  0.000426074513
 42.9856  0.0456642873  0.00824092021  0.000566192525
 43.0166  0.0478642975  0.00918484875  0.00059701588
 43.0476  0.047425382  0.0108601853  0.000558560035
 43.0787  0.0452309449  0.0147046759  0.000795935358
 43.1097  0.049411131  0.0163436049  0.00141400941
 43.1407  0.0541837422  0.0193917808  0.00125604565
 43.1717  0.0633724441  0.0262600259  0.00226786105
 43.2027  0.0780095404  0.0396962072  0.0030759143
 43.2337  0.104720594  0.0721023691  0.0050561891
 43.2647  0.125817359  0.0980705529  0.0100378419
 43.2957  0.152867589  0.24436936  0.0253424606
 43.3267  0.164156579  0.280877452  0.0580621153
 43.3578  0.159764327  0.204472819  0.0141890245
 43.3888  0.209795011  0.973882184  0.167405871
 43.4198  nan  nan  nan
 43.4508  nan  nan  nan
 43.4818  0.00878702831  0.0258208528  0.00535668127
 43.5128  0.00274390376  0.00223441545  0.00157696058
 43.5438  0.00241010455  0.00127131721  0.00100262941
 43.5748  0.00174766202  0.000444042403  0.000388866019
 43.6059  0.0010750657  0.000290812587  0.000274805141
 43.6369  0.00118305341  0.000380075086  0.000372206978
 43.6679  0.00121563061  0.000377549913  0.000374172485
 43.6989  0.0018142977  0.000714806797  0.000778434043
 43.7299  0.00160461942  0.00112415465  0.00113268661
 43.7609  0.00149247236  0.00179367596  0.00180503849
 43.7919  0.00172793057  0.00257043187  0.00253671963
 43.8229  0.00168480116  0.00258072138  0.00252406199
 43.8539  0.00226566768  0.00266236089  0.00238986758
 43.885  0.00259672196  0.00272743736  0.00240029596
 43.916  0.00218038904  0.00501508403  0.00495277276
 43.947  0.00271157898  0.00883489202  0.00873005815
 43.978  0.00305819913  0.00378406345  0.00323629804
 44.009  0.00916038787  0.0206627854  0.0181484041
 44.04  0.00806486812  0.0179243312  0.0156067444
 44.071  0.00455518097  0.00891310804  0.00798844298
 44.102  0.0019634028  0.00173247417  0.00172588446
 44.133  0.00240275196  0.00453538038  0.00244490491
 44.1641  0.00399132375  0.0181129489  0.00585870578
 44.1951  0.00728313519  0.0260968768  0.0130292796
 44.2261  0.0101084836  0.0272497184  0.0187948968
 44.2571  0.0177946201  0.030716842  0.023401827
 44.2881  0.0244207777  0.035998996  0.0260425684
 44.3191  0.0252774046  0.0400061079  0.0280481055
 44.3501  0.0259400221  0.0371959088  0.0305372857
 44.3811  0.0261432791  0.0380838506  0.0322783768
 44.4121  0.0271028137  0.0386148406  0.0331493962
 44.4432  0.0386650375  0.0736062108  0.0335226524
 44.4742  0.076496231  0.124413649  0.0243875423
 44.5052  0.0917156292  0.0684986946  0.00768531212
 44.5362  0.0536429724  0.0348093643  0.00427064468
 44.5672  0.0457108798  0.0222316492  0.00239631773
 44.5982  0.0418403837  0.0168340487  0.001201177
 44.6292  0.0357437558  0.0137032044  0.000961948553
 44.6602  0.0309966986  0.0114916221  0.000763813161
 44.6912  0.0261792843  0.00806756963  0.000672637382
 44.7223  0.0236264809  0.00628181605  0.000717306994
 44.7533  0.0219277346  0.00526339753  0.00079502536
 44.7843  0.0212422105  0.00498497549  0.000826866345
 44.8153  0.0190632721  0.00448843844  0.000732875062
 44.8463  0.0143051804  0.003244227  0.00049672491
 44.8773  0.0137936421  0.00272579292  0.000386509278
 44.9083  0.0107360534  0.00194250717  0.000324113167
 44.9393  0.00854893508  0.00124588861  0.000305072076
 44.9703  0.00795845166  0.000969411129  0.000327817406
 45.0014  0.00788656196  0.000918223877  0.000352422764
 45.0324  0.00769196496  0.00109898057  0.000356473067
 45.0634  0.00676227192  0.00154911869  0.000355392943
 45.0944  0.00572662149  0.00212623217  0.000276135769
 45.1254  0.00462306112  0.00157001595  0.00031972451
 45.1564  0.00431780726  0.000831366672  0.000272855182
 45.1874  0.00415447202  0.00037992899  0.000200216892
 45.2184  0.00405634913  0.000342628722  0.000143166975
 45.2494  0.00417822152  0.00034011238  0.000120771954
 45.2805  0.00394547745  0.000475975825  0.000127279317
 45.3115  0.0043441446  0.000649122334  0.000328558077
 45.3425  0.00567991694  0.000842570209  0.0008729184
 45.3735  nan  nan  nan
