# X (m) TKE_avg epsilon_turb_pw_avg_Y_avg epsilon_pw_avg_Y_avg
 33.0266  4.75051343e-05  0.417907823  0.00975921029
 33.0533  3.02652011e-05  1.20453525e-06  3.50969371e-06
 33.0799  3.28900124e-05  1.23475518e-06  3.27059277e-06
 33.1066  3.49081465e-05  1.13523505e-06  3.44304292e-06
 33.1332  3.18943658e-05  1.33115932e-06  2.95173813e-06
 33.1598  2.50162946e-05  1.36489111e-06  4.62965749e-06
 33.1865  2.96724086e-05  2.11736109e-06  8.88374014e-06
 33.2131  2.56693831e-05  1.32003743e-06  5.71679742e-06
 33.2398  2.71906267e-05  1.25655544e-06  5.57468365e-06
 33.2664  2.59225007e-05  2.03451296e-06  7.52587244e-06
 33.293  2.85939684e-05  4.55179946e-06  9.77403801e-06
 33.3197  2.65753371e-05  5.07839924e-06  9.15669424e-06
 33.3463  2.43693087e-05  1.03680591e-06  3.77586766e-06
 33.373  2.77500842e-05  9.48720112e-07  4.97362968e-06
 33.3996  2.56762016e-05  8.38421505e-07  4.24864949e-06
 33.4262  2.36839083e-05  7.39180089e-07  3.86170421e-06
 33.4529  2.22186926e-05  9.49179623e-07  4.26122098e-06
 33.4795  1.74249502e-05  8.71890551e-07  3.92756449e-06
 33.5062  1.57145319e-05  1.08134237e-06  3.68434192e-06
 33.5328  1.48202914e-05  1.59914994e-06  4.0434832e-06
 33.5594  1.42147442e-05  4.30706009e-07  3.64332748e-06
 33.5861  1.38851231e-05  4.18042444e-07  3.59630568e-06
 33.6127  1.39297658e-05  4.78542298e-07  3.72720701e-06
 33.6394  1.43421026e-05  3.95727417e-07  4.13802008e-06
 33.666  1.32530965e-05  4.06310269e-07  4.01614505e-06
 33.6926  1.42132099e-05  4.90968056e-07  3.76652822e-06
 33.7193  1.40220087e-05  3.82492741e-07  3.57098348e-06
 33.7459  1.61833089e-05  8.36848427e-07  4.7785914e-06
 33.7726  1.75789345e-05  6.07106784e-07  4.5254861e-06
 33.7992  1.7806841e-05  7.90159485e-07  4.85370554e-06
 33.8258  1.77424438e-05  8.55337708e-07  4.45451663e-06
 33.8525  1.74034534e-05  1.27388687e-06  5.75189017e-06
 33.8791  1.66043527e-05  9.76831234e-07  5.36125538e-06
 33.9058  1.74284849e-05  6.29797595e-07  4.93295134e-06
 33.9324  1.72088528e-05  1.16889384e-06  7.07895143e-06
 33.959  1.41319345e-05  1.58753793e-06  7.28861716e-06
 33.9857  1.53640867e-05  1.68930759e-06  7.23834781e-06
 34.0123  1.37952414e-05  1.85003597e-06  8.5660974e-06
 34.039  1.39553059e-05  1.40805425e-06  7.32189396e-06
 34.0656  1.50476809e-05  2.5114346e-06  1.06831855e-05
 34.0922  1.35381904e-05  2.37584074e-06  9.81999728e-06
 34.1189  1.37054308e-05  1.02353973e-06  5.99716323e-06
 34.1455  1.48071314e-05  4.73264611e-06  1.16357817e-05
 34.1722  1.32191148e-05  3.52224173e-06  9.31192147e-06
 34.1988  1.36470074e-05  4.45214166e-06  1.32383744e-05
 34.2254  1.45939391e-05  1.77356129e-06  1.02097361e-05
 34.2521  1.59935067e-05  3.09049194e-06  1.52872036e-05
 34.2787  1.63998217e-05  3.83036073e-06  1.45889338e-05
 34.3054  1.58525548e-05  4.6269056e-06  1.6717813e-05
 34.332  1.68763136e-05  5.19331622e-06  1.57281032e-05
 34.3586  2.5589969e-05  4.19340593e-06  1.5550793e-05
 34.3853  2.26817678e-05  5.02358426e-06  2.00835045e-05
 34.4119  2.10686129e-05  2.06365652e-06  1.36823083e-05
 34.4386  3.23255376e-05  5.9786517e-06  2.11262184e-05
 34.4652  2.90717669e-05  7.25363956e-06  2.06142801e-05
 34.4918  2.97818815e-05  7.01237515e-06  2.06127722e-05
 34.5185  4.10006344e-05  6.31654314e-06  2.36555905e-05
 34.5451  3.59815901e-05  1.22871972e-05  3.12750271e-05
 34.5718  4.87165265e-05  3.34186005e-06  2.32851259e-05
 34.5984  5.88545409e-05  6.14509394e-06  3.12430519e-05
 34.625  4.89650627e-05  8.80938815e-06  3.52755226e-05
 34.6517  6.03401885e-05  1.06712074e-05  4.48288699e-05
 34.6783  6.14001493e-05  5.46776944e-06  3.84865553e-05
 34.705  7.10519607e-05  7.85073366e-06  4.72014359e-05
 34.7316  9.16171618e-05  7.57502945e-06  5.03922004e-05
 34.7582  0.000109137324  1.03727787e-05  6.43636841e-05
 34.7849  0.000118456843  8.07115767e-06  6.39974943e-05
 34.8115  0.000130750461  6.89061223e-06  6.53432244e-05
 34.8382  0.000136058672  1.17222494e-05  7.61662809e-05
 34.8648  0.000133926163  7.74006452e-06  7.41814908e-05
 34.8914  0.000123489586  7.44218781e-06  7.33931076e-05
 34.9181  0.000116007583  5.81113049e-06  6.75764669e-05
 34.9447  0.000109802808  5.49219275e-06  6.1714098e-05
 34.9714  0.000150432746  8.3162574e-06  7.38858819e-05
 34.998  0.000126720586  8.16696512e-06  6.61739711e-05
 35.0246  0.000163655854  8.29665752e-06  6.16439573e-05
 35.0513  0.000142527406  7.64473344e-06  6.53430329e-05
 35.0779  9.94123288e-05  5.13635238e-06  6.14206528e-05
 35.1046  0.000111145988  4.3778834e-06  6.94999151e-05
 35.1312  6.85997751e-05  5.17240063e-06  6.51344413e-05
 35.1578  8.62278269e-05  6.57133215e-06  7.34869072e-05
 35.1845  6.52561198e-05  6.24660299e-06  6.19713229e-05
 35.2111  0.000109603264  5.34763722e-06  6.30911127e-05
 35.2378  0.000118178812  4.20915746e-06  6.4453438e-05
 35.2644  6.6608914e-05  3.26255328e-06  5.24501246e-05
 35.291  3.55024885e-05  3.80410618e-06  5.52383726e-05
 35.3177  5.18167871e-05  6.15294654e-06  6.01230376e-05
 35.3443  7.33876379e-05  5.33342697e-06  5.52281788e-05
 35.371  0.00011269141  4.02461729e-06  5.96283567e-05
 35.3976  3.7165889e-05  1.88905608e-06  4.06728109e-05
 35.4242  5.27428231e-05  5.14922372e-06  5.55322446e-05
 35.4509  3.96417594e-05  4.59153437e-06  4.15836539e-05
 35.4775  0.000108173885  4.78547304e-06  4.87969344e-05
 35.5042  7.51017634e-05  5.318447e-06  4.27858158e-05
 35.5308  6.46306635e-05  4.69490821e-06  3.89403885e-05
 35.5574  7.12812338e-05  4.02022011e-06  3.73352491e-05
 35.5841  5.46240567e-05  3.23483585e-06  2.92327784e-05
 35.6107  6.21352975e-05  3.44040736e-06  2.70134149e-05
 35.6374  5.31293973e-05  4.06428276e-06  2.54199225e-05
 35.664  4.51471086e-05  4.47774609e-06  2.53063139e-05
 35.6906  3.81577567e-05  2.66509591e-06  2.26137875e-05
 35.7173  3.507269e-05  3.15140449e-06  2.31041221e-05
 35.7439  3.40520779e-05  3.6367697e-06  1.93802137e-05
 35.7706  1.96380507e-05  3.42189398e-06  1.65095078e-05
 35.7972  1.37407083e-05  3.12948342e-06  1.23525758e-05
 35.8238  2.30568698e-05  5.50458808e-06  1.42868861e-05
 35.8505  1.27727984e-05  2.48774957e-06  8.70605745e-06
 35.8771  1.34900873e-05  2.11522715e-06  7.64553701e-06
 35.9038  1.21146847e-05  3.55242653e-06  8.09018968e-06
 35.9304  1.3010171e-05  4.15757181e-06  8.67730545e-06
 35.957  1.26933523e-05  4.25533532e-06  8.51910875e-06
 35.9837  1.04297278e-05  5.58490739e-07  4.20346855e-06
 36.0103  1.14048285e-05  1.7068778e-06  5.58512334e-06
 36.037  1.03604707e-05  5.44077391e-06  1.02114484e-05
 36.0636  1.03420592e-05  2.25898067e-06  6.7531962e-06
 36.0902  1.0977836e-05  2.57301623e-06  7.8645642e-06
 36.1169  1.016978e-05  9.0489549e-07  4.67131027e-06
 36.1435  1.02388678e-05  2.8764417e-06  6.10266985e-06
 36.1702  1.07671851e-05  1.8877417e-06  5.37822723e-06
 36.1968  9.9065295e-06  2.7304764e-06  6.51051318e-06
 36.2234  1.16365074e-05  4.69213382e-06  9.6618247e-06
 36.2501  1.05919904e-05  3.15763838e-06  8.30670636e-06
 36.2767  1.13772406e-05  5.25592159e-06  1.18543233e-05
 36.3034  1.17534199e-05  2.29319898e-06  7.74512067e-06
 36.33  1.08994706e-05  5.98142242e-07  5.76997447e-06
 36.3566  1.08814045e-05  2.38554531e-06  7.45121044e-06
 36.3833  1.15393268e-05  2.96141483e-06  7.44789973e-06
 36.4099  1.14038537e-05  3.30613273e-06  7.54134051e-06
 36.4366  1.09043515e-05  9.7530957e-07  5.59263774e-06
 36.4632  1.10371903e-05  1.09007513e-06  5.63502263e-06
 36.4898  7.81108002e-06  6.13323903e-07  5.32813108e-06
 36.5165  7.77576703e-06  8.94380392e-07  5.61452911e-06
 36.5431  7.70707126e-06  1.64042297e-06  6.11412361e-06
 36.5698  6.54414246e-06  2.67297622e-06  6.74035812e-06
 36.5964  7.63747762e-06  2.85435954e-06  6.97041358e-06
 36.623  7.33326053e-06  1.30043998e-06  6.17141847e-06
 36.6497  6.70447042e-06  1.51433276e-06  6.16414672e-06
 36.6763  6.55166547e-06  1.00941576e-06  6.53326119e-06
 36.703  6.43502619e-06  9.16054996e-07  6.09247121e-06
 36.7296  6.91947882e-06  1.36092816e-06  6.71707913e-06
 36.7562  6.67733442e-06  1.8457816e-06  6.55312069e-06
 36.7829  5.92516582e-06  2.58416204e-06  7.44249273e-06
 36.8095  5.86162113e-06  2.99617183e-06  8.14032163e-06
 36.8362  6.03734687e-06  3.67762001e-06  8.9558074e-06
 36.8628  7.84117294e-06  5.35910953e-06  1.12658892e-05
 36.8894  7.72499536e-06  4.50232266e-06  1.02651295e-05
 36.9161  6.65651498e-06  2.43826605e-06  7.50646856e-06
 36.9427  7.54029283e-06  8.0461015e-06  1.60106533e-05
 36.9694  6.58312138e-06  3.38026168e-06  1.02333807e-05
 36.996  6.7668596e-06  5.42574591e-06  1.58766608e-05
 37.0226  7.27820194e-06  4.35665804e-06  1.20104533e-05
 37.0493  6.61539437e-06  7.16602314e-06  2.13340418e-05
 37.0759  6.45348563e-06  3.59549002e-06  1.35628522e-05
 37.1026  7.9101314e-06  6.86175849e-06  1.80767153e-05
 37.1292  1.0734459e-05  1.38569307e-05  2.27108393e-05
 37.1558  1.215449e-05  1.70158096e-05  2.91419726e-05
 37.1825  1.10712943e-05  9.02007249e-06  1.90033987e-05
 37.2091  1.54580041e-05  2.13819878e-05  3.34043329e-05
 37.2358  1.10169857e-05  7.18083743e-06  1.50060569e-05
 37.2624  8.90277841e-06  9.62640595e-06  1.8342435e-05
 37.289  1.55410385e-05  1.53820629e-05  2.81030716e-05
 37.3157  1.37291715e-05  9.80999909e-06  2.31268973e-05
 37.3423  1.39243397e-05  9.93345993e-06  2.47274015e-05
 37.369  2.54666623e-05  1.34144458e-05  3.69340145e-05
 37.3956  4.20690054e-05  1.30243411e-05  3.9883792e-05
 37.4222  2.89905466e-05  1.26129743e-05  3.86492866e-05
 37.4489  3.94193504e-05  1.23463252e-05  4.07901013e-05
 37.4755  4.91565737e-05  1.18419594e-05  4.32470646e-05
 37.5022  2.01064479e-05  1.21676606e-05  3.95335758e-05
 37.5288  2.44220576e-05  2.4755796e-05  6.7299968e-05
 37.5554  3.15504483e-05  2.19849566e-05  6.66099488e-05
 37.5821  5.00877412e-05  2.21252154e-05  6.73167197e-05
 37.6087  4.74888438e-05  1.23832909e-05  4.40978315e-05
 37.6354  3.87595505e-05  1.67490533e-05  5.07359938e-05
 37.662  2.83241435e-05  5.55712436e-06  3.77495491e-05
 37.6886  2.90414284e-05  1.40939748e-05  4.63741372e-05
 37.7153  2.67585566e-05  1.30045762e-05  4.46655213e-05
 37.7419  2.58117458e-05  1.19631649e-05  4.32521851e-05
 37.7686  3.02003769e-05  1.15288242e-05  4.09402538e-05
 37.7952  3.07789732e-05  8.60103922e-06  3.65107054e-05
 37.8218  6.20168783e-05  7.87173273e-06  4.03546421e-05
 37.8485  5.52378398e-05  6.19467708e-06  3.58431356e-05
 37.8751  4.65095778e-05  6.90618585e-06  3.59678603e-05
 37.9018  7.46777831e-05  4.60228431e-06  3.67830519e-05
 37.9284  6.06970796e-05  4.37397381e-06  3.38971144e-05
 37.955  4.38814818e-05  3.57292928e-06  2.90210999e-05
 37.9817  6.21073237e-05  3.90893186e-06  3.24767824e-05
 38.0083  4.57300621e-05  3.27326243e-06  2.76960082e-05
 38.035  3.23463181e-05  2.18589872e-06  2.31732714e-05
 38.0616  4.2956257e-05  2.61824428e-06  2.70301773e-05
 38.0882  2.90773092e-05  2.10524137e-06  2.26322953e-05
 38.1149  4.13192853e-05  1.91665825e-06  2.44918566e-05
 38.1415  2.62424493e-05  1.5924974e-06  2.07233936e-05
 38.1682  3.28355785e-05  2.32420121e-06  2.34442396e-05
 38.1948  2.28353899e-05  2.3071787e-06  1.97450079e-05
 38.2214  3.83185453e-05  2.28186625e-06  2.15597768e-05
 38.2481  4.76246944e-05  1.98376803e-06  2.28367706e-05
 38.2747  2.82031431e-05  2.01453001e-06  1.89732513e-05
 38.3014  2.65373033e-05  2.12927728e-06  2.02500613e-05
 38.328  2.19588274e-05  3.05456027e-06  2.21103961e-05
 38.3546  1.44483449e-05  3.14615119e-06  1.78599835e-05
 38.3813  2.64770422e-05  3.01243139e-06  1.83982709e-05
 38.4079  2.35102926e-05  4.56684931e-06  2.02933211e-05
 38.4346  9.66161167e-06  5.5778844e-06  1.84543491e-05
 38.4612  8.57663544e-06  7.42814128e-06  2.36928071e-05
 38.4878  9.34932413e-06  3.58991144e-06  1.44598316e-05
 38.5145  1.38356039e-05  3.7414768e-06  1.39256782e-05
 38.5411  1.27279686e-05  7.89814257e-06  1.78539571e-05
 38.5678  8.90103167e-06  1.42011806e-05  2.41429611e-05
 38.5944  7.26809278e-06  4.58881374e-06  9.88079107e-06
 38.621  7.59457737e-06  5.31815439e-06  8.15448988e-06
 38.6477  2.00022468e-06  9.22835298e-06  1.15230577e-05
 38.6743  2.89831323e-06  8.07196862e-06  1.07428886e-05
 38.701  2.54679626e-06  8.57135878e-06  1.09229642e-05
 38.7276  2.17623027e-06  8.46824523e-06  1.03913276e-05
 38.7542  2.3267542e-06  8.92573389e-06  1.03677759e-05
 38.7809  4.21113317e-06  1.38902875e-05  1.52589225e-05
 38.8075  3.46120487e-06  8.53367452e-06  1.04483241e-05
 38.8342  3.79708594e-06  9.6589934e-06  1.17174868e-05
 38.8608  2.44583333e-06  1.34326465e-05  1.41466964e-05
 38.8874  1.74431982e-06  8.88879079e-06  1.00777021e-05
 38.9141  2.29957635e-06  6.11485773e-06  7.92436453e-06
 38.9407  2.26262665e-06  5.05118829e-06  7.01760261e-06
 38.9674  2.80161165e-06  2.52266108e-06  4.49908455e-06
 38.994  3.18876097e-06  5.7067697e-06  1.17388309e-05
 39.0206  5.00710541e-06  1.35134357e-05  2.59374995e-05
 39.0473  4.11728636e-06  1.09282386e-05  2.12060192e-05
 39.0739  2.64008367e-06  3.74703801e-06  8.48764784e-06
 39.1006  3.0897908e-06  7.80759396e-06  1.24910826e-05
 39.1272  4.58609661e-06  1.71986816e-05  2.16046865e-05
 39.1538  2.60232347e-06  6.78308118e-06  1.10971327e-05
 39.1805  2.29971688e-06  4.6999851e-06  9.29451207e-06
 39.2071  2.19143746e-06  1.96469668e-06  6.6940799e-06
 39.2338  3.24255199e-06  2.53930643e-06  6.95807028e-06
 39.2604  2.41080737e-06  3.65642418e-06  8.06194342e-06
 39.287  2.45199489e-06  4.17820135e-06  8.68612174e-06
 39.3137  2.94627147e-06  4.83665767e-06  9.10741773e-06
 39.3403  1.60678107e-06  6.45603076e-07  5.11570263e-06
 39.367  1.60532609e-06  6.31146629e-07  4.92969341e-06
 39.3936  1.6570177e-06  8.03650369e-07  4.7898269e-06
 39.4202  1.31731596e-06  5.73788145e-07  5.62684268e-06
 39.4469  1.48973384e-06  1.23530869e-06  6.65033083e-06
 39.4735  1.5450855e-06  1.62648211e-06  7.35260463e-06
 39.5002  1.38392772e-06  6.56959097e-07  4.71083826e-06
 39.5268  1.4809664e-06  4.40574469e-07  4.85119281e-06
 39.5534  1.38435567e-06  7.8329123e-07  4.94780627e-06
 39.5801  8.45356827e-07  1.71410695e-06  5.10538579e-06
 39.6067  1.26227272e-06  5.32530641e-06  8.69266076e-06
 39.6334  1.20732431e-06  9.30216741e-06  1.31126451e-05
 39.66  1.61380804e-06  1.35167219e-05  1.8178467e-05
 39.6866  5.42349154e-06  1.8112254e-05  2.43841611e-05
 39.7133  1.91261763e-06  9.02940237e-06  1.29478864e-05
 39.7399  1.5209006e-06  1.01207068e-05  1.54138473e-05
 39.7666  2.06950563e-06  8.7946366e-06  1.64057764e-05
 39.7932  2.83419974e-06  8.89069595e-06  1.66045238e-05
 39.8198  2.27451338e-06  1.02537298e-05  1.69554255e-05
 39.8465  1.17677409e-06  1.12940791e-05  1.61830189e-05
 39.8731  1.64111319e-06  1.81519092e-05  2.31324138e-05
 39.8998  7.29804392e-07  7.38643215e-06  9.0300304e-06
 39.9264  6.63266288e-07  1.90099694e-06  3.11295335e-06
 39.953  3.82665703e-06  2.03572663e-05  3.21389897e-05
 39.9797  6.17275832e-06  2.50844799e-05  3.3966749e-05
 40.0063  5.70262616e-06  2.17379272e-05  3.69105267e-05
 40.033  2.04126278e-06  5.64919213e-06  1.27547425e-05
 40.0596  1.4465008e-06  4.15127296e-06  1.77789501e-05
 40.0862  1.67507758e-06  1.645792e-05  2.99740733e-05
 40.1129  1.53016538e-06  1.21443309e-05  1.7389213e-05
 40.1395  2.10497553e-06  1.39414025e-05  2.34261134e-05
 40.1661  6.88805706e-07  4.89235456e-06  8.97466862e-06
 40.1928  8.0191272e-07  4.06936584e-06  5.71073337e-06
 40.2194  1.00682614e-06  2.12574672e-06  3.30494894e-06
 40.2461  1.41117267e-06  5.43564487e-07  1.40851454e-06
 40.2727  2.24101403e-06  6.74982134e-07  1.86184707e-06
 40.2993  2.21521078e-06  5.18297757e-06  1.01360306e-05
 40.326  4.7523214e-06  1.28928819e-05  2.34911155e-05
 40.3526  5.60826491e-06  1.03980653e-05  1.98569725e-05
 40.3793  7.79165878e-06  1.74842546e-05  3.50653009e-05
 40.4059  6.85131317e-06  9.21647848e-06  2.27023973e-05
 40.4325  7.24517189e-06  5.78467547e-06  1.71845698e-05
 40.4592  7.06261726e-06  5.87357138e-06  1.76599077e-05
 40.4858  8.67275381e-06  7.41537869e-06  2.15464441e-05
 40.5125  9.45647237e-06  9.45373357e-06  2.42813315e-05
 40.5391  1.03078812e-05  1.30574042e-05  2.72479616e-05
 40.5657  9.70777594e-06  1.14724627e-05  2.56485657e-05
 40.5924  8.70879426e-06  8.48318821e-06  2.25759797e-05
 40.619  9.61297455e-06  1.39146081e-05  2.84373799e-05
 40.6457  9.22186855e-06  9.52859529e-06  2.243668e-05
 40.6723  8.92793948e-06  6.4347088e-06  1.74897792e-05
 40.6989  1.43019067e-05  3.65616192e-06  1.26841629e-05
 40.7256  2.11586073e-05  3.69482611e-06  1.29716822e-05
 40.7522  1.71247383e-05  2.29309651e-06  1.08154494e-05
 40.7789  1.40237903e-05  1.9188945e-06  1.04752172e-05
 40.8055  1.11131997e-05  2.13102412e-06  9.51509366e-06
 40.8321  8.67075364e-06  1.31823705e-06  7.14422081e-06
 40.8588  1.43676637e-05  1.04763775e-06  7.93231802e-06
 40.8854  1.05777878e-05  8.32698057e-07  6.81886341e-06
 40.9121  6.99429232e-06  7.22030771e-07  5.54483502e-06
 40.9387  4.31307328e-06  6.51668339e-07  4.37775339e-06
 40.9653  5.13439623e-06  7.31670403e-07  4.03937109e-06
 40.992  2.85816259e-06  1.48371552e-06  3.94789021e-06
 41.0186  2.63120568e-06  1.01059439e-06  3.35428973e-06
 41.0453  1.85628041e-06  1.0180785e-06  3.04907536e-06
 41.0719  1.42389096e-06  5.62553738e-07  3.02065709e-06
 41.0985  1.67552261e-06  1.2845477e-06  4.23330991e-06
 41.1252  2.3956962e-06  2.755022e-06  6.07441472e-06
 41.1518  3.68616071e-06  6.25346589e-06  1.01520335e-05
 41.1785  3.22636572e-06  1.32485931e-05  1.92128492e-05
 41.2051  2.4087708e-06  1.31036293e-05  1.90084221e-05
 41.2317  2.35604079e-06  8.69792252e-07  3.28307579e-06
 41.2584  2.3404905e-06  1.58850817e-06  5.6166378e-06
 41.285  5.7256428e-06  1.22929022e-05  1.94645802e-05
 41.3117  9.72635893e-06  3.07527543e-05  4.19662395e-05
 41.3383  5.02164968e-06  3.91759269e-05  5.16362921e-05
 41.3649  5.32831067e-06  1.96210207e-05  3.20096571e-05
 41.3916  6.15194788e-06  2.41202526e-05  4.33145998e-05
 41.4182  5.34973105e-06  8.55164379e-06  1.84793271e-05
 41.4449  9.78059764e-06  4.07825124e-05  5.80357456e-05
 41.4715  1.301293e-05  6.06407958e-05  8.12194228e-05
 41.4981  1.50859354e-05  6.95753103e-05  9.19293129e-05
 41.5248  2.21782774e-05  9.665858e-05  0.000142962285
 41.5514  1.57856197e-05  6.0784233e-05  9.10639718e-05
 41.5781  6.27592776e-06  2.51185465e-05  2.83920442e-05
 41.6047  4.55313112e-06  5.41519248e-05  5.1982086e-05
 41.6313  5.8151433e-06  5.41993058e-05  5.31637594e-05
 41.658  5.02698918e-06  6.41893651e-05  6.30723857e-05
 41.6846  4.17062749e-06  2.91243904e-05  3.23084995e-05
 41.7113  4.13743374e-06  1.52965928e-05  1.99472061e-05
 41.7379  3.34307529e-06  6.7144124e-06  1.31973301e-05
 41.7645  3.64694358e-06  2.33103515e-06  1.09534921e-05
 41.7912  6.60399839e-06  1.56930857e-05  2.57741999e-05
 41.8178  6.74177158e-06  1.40836106e-05  2.55208977e-05
 41.8445  4.07152806e-06  1.68567796e-06  1.38806733e-05
 41.8711  4.71943525e-06  4.12978061e-06  1.64330256e-05
 41.8977  3.19430177e-06  2.23270747e-06  1.40660747e-05
 41.9244  2.6637049e-06  6.93845639e-07  1.11305325e-05
 41.951  2.52780863e-06  9.28681329e-07  9.62300563e-06
 41.9777  3.36648438e-06  1.69058287e-06  9.14469315e-06
 42.0043  2.50415455e-06  2.71466342e-06  8.76858626e-06
 42.0309  1.86978089e-06  2.19209825e-06  6.75095428e-06
 42.0576  3.2615012e-06  4.16109933e-06  7.00429571e-06
 42.0842  2.95695024e-06  5.84568613e-06  8.36426668e-06
 42.1109  2.70370784e-06  8.84386127e-06  1.16319708e-05
 42.1375  1.67276687e-06  1.1263096e-05  1.62140912e-05
 42.1641  1.42124253e-06  4.67117359e-06  7.11205902e-06
 42.1908  1.76870344e-06  5.37290446e-06  8.70687668e-06
 42.2174  1.47291079e-06  1.95751098e-06  3.20592231e-06
 42.2441  2.35266743e-06  8.82027544e-06  1.12400061e-05
 42.2707  1.67750965e-06  4.98604029e-06  6.38679625e-06
 42.2973  1.30346102e-06  4.25464641e-06  4.99128169e-06
 42.324  1.46428606e-06  3.29993626e-06  4.01435857e-06
 42.3506  1.95213259e-06  5.39243063e-06  6.29911867e-06
 42.3773  3.07454059e-06  8.441891e-06  1.15007447e-05
 42.4039  4.41954035e-06  1.53506756e-05  2.15894702e-05
 42.4305  5.01216522e-06  2.23934817e-06  5.27038234e-06
 42.4572  5.96725391e-06  1.37128337e-05  1.9527164e-05
 42.4838  7.18307262e-06  2.27479045e-05  3.11552256e-05
 42.5105  6.81084545e-06  5.60797518e-06  9.36537169e-06
 42.5371  9.98598756e-06  4.72645118e-06  6.94298054e-06
 42.5637  6.65602603e-06  1.25200889e-06  2.861294e-06
 42.5904  7.32663441e-06  2.81965685e-06  4.11970904e-06
 42.617  1.06062952e-05  1.40427812e-05  1.45820166e-05
 42.6437  8.81911949e-06  8.32983178e-06  9.87165363e-06
 42.6703  1.09030272e-05  4.88448323e-06  7.45998993e-06
 42.6969  1.13383731e-05  2.91762343e-06  5.08229144e-06
 42.7236  1.65671471e-05  6.76704232e-06  1.08583262e-05
 42.7502  2.1403372e-05  1.99668547e-05  2.74422757e-05
 42.7769  2.6457513e-05  2.44495805e-05  3.65640516e-05
 42.8035  2.84365976e-05  5.94295309e-05  0.000109013652
 42.8301  2.27850252e-05  1.07623151e-05  1.31261484e-05
 42.8568  2.9179477e-05  1.46465913e-05  2.16531474e-05
 42.8834  3.29475618e-05  2.07173863e-06  8.53076505e-06
 42.9101  5.91979624e-05  6.58889478e-05  0.000106953803
 42.9367  4.54483835e-05  3.51897355e-05  4.56980214e-05
 42.9633  6.13827328e-05  6.84616676e-05  9.55179095e-05
 42.99  0.000139467791  0.000165318333  0.000329068004
 43.0166  0.000312374883  0.000464565391  0.000762558827
 43.0433  0.000369476967  0.000217896118  0.00021742214
 43.0699  0.000430976869  0.000736487077  0.000930368917
 43.0965  0.00254185917  0.00554339886  0.00473091847
 43.1232  0.00156620558  0.00227104361  0.00165448633
 43.1498  0.000917840625  0.0042303337  0.00454271253
 43.1765  0.00323339238  0.0110886846  0.0101456826
 43.2031  0.00156446105  0.00163168583  0.00114419147
 43.2297  0.00176524162  0.00805400575  0.00657424765
 43.2564  0.00171013057  0.0106271146  0.010736858
 43.283  nan  nan  nan
 43.3097  0.00173842089  0.00721816444  0.00702262394
 43.3363  0.000603860622  0.0014328314  0.00120069164
 43.3629  nan  nan  nan
 43.3896  nan  nan  nan
 43.4162  nan  nan  nan
 43.4429  nan  nan  nan
 43.4695  0.000830490837  0.00129716397  0.00129187512
 43.4961  0.000839145673  0.00124824049  0.00123459673
 43.5228  0.000878583792  0.00118357694  0.00119288901
 43.5494  0.00141410351  0.00388664119  0.00399034787
 43.5761  0.00150252604  0.00581548585  0.0057843281
 43.6027  0.00179962399  0.0105200773  0.0101274366
 43.6293  nan  nan  nan
