# X (m) TKE_avg epsilon_turb_pw_avg_Y_avg epsilon_pw_avg_Y_avg
 33.031  6.16948293e-05  14811648.1  14760922.5
 33.0621  6.37464336e-05  2.24362905e-06  3.75471588e-06
 33.0931  6.6594274e-05  2.28173287e-06  2.91523398e-06
 33.1241  5.89815563e-05  1.84744963e-06  2.49064327e-06
 33.1551  5.6123022e-05  1.90263475e-06  4.11617689e-06
 33.1862  5.84123071e-05  2.90818142e-06  7.74226065e-06
 33.2172  8.07957112e-05  3.35514101e-06  6.56424068e-06
 33.2482  9.8305631e-05  4.40100015e-06  6.94442618e-06
 33.2792  0.000101694909  8.27428173e-06  9.68559645e-06
 33.3103  8.94337964e-05  8.87476954e-06  8.84453854e-06
 33.3413  8.1904911e-05  5.60625385e-06  6.17401781e-06
 33.3723  7.63333581e-05  5.05774062e-06  5.78310659e-06
 33.4033  7.58282972e-05  4.70090733e-06  6.13782102e-06
 33.4344  6.81560185e-05  3.37778459e-06  4.7783331e-06
 33.4654  6.49296875e-05  2.80693946e-06  4.30583593e-06
 33.4964  6.61916731e-05  2.60581407e-06  4.55387197e-06
 33.5274  7.69980344e-05  3.75221939e-06  5.51562503e-06
 33.5585  7.86367696e-05  3.56897402e-06  5.47256879e-06
 33.5895  8.67619525e-05  4.46737107e-06  4.86999322e-06
 33.6205  7.06465569e-05  3.66885021e-06  4.6078555e-06
 33.6515  6.90395197e-05  2.14641897e-06  4.17584655e-06
 33.6826  6.38179386e-05  1.90278906e-06  4.41281537e-06
 33.7136  6.16429074e-05  2.41040062e-06  4.80726834e-06
 33.7446  5.91127272e-05  2.29827882e-06  4.06698827e-06
 33.7756  5.72190987e-05  1.84570067e-06  3.78640822e-06
 33.8067  5.76267596e-05  1.86114764e-06  3.92515846e-06
 33.8377  5.75219043e-05  1.91623076e-06  3.91963314e-06
 33.8687  5.95632687e-05  2.14709782e-06  4.04905017e-06
 33.8997  5.1305743e-05  1.80938872e-06  3.78871889e-06
 33.9308  5.10536122e-05  1.09602799e-06  3.30721809e-06
 33.9618  4.81989641e-05  1.2073872e-06  3.5874966e-06
 33.9928  4.53999402e-05  1.09206924e-06  3.23370401e-06
 34.0238  4.543001e-05  1.2046642e-06  3.20199417e-06
 34.0549  4.69021271e-05  5.35551606e-07  2.8459099e-06
 34.0859  3.87945008e-05  9.60352866e-07  5.24061224e-06
 34.1169  4.1194683e-05  1.07060937e-06  4.96076925e-06
 34.1479  3.93844637e-05  1.19179868e-06  4.69702538e-06
 34.179  3.63760431e-05  1.80712671e-06  6.16237127e-06
 34.21  4.00628148e-05  9.89854923e-07  5.272329e-06
 34.241  3.69284788e-05  5.35650776e-07  3.64748897e-06
 34.272  4.03836371e-05  1.6761745e-06  7.3267897e-06
 34.3031  4.42047377e-05  1.20230393e-06  5.61734785e-06
 34.3341  4.26279849e-05  2.6308e-06  8.52623195e-06
 34.3651  4.63264379e-05  2.34657654e-06  7.70183174e-06
 34.3961  4.78612668e-05  1.49716178e-06  6.74621196e-06
 34.4272  5.64336203e-05  1.92973338e-06  9.30197044e-06
 34.4582  5.704298e-05  3.7920763e-06  1.12196133e-05
 34.4892  6.70657455e-05  5.05119461e-06  1.39976139e-05
 34.5202  6.21547289e-05  4.62801417e-06  1.25035656e-05
 34.5513  6.48013735e-05  8.30959454e-06  1.78014357e-05
 34.5823  6.85414557e-05  3.23454045e-06  1.21547442e-05
 34.6133  7.11180426e-05  5.61027765e-06  1.60955958e-05
 34.6444  8.09189384e-05  3.31617423e-06  1.58552868e-05
 34.6754  8.42076451e-05  3.85904019e-06  1.96915613e-05
 34.7064  8.38833229e-05  2.82082224e-06  1.80832911e-05
 34.7374  0.000108544919  4.57929739e-06  2.51203093e-05
 34.7685  9.95916079e-05  3.56519316e-06  1.87728076e-05
 34.7995  0.000126051576  4.30710513e-06  2.41636399e-05
 34.8305  0.000112553649  8.9532243e-06  3.13350005e-05
 34.8615  0.000121586267  4.77780948e-06  2.9258909e-05
 34.8926  0.000147493975  6.25872676e-06  3.91428484e-05
 34.9236  0.00013697543  5.27774292e-06  3.89858746e-05
 34.9546  0.000144071969  4.99425554e-06  3.54658011e-05
 34.9856  0.000147829983  1.12761098e-05  4.07007729e-05
 35.0167  0.000143846079  9.01914324e-06  3.33952191e-05
 35.0477  0.000166926  8.74219124e-06  4.11361877e-05
 35.0787  0.000168250741  6.92316575e-06  4.76653738e-05
 35.1097  0.000188202248  6.58917578e-06  5.17804929e-05
 35.1408  0.000176904704  7.91895648e-06  5.20247838e-05
 35.1718  0.000154092658  6.5364683e-06  4.16750618e-05
 35.2028  0.000136042225  5.1630023e-06  3.65597652e-05
 35.2338  0.000135627365  5.60131323e-06  3.88039112e-05
 35.2649  0.000121526884  4.92909282e-06  3.96270906e-05
 35.2959  0.000106956973  3.52607326e-06  3.88179589e-05
 35.3269  8.60284403e-05  2.61508035e-06  3.44513157e-05
 35.3579  9.82929262e-05  3.27739586e-06  3.71773432e-05
 35.389  9.9451648e-05  4.01791847e-06  3.11064953e-05
 35.42  9.51208635e-05  3.96643768e-06  2.59740576e-05
 35.451  0.00011764443  4.14517819e-06  2.77180489e-05
 35.482  9.4668028e-05  4.02842718e-06  2.274985e-05
 35.5131  8.62833011e-05  4.93865219e-06  2.01989627e-05
 35.5441  8.95769696e-05  3.96838245e-06  1.86166954e-05
 35.5751  7.85550967e-05  3.09442919e-06  1.5667995e-05
 35.6061  8.56995272e-05  4.70417443e-06  1.4822688e-05
 35.6372  7.01854476e-05  5.14041066e-06  1.09296187e-05
 35.6682  6.77017058e-05  6.08251014e-06  1.01339745e-05
 35.6992  4.97260626e-05  3.75529774e-06  5.84749324e-06
 35.7302  4.20511181e-05  4.20259472e-06  4.81854948e-06
 35.7613  4.40069613e-05  3.7263546e-06  4.21002233e-06
 35.7923  5.1062137e-05  5.11222838e-06  5.42573621e-06
 35.8233  5.36189606e-05  5.89477016e-06  5.89362683e-06
 35.8543  3.66162944e-05  4.74408842e-06  4.60729413e-06
 35.8854  3.25002997e-05  2.32669175e-06  3.02275662e-06
 35.9164  3.4388392e-05  4.5200078e-06  5.82808996e-06
 35.9474  3.52493933e-05  6.02598928e-06  8.07843476e-06
 35.9784  3.63447461e-05  2.66234767e-06  5.09526985e-06
 36.0095  3.9307032e-05  3.39413149e-06  5.10485862e-06
 36.0405  3.58936219e-05  6.0030006e-06  7.46279279e-06
 36.0715  3.8586434e-05  7.44184882e-06  1.1145955e-05
 36.1025  3.29320819e-05  3.13476903e-06  5.55807207e-06
 36.1336  2.80874993e-05  5.52561746e-06  7.43500784e-06
 36.1646  2.73547687e-05  5.58687053e-06  7.14740902e-06
 36.1956  2.68639044e-05  6.96448944e-06  9.31802946e-06
 36.2266  2.78907953e-05  1.37390848e-05  2.05961925e-05
 36.2577  2.68989138e-05  1.2584228e-05  1.89900383e-05
 36.2887  2.45583838e-05  7.09624813e-06  1.17088887e-05
 36.3197  2.82588464e-05  2.54130167e-06  5.80996453e-06
 36.3508  2.89441742e-05  7.40526885e-06  1.12583436e-05
 36.3818  3.38798255e-05  2.53037721e-05  2.77948284e-05
 36.4128  2.76862574e-05  2.17950618e-06  5.340307e-06
 36.4438  2.59024249e-05  2.14702087e-06  6.13500254e-06
 36.4749  2.28998621e-05  1.63784148e-06  5.39952177e-06
 36.5059  2.4133384e-05  6.03540435e-06  8.98426716e-06
 36.5369  2.74677281e-05  1.47012699e-05  1.6369928e-05
 36.5679  3.29507662e-05  1.46808306e-05  1.95360893e-05
 36.599  3.2058908e-05  1.71136413e-05  2.68598781e-05
 36.63  2.91737377e-05  9.22135092e-06  1.59896874e-05
 36.661  2.70816676e-05  3.77546194e-06  8.38755154e-06
 36.692  2.68858862e-05  3.5185861e-06  9.94939594e-06
 36.7231  2.6914094e-05  1.85594664e-06  7.76573015e-06
 36.7541  2.82963264e-05  1.88419097e-06  7.48430659e-06
 36.7851  3.39472152e-05  2.49464745e-06  8.36193264e-06
 36.8161  3.60657919e-05  2.44459932e-06  8.76821806e-06
 36.8472  4.083416e-05  2.83115963e-06  9.50039054e-06
 36.8782  3.53541729e-05  1.49422415e-06  7.50447122e-06
 36.9092  3.30886494e-05  2.56121043e-06  9.71925066e-06
 36.9402  3.3989499e-05  6.23129387e-06  1.15441182e-05
 36.9713  3.89059327e-05  8.07594625e-06  1.35545148e-05
 37.0023  4.68113661e-05  4.71869004e-06  1.071281e-05
 37.0333  6.0041551e-05  3.48403379e-06  9.54487925e-06
 37.0643  7.16492782e-05  4.63667175e-06  1.0127743e-05
 37.0954  7.25322412e-05  2.52002438e-06  1.0843891e-05
 37.1264  7.47734927e-05  2.62323836e-06  1.18383229e-05
 37.1574  7.10146409e-05  2.85822121e-06  1.36037104e-05
 37.1884  6.68627649e-05  2.95341353e-06  1.2930664e-05
 37.2195  6.15558975e-05  3.46207024e-06  1.43684931e-05
 37.2505  6.65458734e-05  4.83714021e-06  1.80175922e-05
 37.2815  5.6610032e-05  9.10020262e-06  1.99370837e-05
 37.3125  4.64333157e-05  7.54402718e-06  2.20419544e-05
 37.3436  4.59574518e-05  1.96913566e-06  1.1910788e-05
 37.3746  5.74692195e-05  5.31105391e-06  2.31818092e-05
 37.4056  6.93675298e-05  7.22999034e-06  2.42618491e-05
 37.4366  8.09225131e-05  9.56866076e-06  2.70004011e-05
 37.4677  7.88818807e-05  1.42711162e-05  3.40084189e-05
 37.4987  8.89038939e-05  1.99798377e-05  4.49549146e-05
 37.5297  8.61048349e-05  1.8334725e-05  4.2457935e-05
 37.5607  9.00026827e-05  1.00961681e-05  2.46215067e-05
 37.5918  8.49635282e-05  1.55776479e-05  3.60062025e-05
 37.6228  9.04001e-05  4.71941689e-05  7.4127377e-05
 37.6538  9.33952671e-05  1.8095863e-05  3.47659651e-05
 37.6848  0.000116810789  7.56254351e-05  0.000111908779
 37.7159  0.000116476566  0.000104439858  0.000155260417
 37.7469  0.000136026211  7.70359287e-05  0.000129007149
 37.7779  0.000127749675  7.78275028e-05  0.000143290019
 37.8089  0.000115707568  2.59618081e-05  6.64931948e-05
 37.84  0.00018242908  3.68778866e-05  9.27154344e-05
 37.871  0.000274330923  5.45572561e-05  0.000162045087
 37.902  0.000249879279  2.77736389e-05  0.000119692997
 37.9331  0.000244301878  3.60867702e-05  0.000128536435
 37.9641  0.000173068427  4.24795962e-05  0.000117256855
 37.9951  0.000190410027  4.29157105e-05  0.000114131762
 38.0261  0.000295000119  4.41756534e-05  0.000116624602
 38.0572  0.000296006062  5.67760356e-05  0.000135329017
 38.0882  0.000251487072  5.19831805e-05  0.000136836588
 38.1192  0.000276177965  4.10555566e-05  0.000136884416
 38.1502  0.000291203774  3.40802023e-05  0.00013943477
 38.1813  0.000278447974  3.72017202e-05  0.0001484962
 38.2123  0.00025218692  2.12970409e-05  0.000118538537
 38.2433  0.000231566508  1.40626373e-05  0.000100790766
 38.2743  0.000218561726  2.21468686e-05  0.000109617631
 38.3054  0.000212110826  2.51072143e-05  0.000110087431
 38.3364  0.000205409648  2.3806671e-05  0.000107288099
 38.3674  0.000195654393  1.52677299e-05  8.86661183e-05
 38.3984  0.000183028605  1.66398234e-05  8.10543146e-05
 38.4295  0.000167827376  1.50256858e-05  7.11902264e-05
 38.4605  0.000154806142  1.19905235e-05  6.37745203e-05
 38.4915  0.000247271783  1.31291405e-05  7.97359732e-05
 38.5225  0.000291754104  1.37036919e-05  9.07275229e-05
 38.5536  0.000305053964  1.58675168e-05  0.000102006356
 38.5846  0.00028936275  1.76849044e-05  0.000107060648
 38.6156  0.000452807663  2.59378099e-05  0.000137558595
 38.6466  0.000368180781  2.37197606e-05  0.000118437458
 38.6777  0.000299954868  2.19528518e-05  0.000102949887
 38.7087  0.000230738012  1.54170166e-05  9.41146709e-05
 38.7397  0.00038477608  2.66678114e-05  0.000138515349
 38.7707  0.000498031374  3.30987638e-05  0.000158736332
 38.8018  0.000291427153  2.91078382e-05  0.000114237481
 38.8328  0.000325844841  4.2153354e-05  0.000117915528
 38.8638  0.000284878717  2.20985674e-05  9.34426991e-05
 38.8948  0.000294054974  2.18860726e-05  8.85843885e-05
 38.9259  0.000210632047  2.0870548e-05  8.76883691e-05
 38.9569  0.000221367223  2.88932627e-05  0.000107423587
 38.9879  0.000670546928  8.90151565e-05  0.000233435953
 39.0189  0.000773909039  0.000276250481  0.000333911847
 39.05  0.000772649007  0.000690300897  0.00038611583
 39.081  0.00114402974  0.0003420526  0.000302573803
 39.112  0.0008416578  0.000177323977  0.000263016792
 39.143  0.000704697456  0.000108988879  0.000207137781
 39.1741  0.000467280858  5.9903957e-05  0.000122521398
 39.2051  0.00036848174  4.2912679e-05  0.000102385805
 39.2361  0.000361915657  7.51010364e-05  0.000138656507
 39.2671  0.00026915258  6.38026021e-05  0.000150446406
 39.2982  0.000282226022  8.06245871e-05  0.000171535262
 39.3292  0.000240121318  6.95250274e-05  0.000126331767
 39.3602  0.000298843826  7.57684299e-05  0.0001227539
 39.3912  0.000172462563  6.69941302e-05  0.000104625582
 39.4223  0.000269290417  7.83139438e-05  0.000144590624
 39.4533  0.000269317439  8.123608e-05  0.000155493893
 39.4843  0.000237188124  0.000101841509  0.000136041178
 39.5154  0.00013847616  0.000111066213  0.000101467951
 39.5464  0.000171395123  8.1927825e-05  0.000118464677
 39.5774  0.000228941619  0.000212706302  8.13340359e-05
 39.6084  0.000199144193  0.000115503925  0.000105744797
 39.6395  0.000474972664  0.000208278886  0.000201261166
 39.6705  0.00117640677  0.00030406961  0.000329010413
 39.7015  0.00102904146  0.000381102428  0.000423343231
 39.7325  0.00126512925  0.000566279822  0.000325674836
 39.7636  0.00138889194  0.000338904432  0.000450047714
 39.7946  0.00150084857  0.000352960049  0.000425930928
 39.8256  0.00139592311  0.000312099441  0.000812304816
 39.8566  0.000184341745  2.86970334e-05  0.000256264121
 39.8877  5.54423547e-05  1.07270317e-05  3.21019994e-05
 39.9187  4.71429539e-05  8.05887707e-06  2.40769195e-05
 39.9497  5.0592083e-05  5.81904022e-06  2.38989231e-05
 39.9807  6.04131132e-05  1.16808378e-05  2.91802987e-05
 40.0118  8.11019721e-05  1.20683967e-05  3.20611611e-05
 40.0428  8.0125787e-05  8.61335805e-06  3.62446417e-05
 40.0738  8.65092953e-05  1.18698826e-05  3.09573605e-05
 40.1048  6.45415985e-05  3.18066596e-05  5.12510223e-05
 40.1359  5.19134103e-05  1.26793251e-05  3.11509428e-05
 40.1669  5.05490262e-05  8.30723119e-06  2.13912742e-05
 40.1979  3.43173273e-05  5.06125249e-06  1.28659675e-05
 40.2289  2.92259212e-05  2.50694153e-06  8.12324616e-06
 40.26  1.83391162e-05  2.55151106e-06  7.85006902e-06
 40.291  1.957516e-05  2.28526006e-06  7.3583825e-06
 40.322  6.95156504e-05  7.99197646e-05  0.000142034276
 40.353  8.70778013e-05  0.000103551916  0.000184621504
 40.3841  7.12701628e-05  4.2880126e-05  7.27331535e-05
 40.4151  4.83477043e-05  2.13208788e-05  3.36242463e-05
 40.4461  5.12284902e-05  3.56392296e-05  4.97814925e-05
 40.4771  8.295917e-05  3.76356314e-05  4.73978795e-05
 40.5082  0.000101245434  6.94812852e-05  7.75653518e-05
 40.5392  7.86756814e-05  0.000117620523  0.000126475864
 40.5702  9.44017952e-05  0.000134138221  0.000159854307
 40.6012  6.38766797e-05  0.000108922626  0.000146712679
 40.6323  8.33729121e-05  9.99555386e-05  0.000145041094
 40.6633  0.00011125602  7.52535161e-05  0.000115880784
 40.6943  0.000111149001  4.20838817e-05  7.00762308e-05
 40.7253  8.40705478e-05  1.57440697e-05  3.80051097e-05
 40.7564  0.000118941966  3.78995675e-05  9.14040437e-05
 40.7874  8.23105174e-05  4.73411176e-05  0.000106378828
 40.8184  9.66377731e-05  4.33733236e-05  0.00010227641
 40.8494  8.62991157e-05  2.61188779e-05  7.52798547e-05
 40.8805  7.64691396e-05  2.75999266e-05  8.00349693e-05
 40.9115  6.90686375e-05  2.22573642e-05  6.93685133e-05
 40.9425  4.78315698e-05  3.24380549e-05  7.42993132e-05
 40.9735  4.37372068e-05  1.17925589e-05  4.98300479e-05
 41.0046  4.47476381e-05  1.09888418e-05  5.13683447e-05
 41.0356  4.59033156e-05  7.51000262e-06  4.81270559e-05
 41.0666  6.95181005e-05  7.42053e-06  4.04290804e-05
 41.0976  7.58483892e-05  8.99441519e-06  4.45254509e-05
 41.1287  7.11977941e-05  1.01154584e-05  4.88135916e-05
 41.1597  0.000117289048  1.49847653e-05  3.46993369e-05
 41.1907  0.000134113638  3.09128284e-05  2.3657578e-05
 41.2218  6.08240996e-05  1.73863446e-05  1.04590881e-05
 41.2528  2.94329257e-05  7.23732233e-06  1.02048547e-05
 41.2838  3.84820157e-05  3.39149646e-06  1.50901353e-05
 41.3148  5.28507609e-05  2.56136567e-06  1.88472347e-05
 41.3459  4.09785079e-05  3.881003e-06  2.04407054e-05
 41.3769  4.33978943e-05  1.62537791e-06  1.81712523e-05
 41.4079  4.65339259e-05  2.84442211e-06  2.05171748e-05
 41.4389  5.41423288e-05  2.29343935e-05  4.38348705e-05
 41.47  5.60739069e-05  2.156795e-05  4.02491538e-05
 41.501  6.10737164e-05  2.79695825e-05  4.41324683e-05
 41.532  6.3257783e-05  4.04244842e-05  7.39165783e-05
 41.563  5.00141264e-05  2.87166609e-05  5.67576603e-05
 41.5941  4.79407789e-05  1.91753859e-05  3.16575359e-05
 41.6251  4.41289641e-05  2.64308245e-05  3.55458264e-05
 41.6561  3.61695285e-05  2.3937319e-05  3.29966054e-05
 41.6871  2.96904815e-05  2.2655624e-05  3.21014809e-05
 41.7182  4.21609323e-05  2.29324618e-05  3.54544281e-05
 41.7492  3.86405983e-05  1.65296424e-05  3.79777692e-05
 41.7802  8.32317861e-05  0.000270538033  0.000310323409
 41.8112  9.58763672e-05  0.000376441513  0.000413129299
 41.8423  2.88628679e-05  3.88256313e-05  4.72686877e-05
 41.8733  5.48656059e-05  0.000215151246  0.000301166573
 41.9043  3.9307557e-05  9.04264e-05  0.000124193173
 41.9353  2.97290205e-05  4.21881298e-05  5.488715e-05
 41.9664  3.07414372e-05  1.03177636e-05  3.46246571e-05
 41.9974  4.74845048e-05  1.53721015e-05  6.18200942e-05
 42.0284  0.000164003831  7.47747002e-05  0.000157521977
 42.0594  0.000503936691  0.000265766523  0.00037086722
 42.0905  0.000599344366  0.000151278372  0.000445777389
 42.1215  0.000741652082  0.000163168719  0.000162736866
 42.1525  0.0016129951  0.000375270625  0.000931525161
 42.1835  0.00157108133  0.000438889765  0.000924279901
 42.2146  0.000367234137  6.58476349e-05  0.000296167397
 42.2456  0.000602380818  0.000106344488  0.000244585004
 42.2766  0.000285231811  0.000654452138  0.000134555272
 42.3076  0.000475919002  0.000177417798  0.000176607309
 42.3387  0.000216465552  5.55966613e-05  0.000336827404
 42.3697  0.00101965439  0.00015434904  0.00130939762
 42.4007  0.000756456003  0.00016093144  0.00144004406
 42.4317  0.000140406898  2.84747792e-05  0.000210429371
 42.4628  7.16188894e-05  4.40585215e-05  8.89628424e-05
 42.4938  2.86307092e-05  1.97346355e-05  3.13524406e-05
 42.5248  1.81075492e-05  1.50908441e-05  2.1376347e-05
 42.5558  2.4346023e-05  4.66774019e-06  6.48020913e-06
 42.5869  4.58802585e-05  4.33062261e-06  5.75082032e-06
 42.6179  7.27275503e-05  3.40469251e-05  3.65020929e-05
 42.6489  7.95489482e-05  2.1051365e-05  2.42310904e-05
 42.6799  9.49207333e-05  1.2427839e-05  1.55633583e-05
 42.711  0.000106143207  1.40466349e-05  1.64356231e-05
 42.742  0.000119063364  4.34268134e-05  5.16601145e-05
 42.773  0.000155348399  8.79974077e-05  0.000107854182
 42.8041  0.000220644972  0.00012057363  0.000199175641
 42.8351  0.000343275282  5.90433743e-05  6.61663243e-05
 42.8661  0.000614816326  3.72188371e-05  3.46926516e-05
 42.8971  0.00126821833  0.000126139103  0.000180283361
 42.9282  0.00275093532  0.000276219354  0.00024529043
 42.9592  0.0045456049  0.000736314915  0.000596243601
 42.9902  0.00596385347  0.0012221459  0.00124440893
 43.0212  0.00785354438  0.00390397324  0.0036458217
 43.0523  0.00779141506  0.00549517671  0.00400770306
 43.0833  0.0125917427  0.0167116281  0.0121621734
 43.1143  0.0142965198  0.0147654609  0.0111799
 43.1453  0.00735968463  0.00540802008  0.00464195654
 43.1764  0.0113230525  0.0130648132  0.0123060931
 43.2074  0.0108259749  0.0107132747  0.00870765737
 43.2384  0.00652807586  0.00358838658  0.00193241842
 43.2694  0.00741415671  0.00592279742  0.00450977722
 43.3005  0.00595872709  0.00550704614  0.00377372517
 43.3315  0.00377467856  0.00242695223  0.00243017662
 43.3625  0.00605029831  0.00182018816  0.0011592458
 43.3935  0.00613203338  0.00174852933  0.00106647397
 43.4246  0.00519907546  0.00186001752  0.000808551481
 43.4556  0.00483010677  0.00233730094  0.000741340734
 43.4866  0.00475131006  0.00131949704  0.000649585064
 43.5176  0.00434750922  0.00167501402  0.000775680648
 43.5487  0.00499809137  0.00162260774  0.000886269913
 43.5797  0.00538167933  0.00190317429  0.0013084644
 43.6107  0.00598174429  0.00217499236  0.00175732134
 43.6417  0.00624112172  0.00174751436  0.00180597473
 43.6728  0.00543202346  0.00173944985  0.000867999404
 43.7038  0.00634585229  0.00196052005  0.00304633901
 43.7348  0.00673909084  0.00272271981  0.00440222007
 43.7658  0.00727679756  0.00385294302  0.00546059121
 43.7969  0.0079094001  0.00516464934  0.00628199788
 43.8279  0.00804277582  0.00693664501  0.00744681736
 43.8589  0.00630088175  0.00263823129  0.00254792232
 43.8899  0.00638024304  0.00279964581  0.00227443622
 43.921  0.00816777564  0.00714203282  0.0070061319
 43.952  0.0110972427  0.012258894  0.0131657648
 43.983  0.00745337839  0.00233683928  0.00240616629
 44.014  0.0117507144  0.00546701303  0.00683236998
 44.0451  0.0130604795  0.00572700476  0.00685603328
 44.0761  0.0115214869  0.00397901545  0.00357398481
 44.1071  0.0110148115  0.00344106836  0.00192718797
 44.1381  0.0117807029  0.00412826501  0.00237241423
 44.1692  0.0126071129  0.00480922404  0.00290130855
 44.2002  0.0142772891  0.00477718361  0.00230535812
 44.2312  0.0169939663  0.00741351917  0.00272377936
 44.2622  0.0209653019  0.00965644764  0.00640757096
 44.2933  0.0242831987  0.00999725144  0.00942391517
 44.3243  0.0257312464  0.0100434055  0.00999122951
 44.3553  0.0250886877  0.0116758772  0.00846873191
 44.3864  0.0280621911  0.012962403  0.0078095454
 44.4174  0.0312845161  0.0151911309  0.0116761031
 44.4484  0.0309513177  0.0168334264  0.0160327445
 44.4794  0.0367070361  0.0356984443  0.0417186076
 44.5105  0.0408298214  0.0454488173  0.0535403591
 44.5415  0.0348274258  0.0467104667  0.0616666972
 44.5725  0.0302909058  0.0178317028  0.0427365716
 44.6035  0.031996682  0.0188559368  0.0712078155
 44.6346  0.0343411945  0.0882487304  0.116318134
 44.6656  0.0388114911  0.176989053  0.146155546
 44.6966  0.0418704229  0.127571403  0.0977501157
 44.7276  0.00964906142  0.0699564745  0.0535125819
 44.7587  0.00771997609  0.0377868566  0.0314368956
 44.7897  0.00385644123  0.0271319957  0.0267511808
 44.8207  0.00334417217  0.0260189042  0.025956992
 44.8517  0.00590840461  0.0242304857  0.0240944396
 44.8828  0.00638428946  0.0213574866  0.0211992176
 44.9138  0.00211865912  0.0171429626  0.0169344345
 44.9448  0.00163895563  0.0156354649  0.0153447308
 44.9758  0.00184147414  0.013236276  0.0129149274
 45.0069  0.00180770366  0.00828936037  0.0080321593
 45.0379  0.00128690976  0.000769881731  0.000715627219
 45.0689  nan  nan  nan
 45.0999  0.0117468223  0.0277433508  0.0268640607
 45.131  0.0109963324  0.0302042461  0.0289597153
 45.162  0.0107688963  0.0302076938  0.0284558249
 45.193  0.0117430879  0.027252208  0.0253306991
 45.224  0.0139065026  0.0220349676  0.0198023835
 45.2551  0.013414144  0.0192278696  0.0177402928
 45.2861  0.0122382633  0.0120628478  0.00607141961
 45.3171  0.0287536113  0.0361038573  0.0161873842
 45.3481  nan  nan  nan
 45.3792  nan  nan  nan
