# X (m) TKE_avg epsilon_turb_pw_avg_Y_avg epsilon_pw_avg_Y_avg
 33.031  0.000149330156  0.0702617864  0.00876556675
 33.062  0.000153002992  0.0047483195  0.000759590088
 33.0931  0.000164134081  0.000880524841  0.000146808994
 33.1241  0.000160486789  2.07264286e-05  1.16467902e-05
 33.1551  0.000163866606  2.4671901e-05  2.14098632e-05
 33.1861  0.000260436053  3.69946625e-05  5.26314931e-05
 33.2171  0.000276584301  3.17113315e-05  4.14400802e-05
 33.2481  0.000243939332  2.21507029e-05  3.27183379e-05
 33.2792  0.000243722028  1.87155987e-05  2.73276127e-05
 33.3102  0.00025470724  2.02857529e-05  2.53422545e-05
 33.3412  0.000269007564  1.94920907e-05  2.39090007e-05
 33.3722  0.000222666565  1.56184011e-05  2.65021266e-05
 33.4032  0.000164359094  1.3850629e-05  2.82343231e-05
 33.4342  0.00015825096  1.20373396e-05  2.9958224e-05
 33.4653  0.0001203738  1.15274614e-05  2.36961989e-05
 33.4963  0.000123771822  1.48506821e-05  2.16879611e-05
 33.5273  0.000119163031  1.03876873e-05  1.64619394e-05
 33.5583  9.92909082e-05  1.04954843e-05  1.09662905e-05
 33.5893  8.80666304e-05  8.24006355e-06  6.75222045e-06
 33.6204  8.7087305e-05  8.22993931e-06  6.41162897e-06
 33.6514  9.06831992e-05  8.8235251e-06  6.39932715e-06
 33.6824  9.46789256e-05  6.97682781e-06  4.71838079e-06
 33.7134  0.000110354545  6.60395112e-06  5.64080021e-06
 33.7444  0.000118800603  5.59344855e-06  5.04648891e-06
 33.7754  0.000119782314  6.00166534e-06  5.63505658e-06
 33.8065  0.000151710002  7.86380494e-06  5.668411e-06
 33.8375  0.000167686899  7.8832259e-06  4.80635938e-06
 33.8685  0.000153458251  8.10841691e-06  5.13779077e-06
 33.8995  0.000147025462  6.15939418e-06  3.94182869e-06
 33.9305  0.00013127531  6.52142631e-06  6.07841424e-06
 33.9616  0.000127908083  5.38856439e-06  5.60225456e-06
 33.9926  0.00013097106  6.37349379e-06  6.87726106e-06
 34.0236  0.000139730543  6.1680426e-06  5.19683485e-06
 34.0546  0.000143765158  5.35218122e-06  4.30919491e-06
 34.0856  0.000136293293  5.1459667e-06  5.29715452e-06
 34.1166  0.000117663272  3.55279763e-06  3.75715045e-06
 34.1477  0.000107159713  5.97469864e-06  7.09049507e-06
 34.1787  0.000117643074  5.57795886e-06  6.62444773e-06
 34.2097  0.000120337776  4.06873005e-06  4.87620899e-06
 34.2407  0.000129466003  6.3113019e-06  7.32692514e-06
 34.2717  0.000129493423  5.32056473e-06  5.0485196e-06
 34.3027  0.000133121915  5.08318553e-06  5.53510884e-06
 34.3338  0.00013769386  5.49563314e-06  5.93634574e-06
 34.3648  0.000125721374  4.46837062e-06  5.29102869e-06
 34.3958  0.000113793443  4.93289302e-06  5.7565272e-06
 34.4268  9.88105594e-05  5.13625758e-06  4.96573465e-06
 34.4578  9.84073299e-05  5.25997975e-06  4.42385934e-06
 34.4889  8.9136022e-05  4.22378667e-06  3.99941889e-06
 34.5199  8.03774022e-05  3.70328762e-06  3.69583941e-06
 34.5509  7.91449825e-05  4.59476367e-06  4.28216364e-06
 34.5819  8.26993556e-05  4.29577549e-06  5.67597353e-06
 34.6129  7.45045992e-05  4.79176001e-06  3.39623159e-06
 34.6439  6.74362836e-05  3.75386464e-06  2.52629829e-06
 34.675  6.47243931e-05  2.15831077e-06  2.51836682e-06
 34.706  6.96635333e-05  3.25253391e-06  3.66984457e-06
 34.737  7.30424618e-05  5.2521592e-06  4.23818273e-06
 34.768  7.66598211e-05  4.80643247e-06  4.24761662e-06
 34.799  6.93259363e-05  4.3331457e-06  4.02599228e-06
 34.8301  7.01702683e-05  2.46990848e-06  2.98607954e-06
 34.8611  7.47920677e-05  2.56235768e-06  3.92249065e-06
 34.8921  7.61286754e-05  2.98095556e-06  4.15468008e-06
 34.9231  7.76004291e-05  2.74256916e-06  3.53272458e-06
 34.9541  8.05575733e-05  3.28174818e-06  4.13767218e-06
 34.9851  7.39200483e-05  3.56196985e-06  4.22519329e-06
 35.0162  7.07616924e-05  2.91923381e-06  4.45531875e-06
 35.0472  7.06146977e-05  2.20973989e-06  4.22784128e-06
 35.0782  6.63627731e-05  1.40137408e-06  3.48262886e-06
 35.1092  7.28343238e-05  1.32253773e-06  4.99941888e-06
 35.1402  7.67589186e-05  2.41933406e-06  7.04854066e-06
 35.1712  6.77514929e-05  1.97685516e-06  5.47938033e-06
 35.2023  6.26128013e-05  2.19022811e-06  6.12694623e-06
 35.2333  6.61464974e-05  3.18617845e-06  6.8273497e-06
 35.2643  7.03528063e-05  2.8605702e-06  7.08473213e-06
 35.2953  7.22715367e-05  4.21944799e-06  1.20730139e-05
 35.3263  7.8976017e-05  2.28525277e-06  9.06691976e-06
 35.3574  7.757992e-05  4.04851609e-06  9.39539311e-06
 35.3884  8.43307294e-05  6.31275339e-06  1.42800233e-05
 35.4194  9.02953222e-05  3.32937446e-06  1.1135224e-05
 35.4504  9.5149124e-05  2.52998043e-06  1.10642925e-05
 35.4814  0.000122546586  3.34055745e-06  1.53452322e-05
 35.5124  0.000113926655  8.64861699e-06  2.5055217e-05
 35.5435  0.000128710479  8.97747102e-06  2.64311264e-05
 35.5745  0.000147260076  8.434346e-06  2.68127477e-05
 35.6055  0.00014517382  6.46404232e-06  2.28400945e-05
 35.6365  0.00016583603  7.30271212e-06  2.70450781e-05
 35.6675  0.000189578935  8.212159e-06  3.36106893e-05
 35.6986  0.000176364213  6.74993826e-06  2.96679304e-05
 35.7296  0.000154605012  6.40067042e-06  2.96647173e-05
 35.7606  0.000147403645  7.2472295e-06  3.17819802e-05
 35.7916  0.000169430967  7.05547783e-06  3.35569465e-05
 35.8226  0.00016176729  1.19805099e-05  3.74515761e-05
 35.8536  0.000151206502  7.36060704e-06  2.98639168e-05
 35.8847  0.0001813494  7.60457758e-06  2.86372221e-05
 35.9157  0.00020793473  8.88565839e-06  3.31279256e-05
 35.9467  0.000212188825  7.52792265e-06  3.40084508e-05
 35.9777  0.000194932933  8.32981376e-06  3.5251875e-05
 36.0087  0.000184199223  8.69486879e-06  3.22397195e-05
 36.0397  0.000225593314  1.12057697e-05  3.35569447e-05
 36.0708  0.000216163364  9.25760544e-06  2.58548994e-05
 36.1018  0.000233097807  1.11051433e-05  2.2249687e-05
 36.1328  0.000241437587  1.16502478e-05  1.6137896e-05
 36.1638  0.00020770364  8.88628389e-06  1.08894153e-05
 36.1948  0.000226540142  1.04788206e-05  1.25479794e-05
 36.2259  0.000165179356  8.34054721e-06  9.97781952e-06
 36.2569  0.000169056514  7.91082966e-06  1.03492085e-05
 36.2879  0.000192537698  8.32141436e-06  1.02712563e-05
 36.3189  0.000243777947  1.14513266e-05  1.20663565e-05
 36.3499  0.000257666681  1.29468679e-05  1.22520131e-05
 36.3809  0.000252317261  1.01016381e-05  1.21130954e-05
 36.412  0.000255654017  1.37141363e-05  1.23381055e-05
 36.443  0.000235250696  1.62057749e-05  1.30100429e-05
 36.474  0.00021821102  1.53727081e-05  1.4073339e-05
 36.505  0.000244093359  1.66268195e-05  1.91311932e-05
 36.536  0.00023430391  1.54221964e-05  2.14228677e-05
 36.5671  0.000323913338  2.51129671e-05  2.46924057e-05
 36.5981  0.000346608144  4.02999997e-05  2.63155807e-05
 36.6291  0.000215244976  2.31679534e-05  1.69676813e-05
 36.6601  0.000202093748  1.68604392e-05  1.28511425e-05
 36.6911  0.00016055671  1.88168959e-05  1.00367347e-05
 36.7221  0.000136311152  2.79645523e-05  7.33993405e-06
 36.7532  0.000110985073  1.05203136e-05  4.26043989e-06
 36.7842  9.09085887e-05  5.03430182e-06  3.13735929e-06
 36.8152  8.3088343e-05  3.85648572e-06  3.14199675e-06
 36.8462  8.3025673e-05  6.17882612e-06  4.73798442e-06
 36.8772  9.98679397e-05  9.6351105e-06  5.29450658e-06
 36.9082  9.50663638e-05  1.22072653e-05  5.53850957e-06
 36.9393  9.71045055e-05  1.57951628e-05  1.51998319e-05
 36.9703  9.68506931e-05  1.80709425e-05  1.92145705e-05
 37.0013  0.000109702781  1.75282893e-05  1.79336579e-05
 37.0323  0.000108163929  1.58875135e-05  1.26120655e-05
 37.0633  0.000123839082  1.39163083e-05  1.92601478e-05
 37.0944  0.000114016575  1.01521965e-05  1.14451291e-05
 37.1254  9.1542454e-05  2.85719115e-05  2.60962539e-05
 37.1564  7.44839809e-05  1.53761545e-05  1.51963752e-05
 37.1874  7.78760051e-05  1.08449221e-05  1.19750536e-05
 37.2184  8.33329493e-05  1.92969915e-05  2.17281608e-05
 37.2494  8.29313375e-05  1.68493863e-05  2.11971165e-05
 37.2805  8.91620193e-05  7.68733333e-06  9.19525969e-06
 37.3115  9.87159832e-05  1.6121919e-05  2.07272595e-05
 37.3425  0.000101136579  2.1751744e-05  2.64909995e-05
 37.3735  0.000124281087  1.5854533e-05  1.51697043e-05
 37.4045  0.000127166319  1.07254283e-05  1.27650034e-05
 37.4356  0.000111208573  7.35177441e-06  1.1039498e-05
 37.4666  0.000122271461  7.89222385e-06  1.09800544e-05
 37.4976  0.000118269443  7.03032366e-06  1.28750338e-05
 37.5286  0.000138569099  8.22039901e-06  1.50394377e-05
 37.5596  0.000158778175  1.06263462e-05  1.87704582e-05
 37.5906  0.000177324487  8.13485606e-06  2.05352553e-05
 37.6217  0.000244801439  1.12985803e-05  2.41898061e-05
 37.6527  0.000273812461  8.80403284e-06  1.66094516e-05
 37.6837  0.000252392118  7.26532845e-06  1.32422072e-05
 37.7147  0.000246030203  6.61121337e-06  1.14968537e-05
 37.7457  0.000230808194  5.37012357e-06  9.57388362e-06
 37.7767  0.000232143103  7.33317145e-06  8.04962764e-06
 37.8078  0.00027457545  9.28249623e-06  8.36869633e-06
 37.8388  0.000272424717  8.84766335e-06  8.1930452e-06
 37.8698  0.000256302409  1.03188494e-05  1.31848365e-05
 37.9008  0.000220287428  9.56833553e-06  1.22603559e-05
 37.9318  0.000185644895  1.05820344e-05  1.58272814e-05
 37.9629  0.000145867198  9.54403018e-06  1.30155045e-05
 37.9939  0.000132045031  7.94717925e-06  1.63211724e-05
 38.0249  0.000123175285  9.28585744e-06  1.72281125e-05
 38.0559  0.000121876728  1.1055972e-05  2.10012245e-05
 38.0869  0.00012199202  9.08263907e-06  1.96923557e-05
 38.1179  0.000112744271  8.32402552e-06  1.93316153e-05
 38.149  0.000115538966  6.80837645e-06  1.75170997e-05
 38.18  0.00012003388  6.25779225e-06  1.78718737e-05
 38.211  0.000124538569  4.4564125e-06  1.55945711e-05
 38.242  0.000123642687  5.8058606e-06  2.14101862e-05
 38.273  0.000122072202  7.96299525e-06  1.94995299e-05
 38.3041  0.000140850923  2.24566111e-05  4.21390072e-05
 38.3351  0.000131173308  8.647402e-06  2.40477834e-05
 38.3661  0.000135480474  1.17461829e-05  2.73319154e-05
 38.3971  0.000143317385  1.56814295e-05  3.55529077e-05
 38.4281  0.000160480085  8.19320066e-06  3.05072067e-05
 38.4591  0.000177291094  7.66237637e-06  3.69149041e-05
 38.4902  0.000192735787  8.21282765e-06  4.30358698e-05
 38.5212  0.000179836574  9.81468529e-06  4.09606291e-05
 38.5522  0.00018535511  9.0980657e-06  4.11687226e-05
 38.5832  0.000191689767  1.04419088e-05  4.42372397e-05
 38.6142  0.000183974984  1.05181689e-05  4.25215214e-05
 38.6452  0.000180579682  8.09576699e-06  3.75319358e-05
 38.6763  0.000181565847  9.2427069e-06  4.21787315e-05
 38.7073  0.000177121845  9.4616271e-06  4.17998677e-05
 38.7383  0.00021145656  1.08131073e-05  3.56604111e-05
 38.7693  0.000291950032  2.45927023e-05  3.43740452e-05
 38.8003  0.000401758389  3.36001826e-05  3.20685362e-05
 38.8314  0.000451795772  2.47574131e-05  2.77362681e-05
 38.8624  0.000465655192  3.12918395e-05  2.20606624e-05
 38.8934  0.000352238905  2.85555829e-05  1.65418583e-05
 38.9244  0.000271118418  3.56674534e-05  1.4817831e-05
 38.9554  0.000187025798  3.78644863e-05  1.10864034e-05
 38.9864  0.000150890426  3.30126384e-05  7.31918984e-06
 39.0175  0.000141616893  1.62710371e-05  4.40933194e-06
 39.0485  0.000130531601  7.28515072e-06  2.5208883e-06
 39.0795  0.000131516794  5.06272436e-06  2.05311764e-06
 39.1105  0.000142707273  4.32940334e-06  2.28601523e-06
 39.1415  0.000157792117  5.00983312e-06  3.20677521e-06
 39.1726  0.000171308427  6.1457761e-06  4.09165462e-06
 39.2036  0.000184113646  6.87998438e-06  4.57518662e-06
 39.2346  0.000232738556  1.52849323e-05  6.90285465e-06
 39.2656  0.000294384057  2.40181294e-05  9.74844907e-06
 39.2966  0.000331304909  2.63026989e-05  1.04622221e-05
 39.3276  0.000286410673  2.40276533e-05  6.79692225e-06
 39.3587  0.000292141939  3.40641962e-05  1.1382715e-05
 39.3897  0.000258918163  3.30214105e-05  1.85452504e-05
 39.4207  0.000273807689  2.12173192e-05  9.76322107e-06
 39.4517  0.000249108151  2.24928522e-05  1.65297357e-05
 39.4827  0.000274455994  2.32467301e-05  1.31908784e-05
 39.5137  0.000279574287  2.37537732e-05  1.39376412e-05
 39.5448  0.00031237946  2.48186825e-05  1.29922008e-05
 39.5758  0.000341770989  1.87241978e-05  8.09002831e-06
 39.6068  0.000354443948  2.3946517e-05  1.14832226e-05
 39.6378  0.000356513943  3.54318352e-05  1.81009976e-05
 39.6688  0.000357891308  4.65283157e-05  2.79417208e-05
 39.6999  0.000410599541  4.80465753e-05  2.62399954e-05
 39.7309  0.000426326959  5.44637374e-05  3.75693532e-05
 39.7619  0.000418802961  4.39696395e-05  3.66018691e-05
 39.7929  0.000416982806  5.0936771e-05  3.85332911e-05
 39.8239  0.000408170087  5.74897341e-05  4.33405315e-05
 39.8549  0.000409644363  7.14308918e-05  4.15029172e-05
 39.886  0.000381410533  6.96154159e-05  3.48599199e-05
 39.917  0.000361591395  3.50718448e-05  2.00555438e-05
 39.948  0.000342528865  3.53616999e-05  3.28355953e-05
 39.979  0.000354984407  4.86853706e-05  5.73890456e-05
 40.01  0.000368442004  1.90924786e-05  2.93826055e-05
 40.0411  0.000399982027  1.9721106e-05  3.52357916e-05
 40.0721  0.000465128431  2.57336749e-05  4.76807584e-05
 40.1031  0.000588120371  3.63085854e-05  5.47031724e-05
 40.1341  0.000764826777  4.73654715e-05  5.96275415e-05
 40.1651  0.000974756392  4.26550886e-05  4.67018247e-05
 40.1961  0.00112303045  4.58771179e-05  4.10325409e-05
 40.2272  0.00119514402  6.38072785e-05  4.42876071e-05
 40.2582  0.00115595404  8.93687661e-05  4.62168649e-05
 40.2892  0.00089864955  4.0481771e-05  4.8702965e-05
 40.3202  0.00071092522  7.51535377e-05  4.4084383e-05
 40.3512  0.000794976764  7.06694895e-05  4.38439188e-05
 40.3822  0.000987934195  4.25434468e-05  2.66815979e-05
 40.4133  0.00129848395  5.65692036e-05  2.3611981e-05
 40.4443  0.00167775479  7.18063632e-05  2.65740994e-05
 40.4753  0.00268707121  0.000117897347  3.249263e-05
 40.5063  0.00380235868  0.000171035189  4.27712292e-05
 40.5373  0.00413166375  0.000211813558  5.11397837e-05
 40.5684  0.00383750048  0.000221018456  5.53143804e-05
 40.5994  0.00358480472  0.000195058135  5.7702275e-05
 40.6304  0.00381225485  0.000206630876  6.27662785e-05
 40.6614  0.00325873445  0.000164570979  6.81444418e-05
 40.6924  0.00273502873  0.000120065609  6.17130247e-05
 40.7234  0.00265157396  0.000112435991  5.25795476e-05
 40.7545  0.00309362642  0.00016243802  4.83584758e-05
 40.7855  0.00390316189  0.000271393249  7.41702675e-05
 40.8165  0.00459435691  0.000390768082  9.81649604e-05
 40.8475  0.00445916093  0.000353099593  9.75897748e-05
 40.8785  0.00431410949  0.000291421604  6.98429975e-05
 40.9096  0.0045656916  0.000290103469  8.92697693e-05
 40.9406  0.00535184178  0.000355025214  8.32426453e-05
 40.9716  0.00561372013  0.000464506512  0.000103178675
 41.0026  0.00605280967  0.000507409751  8.82787867e-05
 41.0336  0.00653944144  0.000653215875  0.000126422409
 41.0646  0.00614156004  0.000637527383  0.000127132823
 41.0957  0.00546333962  0.000523275669  0.000114332573
 41.1267  0.00538838502  0.000441241584  0.000100710099
 41.1577  0.00549583076  0.000414745815  9.34406448e-05
 41.1887  0.00476790561  0.00033198975  9.235506e-05
 41.2197  0.00387241831  0.0002511299  6.22153805e-05
 41.2507  0.00334950491  0.000258256658  6.01301976e-05
 41.2818  0.00322616691  0.000279861402  6.68144471e-05
 41.3128  0.00363850144  0.000297208764  7.11013251e-05
 41.3438  0.00489043903  0.000339554161  7.72340146e-05
 41.3748  0.0054395984  0.000314864641  7.66152361e-05
 41.4058  0.00620573323  0.000365909739  0.00010280612
 41.4369  0.0066124612  0.000397314481  0.000122883616
 41.4679  0.00648592611  0.00036490803  9.58477149e-05
 41.4989  0.0065703318  0.000418756801  9.97887658e-05
 41.5299  0.00734856804  0.000439049608  8.4247418e-05
 41.5609  0.00954675274  0.00058647293  0.000115981089
 41.5919  0.0127857562  0.000743682452  0.000131632323
 41.623  0.0167391879  0.0011398045  0.000166628574
 41.654  0.0215956134  0.00183000539  0.000216282638
 41.685  0.0288438392  0.00303836262  0.000358866691
 41.716  0.03339408  0.00362001269  0.000347232998
 41.747  0.0361838856  0.00404383175  0.000337068738
 41.7781  0.0368911371  0.00478631719  0.000334835026
 41.8091  0.0389593277  0.00612254957  0.000523481991
 41.8401  0.0440911036  0.0075663149  0.000408302289
 41.8711  0.0447918086  0.00800492411  0.000517617675
 41.9021  0.0397023142  0.0075302146  0.000439530726
 41.9331  0.0348602837  0.00706232687  0.000377650119
 41.9642  0.0274225704  0.00611293907  0.00031746084
 41.9952  0.0197697428  0.00489699539  0.000260330661
 42.0262  0.0159651963  0.00396145907  0.000217992576
 42.0572  0.0178519255  0.00386888397  0.000198735622
 42.0882  0.0165663458  0.00347394264  0.000188181256
 42.1192  0.0157127212  0.0034273173  0.000199618657
 42.1503  0.017359583  0.00337513411  0.000213260384
 42.1813  0.0208948961  0.00378467172  0.000219775938
 42.2123  0.0219746432  0.00426043496  0.000210655585
 42.2433  0.0162819717  0.00274934823  0.000183289371
 42.2743  0.0130250195  0.00234916873  0.000165926388
 42.3054  0.0116197561  0.00232432797  0.00015907528
 42.3364  0.0116227876  0.0022105186  0.00015042324
 42.3674  0.0122882921  0.0019902712  0.000145643618
 42.3984  0.0111136545  0.0018115345  0.000148410913
 42.4294  0.0101773666  0.00160867914  0.000138686297
 42.4604  0.00935414967  0.00178274837  0.000127476321
 42.4915  0.00823783079  0.00176200112  0.000124663469
 42.5225  0.00685503672  0.00142542328  0.000114597688
 42.5535  0.00746867426  0.00161686434  0.000130782398
 42.5845  0.00847438682  0.00164858581  0.000143114701
 42.6155  0.0102731534  0.00191034593  0.00017874032
 42.6466  0.0130921432  0.00259886234  0.000202823073
 42.6776  0.017617426  0.00336906164  0.000247302824
 42.7086  0.0224162435  0.00400688244  0.000283737982
 42.7396  0.0262681368  0.00542456787  0.000343651288
 42.7706  0.0268219177  0.00591865857  0.000354674194
 42.8016  0.0251738225  0.00486037312  0.000322955001
 42.8327  0.0280071785  0.00509183709  0.000329014287
 42.8637  0.0332653357  0.00574431197  0.000354371551
 42.8947  0.0388212124  0.00696845027  0.000420768203
 42.9257  0.042150069  0.00960628529  0.000626294852
 42.9567  0.0435935074  0.0109119429  0.000544584676
 42.9877  0.0400255542  0.0156666678  0.000773220841
 43.0188  0.0488318058  0.0223291869  0.0010681883
 43.0498  0.0692789492  0.0313089405  0.00127335634
 43.0808  0.0985747134  0.0469067342  0.00212648883
 43.1118  0.119098622  0.0633639794  0.00422665447
 43.1428  0.157829966  0.11602477  0.00742873655
 43.1739  0.22100556  0.371920362  0.0212850212
 43.2049  0.276445685  0.624210947  0.0427193275
 43.2359  0.306890794  0.620295088  0.119806222
 43.2669  0.251195137  0.445211967  0.0770955665
 43.2979  0.154052271  0.591121356  0.0118154894
 43.3289  nan  nan  nan
 43.36  nan  nan  nan
 43.391  nan  nan  nan
 43.422  nan  nan  nan
 43.453  nan  nan  nan
 43.484  0.00240977103  0.000589129633  0.000520832234
 43.5151  0.00245664071  0.000579824132  0.000561567708
 43.5461  0.00243203677  0.000637184079  0.000670842444
 43.5771  0.0016448901  0.000254842505  0.000225310129
 43.6081  0.00112379008  0.000198575381  0.000188248288
 43.6391  0.00168061637  0.000481640504  0.000551612607
 43.6701  0.00158556492  0.00033316004  0.000293537393
 43.7012  0.00183625821  0.000809240453  0.000788587744
 43.7322  0.00208327922  0.0013423735  0.00131313527
 43.7632  0.0024600317  0.00197640899  0.00177441018
 43.7942  0.00272091078  0.00271252059  0.00218678034
 43.8252  0.00225168919  0.00269506293  0.00267882114
 43.8562  0.00239130222  0.0021913229  0.00206056072
 43.8873  0.00213906182  0.00210940096  0.002007078
 43.9183  0.00235958072  0.00508372658  0.00502263211
 43.9493  0.00315961329  0.00905988233  0.00898785601
 43.9803  0.00299531577  0.00325927131  0.00303209435
 44.0113  0.00818016381  0.0189039525  0.0194857636
 44.0424  0.00705402937  0.0144380634  0.0146800597
 44.0734  0.00394407389  0.00652254226  0.00664112609
 44.1044  0.00223579427  0.00227540324  0.00210216801
 44.1354  0.00242374198  0.00283561489  0.00246871479
 44.1664  0.00269265111  0.00318149879  0.00265988827
 44.1974  0.00311907439  0.00316238938  0.00265143175
 44.2285  0.00339389052  0.00291068093  0.0026053499
 44.2595  0.00866106754  0.0139948606  0.00794465351
 44.2905  0.0136950308  0.0227167666  0.0145671684
 44.3215  0.0152468153  0.0217706351  0.0180321492
 44.3525  0.0150964038  0.0270047246  0.0187585781
 44.3836  0.0184570341  0.0323813944  0.0220888972
 44.4146  0.0213892376  0.03204465  0.0254958923
 44.4456  0.0277551348  0.0326363143  0.0298153527
 44.4766  0.0524851987  0.0486569262  0.0379018491
 44.5076  0.0759949279  0.0887122265  0.0325081304
 44.5386  0.0943988468  0.0777162621  0.0108337127
 44.5697  0.0734632718  0.0400511424  0.00393652491
 44.6007  0.0573080799  0.0287221596  0.00251421896
 44.6317  0.0470091143  0.0225616991  0.00163939257
 44.6627  0.0375639869  0.0145426548  0.00107640477
 44.6937  0.0364275007  0.0150747185  0.00102708769
 44.7247  0.0323856795  0.0110154549  0.000921361764
 44.7558  0.0324053843  0.00918863809  0.000773256046
 44.7868  0.0281271252  0.00786472414  0.000813235388
 44.8178  0.0234985043  0.00722433063  0.000737455799
 44.8488  0.0195274412  0.00613479375  0.000543546045
 44.8798  0.0148022061  0.00429478226  0.000557853712
 44.9109  0.00996529391  0.00208538304  0.000411368354
 44.9419  0.00894042112  0.00138181614  0.000429561229
 44.9729  0.00863387707  0.00111660338  0.000429035183
 45.0039  0.00653122308  0.00127160989  0.000310973879
 45.0349  0.00518013487  0.00170725423  0.000199101067
 45.0659  0.0050021744  0.000712895212  0.000112000824
 45.097  0.00512228057  0.000635506029  0.000135408146
 45.128  0.00526478951  0.000536935485  0.000152010025
 45.159  0.00528642641  0.000466718579  0.000154819637
 45.19  0.00483891308  0.000518256179  0.000242172683
 45.221  0.00442028254  0.000450743281  0.000124493454
 45.2521  0.00388697952  0.000355540091  0.00013936099
 45.2831  0.00411877888  0.000382937753  0.00011886225
 45.3141  0.00460104091  0.000611099767  0.000312918697
 45.3451  0.0053897247  0.000838916513  0.000584723988
 45.3761  nan  nan  nan
