# X (m) TKE_avg epsilon_turb_pw_avg_Y_avg epsilon_pw_avg_Y_avg
 33.0309  9.73165609e-05  6.40612191e-06  3.22012126e-06
 33.0618  9.03887394e-05  4.4559346e-06  4.04043264e-06
 33.0926  0.000102959144  5.67926033e-06  4.11397895e-06
 33.1235  8.81531263e-05  4.53516621e-06  3.01517368e-06
 33.1544  7.99128773e-05  3.47417731e-06  2.60500731e-06
 33.1853  7.56192264e-05  4.18579828e-06  4.5197679e-06
 33.2161  8.42433699e-05  3.77233324e-06  4.92538506e-06
 33.247  9.81254937e-05  7.30099373e-06  1.10547019e-05
 33.2779  0.000142440688  8.59681669e-06  1.13237955e-05
 33.3088  0.000172732198  1.06878784e-05  1.37454927e-05
 33.3397  0.000199370782  1.37613282e-05  1.20953775e-05
 33.3705  0.000146662418  1.10979076e-05  8.74941059e-06
 33.4014  0.000157675456  1.16003737e-05  1.20611893e-05
 33.4323  0.00015064652  9.63966874e-06  8.26004157e-06
 33.4632  0.000128880589  8.65981256e-06  5.43878139e-06
 33.494  0.000134649448  1.35007092e-05  5.67325798e-06
 33.5249  0.000214446333  3.8136371e-05  1.42362756e-05
 33.5558  0.000178173837  3.16676156e-05  1.0113649e-05
 33.5867  0.000181540991  2.41575799e-05  1.41655528e-05
 33.6176  0.000159154612  1.39095779e-05  1.03556066e-05
 33.6484  0.000124961169  1.10441426e-05  7.01302166e-06
 33.6793  9.39275898e-05  4.81880323e-06  5.79834084e-06
 33.7102  8.99090023e-05  4.61443034e-06  5.39960003e-06
 33.7411  7.69755094e-05  3.71748519e-06  8.15444055e-06
 33.7719  8.34310643e-05  4.2796731e-06  7.03284954e-06
 33.8028  7.61478791e-05  4.23487854e-06  6.05235169e-06
 33.8337  6.49732364e-05  2.25060431e-06  4.88831377e-06
 33.8646  6.0043619e-05  3.00079914e-06  5.21378175e-06
 33.8955  6.41036233e-05  2.96277101e-06  4.39182768e-06
 33.9263  6.4898627e-05  1.57697034e-06  3.37738513e-06
 33.9572  7.14963532e-05  1.93454221e-06  3.62717215e-06
 33.9881  7.21942154e-05  2.12456795e-06  3.93244659e-06
 34.019  7.22934088e-05  2.05308789e-06  3.68245775e-06
 34.0498  6.76963386e-05  2.51245549e-06  3.66000318e-06
 34.0807  6.75424516e-05  2.13089511e-06  3.80989306e-06
 34.1116  6.83998201e-05  1.99106362e-06  3.30171677e-06
 34.1425  7.61103655e-05  1.97318762e-06  3.26263187e-06
 34.1734  8.81762373e-05  1.67718586e-06  3.44076942e-06
 34.2042  9.09719736e-05  2.01169716e-06  3.85919122e-06
 34.2351  9.68485165e-05  2.66333525e-06  4.09066592e-06
 34.266  9.56667655e-05  2.81210879e-06  4.01987522e-06
 34.2969  8.97189368e-05  2.71365791e-06  3.61678685e-06
 34.3277  8.46017774e-05  2.57678201e-06  3.96085597e-06
 34.3586  7.57715767e-05  2.31768573e-06  3.92531776e-06
 34.3895  7.98488455e-05  2.1597327e-06  3.08311192e-06
 34.4204  7.320913e-05  2.54865082e-06  3.40242441e-06
 34.4513  7.32180046e-05  3.32744826e-06  4.22014852e-06
 34.4821  7.38104795e-05  5.14891905e-06  6.80207708e-06
 34.513  7.80125291e-05  7.49481923e-06  1.03196081e-05
 34.5439  8.49754992e-05  4.56655853e-06  5.58591624e-06
 34.5748  9.66432836e-05  8.17521581e-06  1.13396014e-05
 34.6056  0.000107926556  4.0206855e-06  5.83593805e-06
 34.6365  0.00011486748  7.7500839e-06  1.18832329e-05
 34.6674  0.000108393295  7.40391186e-06  1.14246924e-05
 34.6983  0.00010363261  7.10144588e-06  1.08379778e-05
 34.7292  0.000109682007  7.0492161e-06  9.9429432e-06
 34.76  0.000107271412  6.78675681e-06  9.8529556e-06
 34.7909  0.000102163639  8.01888999e-06  1.21884837e-05
 34.8218  0.000114369972  1.19476666e-05  1.9155385e-05
 34.8527  0.000111162036  8.41834833e-06  1.53448191e-05
 34.8836  9.34699441e-05  6.51436569e-06  1.10992602e-05
 34.9144  0.000102571852  6.24334179e-06  1.37791522e-05
 34.9453  0.000120162558  8.47921416e-06  1.58076145e-05
 34.9762  0.000127222535  9.67484198e-06  1.90874206e-05
 35.0071  0.000150377072  8.61467189e-06  2.23926039e-05
 35.0379  0.000150756567  1.10077921e-05  3.02702037e-05
 35.0688  0.000144545581  7.80068346e-06  2.73140502e-05
 35.0997  0.000135053083  6.33414737e-06  2.88955893e-05
 35.1306  0.000135789355  9.1375121e-06  3.00505025e-05
 35.1615  0.000142749836  6.52930974e-06  2.7210159e-05
 35.1923  0.000160795065  8.30009031e-06  3.04545262e-05
 35.2232  0.000180304201  1.10667619e-05  2.91085616e-05
 35.2541  0.00021971122  1.60215228e-05  3.31731598e-05
 35.285  0.000240524013  1.12782759e-05  2.80790967e-05
 35.3158  0.000233272195  9.82223699e-06  3.54550747e-05
 35.3467  0.000204634268  1.03907606e-05  4.36340794e-05
 35.3776  0.00016410978  9.09325289e-06  3.75223961e-05
 35.4085  0.000192605412  1.08291137e-05  3.79472554e-05
 35.4394  0.000256023127  1.12471019e-05  4.06886558e-05
 35.4702  0.000266700213  1.1189781e-05  3.60646957e-05
 35.5011  0.000236582455  8.51045754e-06  3.41123704e-05
 35.532  0.000204573005  6.4353336e-06  3.38579784e-05
 35.5629  0.000189120465  6.45813196e-06  3.40806743e-05
 35.5937  0.000177053979  6.59298102e-06  3.20865261e-05
 35.6246  0.000178454362  8.66799555e-06  3.38099713e-05
 35.6555  0.000176791087  7.4954005e-06  3.06233495e-05
 35.6864  0.000176929184  6.634559e-06  2.69954452e-05
 35.7173  0.000174055312  6.21132438e-06  2.3299416e-05
 35.7481  0.00016096441  5.68462562e-06  2.04717315e-05
 35.779  0.000167134421  5.33863576e-06  1.9536086e-05
 35.8099  0.000158116921  6.17214997e-06  1.63535812e-05
 35.8408  0.000172451958  9.48627621e-06  1.64685195e-05
 35.8716  0.000173820041  1.03801556e-05  1.41709715e-05
 35.9025  0.00020861372  1.1416954e-05  1.27651645e-05
 35.9334  0.000238358643  1.18853062e-05  9.91551066e-06
 35.9643  0.000196180455  9.9579894e-06  7.14472918e-06
 35.9952  0.000165314595  1.37637908e-05  1.04559128e-05
 36.026  0.000143465027  7.86734246e-06  4.70307616e-06
 36.0569  0.000153940881  8.15434678e-06  5.76417958e-06
 36.0878  0.000162462998  1.18822266e-05  1.02042655e-05
 36.1187  0.000154213473  1.686795e-05  1.45502292e-05
 36.1495  0.000163486688  8.08058859e-06  4.80390161e-06
 36.1804  0.000164432891  8.24458803e-06  7.42979664e-06
 36.2113  0.000185762308  8.83903654e-06  8.5771074e-06
 36.2422  0.000198849271  1.63654784e-05  1.5054812e-05
 36.2731  0.000197639717  2.69397076e-05  2.49137934e-05
 36.3039  0.000201035748  9.18152348e-06  6.30751624e-06
 36.3348  0.000170157321  2.67865792e-05  2.73500432e-05
 36.3657  0.000188088616  1.82311803e-05  1.48900207e-05
 36.3966  0.000235540298  2.39489382e-05  2.79109308e-05
 36.4274  0.000237634668  1.65427882e-05  2.03721314e-05
 36.4583  0.000248221702  2.24127231e-05  3.30405978e-05
 36.4892  0.000217295779  1.60971105e-05  1.46055651e-05
 36.5201  0.000238143767  2.33624887e-05  1.5464779e-05
 36.551  0.000299136609  3.28338699e-05  2.16089018e-05
 36.5818  0.000290591638  2.9622474e-05  1.97756795e-05
 36.6127  0.000258388058  2.17861353e-05  1.33274648e-05
 36.6436  0.000290726175  4.63909043e-05  3.55841868e-05
 36.6745  0.000315911334  2.99799913e-05  1.52582342e-05
 36.7053  0.00028841271  2.59462548e-05  1.44761374e-05
 36.7362  0.000248780527  1.86959704e-05  1.0543778e-05
 36.7671  0.00025936755  1.60560413e-05  1.21024489e-05
 36.798  0.000344201515  1.87636506e-05  1.31663015e-05
 36.8289  0.000330809401  2.07486368e-05  1.08316932e-05
 36.8597  0.00022946861  1.09997227e-05  7.63911119e-06
 36.8906  0.000191105495  5.59137128e-06  7.23982487e-06
 36.9215  0.000220222545  8.6062763e-06  9.85684162e-06
 36.9524  0.000236148728  1.54424294e-05  1.39387343e-05
 36.9832  0.000191358655  1.17264126e-05  1.19914825e-05
 37.0141  0.000149080807  3.9169539e-06  7.8215935e-06
 37.045  0.00014462402  7.21033636e-06  1.1693692e-05
 37.0759  0.000147137574  1.00334794e-05  1.46923194e-05
 37.1068  0.000141518045  4.67298381e-06  9.00690415e-06
 37.1376  0.000125336209  7.58928056e-06  9.41322373e-06
 37.1685  0.000125882335  4.27547831e-06  8.0024977e-06
 37.1994  0.000121000658  2.94720363e-06  6.75389811e-06
 37.2303  0.000115405946  2.15496621e-06  6.73811343e-06
 37.2611  0.000105970507  2.5950487e-06  8.56965181e-06
 37.292  0.000105638017  4.76632045e-06  1.1000104e-05
 37.3229  0.000105578734  8.00974959e-06  1.64703074e-05
 37.3538  0.000106769811  9.65887882e-06  2.00852625e-05
 37.3847  0.000128790497  7.71787807e-06  1.36032025e-05
 37.4155  0.000164149959  9.71925926e-06  2.39679882e-05
 37.4464  0.000187072321  1.12096471e-05  2.69682824e-05
 37.4773  0.000218518695  1.5535289e-05  2.9193201e-05
 37.5082  0.000165949598  2.09523295e-05  4.65061908e-05
 37.539  0.000141353881  1.30022608e-05  2.7360034e-05
 37.5699  0.000127251295  2.6445491e-05  3.44485334e-05
 37.6008  0.000118670374  4.73129747e-05  6.66021723e-05
 37.6317  0.000111004857  1.79019084e-05  3.49725063e-05
 37.6626  0.000116518176  7.63967762e-06  1.36767022e-05
 37.6934  0.000119169563  3.53174915e-05  4.29579558e-05
 37.7243  0.000132110079  2.21506531e-05  2.98823915e-05
 37.7552  0.000129255264  2.3909879e-05  3.45014193e-05
 37.7861  0.000125147666  2.50625554e-05  3.34884052e-05
 37.8169  0.000134158105  2.80834663e-05  4.48810565e-05
 37.8478  0.000155984442  2.20903352e-05  5.75275733e-05
 37.8787  0.000185432331  3.63106284e-05  7.25943862e-05
 37.9096  0.000204180893  5.77596969e-05  0.00012169318
 37.9405  0.000230046739  4.33831237e-05  8.87938363e-05
 37.9713  0.000254776245  4.65877745e-05  9.74061276e-05
 38.0022  0.000284990626  3.54460525e-05  8.5667734e-05
 38.0331  0.000305481479  2.28342066e-05  7.29704538e-05
 38.064  0.000296852208  1.64779744e-05  7.16031855e-05
 38.0948  0.000286790127  2.49246595e-05  8.782959e-05
 38.1257  0.000283703722  3.61791363e-05  0.000105520195
 38.1566  0.000286296479  1.7275087e-05  8.19838943e-05
 38.1875  0.000286379711  3.10000746e-05  0.000107260931
 38.2184  0.000299313031  2.03592837e-05  8.44891231e-05
 38.2492  0.000306651561  1.38992052e-05  6.87514065e-05
 38.2801  0.000311783999  1.31178925e-05  6.57801277e-05
 38.311  0.000320565928  1.26156093e-05  6.4064034e-05
 38.3419  0.00033564281  1.21682618e-05  6.62460486e-05
 38.3727  0.000342353181  1.28549622e-05  6.88146408e-05
 38.4036  0.000344220128  1.2468139e-05  7.001393e-05
 38.4345  0.000338346819  1.37630984e-05  7.42309788e-05
 38.4654  0.000336947487  1.3768096e-05  7.7455965e-05
 38.4963  0.000377693958  1.51243332e-05  9.25645088e-05
 38.5271  0.000365580073  1.84475607e-05  0.000101806688
 38.558  0.000315752712  1.9509032e-05  9.33817183e-05
 38.5889  0.00027677507  1.59353499e-05  7.93061207e-05
 38.6198  0.000332442231  1.57438467e-05  8.32968156e-05
 38.6507  0.000373402203  2.04754086e-05  8.27079593e-05
 38.6815  0.00040555729  2.61966526e-05  7.79920636e-05
 38.7124  0.000260211286  1.34220858e-05  5.17051857e-05
 38.7433  0.000291261767  1.75778886e-05  6.15711808e-05
 38.7742  0.000273320427  1.76800397e-05  5.74214238e-05
 38.805  0.000334685306  2.65155861e-05  5.97206809e-05
 38.8359  0.000521467744  5.44197681e-05  6.68332499e-05
 38.8668  0.000760367197  9.08307208e-05  6.76083238e-05
 38.8977  0.000849182599  9.2367497e-05  5.97668808e-05
 38.9286  0.000612841259  8.09651521e-05  3.22357132e-05
 38.9594  0.000464060384  7.31202572e-05  2.33609644e-05
 38.9903  0.00040824659  6.85693232e-05  3.10825904e-05
 39.0212  0.000384464058  4.73700485e-05  2.50256342e-05
 39.0521  0.000479769706  5.08568591e-05  2.8478925e-05
 39.0829  0.000432923663  5.84553419e-05  3.33396394e-05
 39.1138  0.000420345087  4.3825369e-05  3.13137834e-05
 39.1447  0.000433738904  5.27540513e-05  5.10471976e-05
 39.1756  0.000464165522  4.0575901e-05  3.30421115e-05
 39.2065  0.000453901696  3.15598466e-05  1.73608438e-05
 39.2373  0.000410623495  5.97586179e-05  7.78486795e-05
 39.2682  0.000349812032  6.04801645e-05  6.42829002e-05
 39.2991  0.000342904546  4.23909034e-05  3.7234481e-05
 39.33  0.000375018  2.86828738e-05  2.11086533e-05
 39.3608  0.000407430448  9.08351584e-05  9.04864589e-05
 39.3917  0.000430032402  7.05363243e-05  7.25640535e-05
 39.4226  0.00045046642  5.90778998e-05  4.30211377e-05
 39.4535  0.000537789174  9.68748634e-05  4.68084928e-05
 39.4844  0.000624065456  0.000246641639  5.55439477e-05
 39.5152  0.000645427357  0.000416831195  6.97056779e-05
 39.5461  0.000677555714  0.000203170451  6.38376375e-05
 39.577  0.000704895898  0.000149291344  8.174039e-05
 39.6079  0.000947315812  0.000343899337  0.000109305182
 39.6387  0.00105470342  0.000259489144  0.000141362612
 39.6696  0.00120796803  0.00015575535  0.000161699141
 39.7005  0.000963193758  0.000115540805  0.000134614002
 39.7314  0.000332718303  1.17117773e-05  2.78996154e-05
 39.7623  0.000369690883  8.13466872e-06  2.53448209e-05
 39.7931  0.000481648446  1.50852018e-05  3.1125162e-05
 39.824  0.000606273301  2.19689426e-05  4.01166245e-05
 39.8549  0.000685295465  1.8516735e-05  3.06300291e-05
 39.8858  0.000720597663  1.58404746e-05  2.46233101e-05
 39.9166  0.000757677685  1.87017131e-05  3.14951098e-05
 39.9475  0.000772337618  2.30681598e-05  4.3846752e-05
 39.9784  0.000693052905  2.03723722e-05  3.88124891e-05
 40.0093  0.000632713477  2.37550902e-05  5.39207978e-05
 40.0402  0.000626331199  2.63648955e-05  4.89328112e-05
 40.071  0.000652616593  3.15450882e-05  5.18458409e-05
 40.1019  0.000722379643  3.24732279e-05  5.51292764e-05
 40.1328  0.00079615401  3.5461048e-05  6.39067084e-05
 40.1637  0.000944963947  4.30022644e-05  5.42549362e-05
 40.1945  0.00105449596  4.55974655e-05  3.79346419e-05
 40.2254  0.001132382  6.21602336e-05  5.0559771e-05
 40.2563  0.00141925073  9.39590937e-05  7.56804424e-05
 40.2872  0.00187954306  0.000115580749  8.66464652e-05
 40.3181  0.00219035051  0.000127059439  8.91969824e-05
 40.3489  0.00269398977  0.000158341891  7.38416869e-05
 40.3798  0.00320247149  0.000192977404  7.07160369e-05
 40.4107  0.00376704225  0.000246377016  7.61326075e-05
 40.4416  0.00418114384  0.000283964274  0.000119396059
 40.4724  0.00448730075  0.00029039511  8.97796659e-05
 40.5033  0.00444034682  0.000270767778  7.88966334e-05
 40.5342  0.00441618007  0.00023943112  6.87955615e-05
 40.5651  0.00442618291  0.000235223911  8.73990481e-05
 40.596  0.00414357629  0.000212416668  8.48600794e-05
 40.6268  0.00438665743  0.000288193784  9.24528979e-05
 40.6577  0.00451820426  0.000331408051  0.000100773958
 40.6886  0.0047944416  0.000388199723  0.000118789679
 40.7195  0.00498429678  0.000402297005  0.00010242573
 40.7503  0.00479902783  0.000396951686  0.00010425779
 40.7812  0.00449178155  0.000408718883  9.0654413e-05
 40.8121  0.00469939835  0.000377760314  9.87744155e-05
 40.843  0.005291524  0.000391841836  0.000112130647
 40.8739  0.00647520153  0.000455280634  0.000111362875
 40.9047  0.0079666725  0.000569334501  0.000110634168
 40.9356  0.00904734516  0.000684894409  0.000126781257
 40.9665  0.00913779766  0.000670034497  0.000111823457
 40.9974  0.00873297521  0.000601313087  9.75761329e-05
 41.0282  0.00906640013  0.000631067245  0.000106560636
 41.0591  0.0102407865  0.000634940387  0.00010570607
 41.09  0.0115490299  0.000601435033  0.000124867946
 41.1209  0.0122275571  0.000665070827  0.000117605089
 41.1518  0.0119858179  0.00102384214  0.000128696653
 41.1826  0.0120017837  0.00110806872  0.000122912926
 41.2135  0.0119525573  0.00107557338  0.000125459093
 41.2444  0.0117678766  0.00102980501  0.000134462974
 41.2753  0.0116691615  0.00111424565  0.000136658363
 41.3061  0.0106814612  0.0012072002  0.000126973103
 41.337  0.0099588872  0.00109666839  0.000118609903
 41.3679  0.0103924852  0.00104133925  0.000118417583
 41.3988  0.0104961646  0.00107304383  0.000115950945
 41.4297  0.00993015342  0.00113326399  0.000121464854
 41.4605  0.0108223885  0.00126943117  0.000132003328
 41.4914  0.0119817125  0.00152273808  0.000152071941
 41.5223  0.012961438  0.00142814323  0.000135361493
 41.5532  0.0136160556  0.00172620112  0.000145717936
 41.584  0.0145344986  0.0020967853  0.000172853982
 41.6149  0.0168735621  0.00247741269  0.000214543275
 41.6458  0.0224056934  0.00321093398  0.000239336103
 41.6767  0.0242893812  0.00413068127  0.000282742483
 41.7076  0.0250557073  0.0052409667  0.00032199196
 41.7384  0.0264331384  0.0062397303  0.000373045616
 41.7693  0.0291118341  0.00732829692  0.000432574207
 41.8002  0.0317211453  0.00832624743  0.000447446402
 41.8311  0.0300349887  0.00760690578  0.000423866921
 41.8619  0.039830646  0.0100778282  0.000440821382
 41.8928  0.0427410774  0.010852351  0.000465176165
 41.9237  0.0414020458  0.0108810304  0.000501265533
 41.9546  0.0404600659  0.0116615864  0.000546116211
 41.9855  0.0416482506  0.012374088  0.00053875609
 42.0163  0.0468915519  0.0139599897  0.000609644223
 42.0472  0.059725736  0.0153775052  0.000706233852
 42.0781  0.0751416156  0.0196911615  0.000866082388
 42.109  0.083063015  0.0247158403  0.00104815218
 42.1398  0.0799314354  0.0284794153  0.00128620933
 42.1707  0.105145277  0.0411180526  0.00176233396
 42.2016  0.131521357  0.0735999965  0.00230958265
 42.2325  0.160997378  0.0839205862  0.00248580677
 42.2634  0.169018125  0.0994544299  0.00277587538
 42.2942  0.132490495  0.107856431  0.00256681306
 42.3251  0.0810027351  0.0674065188  0.00181742461
 42.356  0.0548625419  0.0266949807  0.000935467033
 42.3869  0.039827534  0.0176746468  0.000793354916
 42.4178  0.0280115505  0.0118276636  0.000813685896
 42.4486  0.0236488168  0.0083263869  0.000886395243
 42.4795  0.0216474707  0.00842426575  0.000910016708
 42.5104  0.0220981906  0.0115567  0.000970863841
 42.5413  0.0206105202  0.00937666284  0.00105837484
 42.5721  0.0187564465  0.00691667651  0.000934047968
 42.603  0.0147464122  0.00468939132  0.000672208968
 42.6339  0.0140752408  0.00445461287  0.000538336334
 42.6648  0.0138926844  0.00239693315  0.000448060073
 42.6957  0.0128470475  0.00297409579  0.00053486227
 42.7265  0.0120251117  0.00299173809  0.000544324531
 42.7574  0.0103851758  0.00277576745  0.000435030638
 42.7883  0.00967555934  0.00288730155  0.000379336391
 42.8192  0.00855725201  0.00263088658  0.000289137048
 42.85  0.00802505272  0.00122513718  0.000166928155
 42.8809  0.00807865914  0.000903825622  0.000166305607
 42.9118  0.00801610352  0.000867695488  0.000113220009
 42.9427  0.00820125725  0.000874751647  0.00013620352
 42.9736  0.00880470818  0.00092559266  0.000128649147
 43.0044  0.00958749607  0.00117741667  0.000144461729
 43.0353  0.00893588934  0.00105440464  0.000174059484
 43.0662  0.00912904324  0.000833745723  0.000140638782
 43.0971  0.00860700929  0.00085537991  0.000129034891
 43.1279  0.00836258808  0.0010470702  0.000172642114
 43.1588  0.00914846369  0.00115703333  0.000148811297
 43.1897  0.0103221881  0.00112745157  0.000177021826
 43.2206  0.0108676754  0.00143212728  0.000145124977
 43.2515  0.0107882609  0.0016772112  0.000160856429
 43.2823  0.0109791879  0.00171544314  0.000159399936
 43.3132  0.0118858391  0.00182073648  0.000163902454
 43.3441  0.0118660276  0.00187286037  0.000184574811
 43.375  0.0113127771  0.00195279356  0.000222499162
 43.4058  0.0108207692  0.0016235682  0.000176589398
 43.4367  0.01154554  0.00174078095  0.000204126519
 43.4676  0.0123071782  0.00186890891  0.000198642124
 43.4985  0.0119522808  0.00181446204  0.00018551604
 43.5294  0.0113833279  0.00185809121  0.000177997274
 43.5602  0.0109562689  0.00184417844  0.000176703546
 43.5911  0.0134829901  0.00246775647  0.000203157138
 43.622  0.0148478112  0.00289487879  0.000250077821
 43.6529  0.0179067525  0.00337698444  0.000308234299
 43.6837  0.0229914837  0.00405858834  0.000354183824
 43.7146  0.0237859381  0.00485885057  0.000445194876
 43.7455  0.0268207246  0.00623270072  0.000545402453
 43.7764  0.0343238959  0.0124877414  0.000810204483
 43.8073  0.0426241268  0.0191531617  0.0010291112
 43.8381  0.0527175609  0.0240204115  0.00128645278
 43.869  0.0675087767  0.0310136348  0.00169763394
 43.8999  0.0704278637  0.0408203914  0.00224595816
 43.9308  0.0681937207  0.0449390837  0.00284168434
 43.9616  0.0671275172  0.0443849079  0.00397775598
 43.9925  0.0618993022  0.0444497911  0.00521225806
 44.0234  0.0550869102  0.0408288091  0.00519088393
 44.0543  0.0625147292  0.0456633879  0.00617955971
 44.0852  0.0697088084  0.0781608491  0.00629605641
 44.116  0.0740646075  0.0955297647  0.00858941769
 44.1469  0.108023555  0.135938002  0.0142631594
 44.1778  0.141214221  0.274179994  0.0290369619
 44.2087  0.158797933  0.2791707  0.0335395273
 44.2395  0.0691174406  0.0877893143  0.0333241281
 44.2704  0.0699269805  0.114234093  0.0274678142
 44.3013  nan  nan  nan
 44.3322  nan  nan  nan
 44.3631  nan  nan  nan
 44.3939  0.00908574246  0.00898575094  0.00710281788
 44.4248  0.00630728669  0.00740070064  0.00542022856
 44.4557  0.00699758224  0.0108910476  0.00684576389
 44.4866  0.00357605556  0.00501889641  0.00374627987
 44.5174  0.00166287222  0.00247868854  0.0017777212
 44.5483  0.00070074304  0.00107162593  0.00102140257
 44.5792  0.000971990779  0.000580715379  0.000532942234
 44.6101  0.00158387584  0.000587920711  0.00049048736
 44.641  0.00285182514  0.00100533491  0.000736873022
 44.6718  0.00384887151  0.00151645416  0.00114400519
 44.7027  0.00328778533  0.00165136029  0.00148551922
 44.7336  0.00350901546  0.00171965057  0.00158662893
 44.7645  0.00489656653  0.00283570802  0.00241644598
 44.7953  0.00529644022  0.00559489089  0.0048378497
 44.8262  0.00479474075  0.00360922695  0.0041393157
 44.8571  0.0046397657  0.00177478046  0.00350374903
 44.888  0.00292156047  0.000751030939  0.00220569251
 44.9189  0.0033683973  0.000577098938  0.00203163012
 44.9497  0.00327090993  0.000881151992  0.00310598104
 44.9806  0.00390796874  0.00111929695  0.00327516534
 45.0115  0.00336097784  0.00109138238  0.00298510903
 45.0424  0.00277370931  0.00114205655  0.00280180049
 45.0732  0.00265408033  0.00135444077  0.0027213744
 45.1041  0.00402864557  0.00150809719  0.00272270875
 45.135  0.00529429101  0.000856936698  0.00167682947
 45.1659  0.00303675605  0.000869755442  0.000666998642
 45.1968  0.00219915344  0.00089371203  0.0003251073
 45.2276  0.00238360231  0.000788486879  0.000542117305
 45.2585  0.00228513691  0.000364024541  0.000858477996
 45.2894  0.00175458285  0.000611601291  0.0004592849
 45.3203  nan  nan  nan
