# X (m) TKE_avg epsilon_turb_pw_avg_Y_avg epsilon_pw_avg_Y_avg
 33.0309  6.7379595e-05  1.82067257e-06  3.40150366e-06
 33.0618  6.062296e-05  1.24710748e-06  3.69520679e-06
 33.0926  7.50228318e-05  1.77551574e-06  4.22872232e-06
 33.1235  8.83386646e-05  2.59621859e-06  4.51667721e-06
 33.1544  9.78972441e-05  3.71103611e-06  4.06144775e-06
 33.1853  0.00011053445  5.01611348e-06  3.35692353e-06
 33.2162  0.000118924582  3.6186257e-06  6.79529016e-06
 33.247  0.000120101444  3.4839021e-06  7.07507687e-06
 33.2779  0.000123262003  4.66012072e-06  6.81032293e-06
 33.3088  0.000106406701  5.75765204e-06  7.0920023e-06
 33.3397  0.000119768743  8.02404685e-06  5.44942792e-06
 33.3705  0.000132697991  4.57610211e-06  4.45712858e-06
 33.4014  0.000129051756  3.33465345e-06  4.07526575e-06
 33.4323  0.000113846996  3.08917612e-06  4.70944912e-06
 33.4632  9.74378554e-05  3.48653133e-06  5.83709522e-06
 33.4941  8.49855759e-05  3.63971001e-06  6.26801246e-06
 33.5249  7.93212808e-05  4.09728752e-06  4.5979272e-06
 33.5558  6.62278001e-05  1.73537983e-06  3.99496414e-06
 33.5867  6.28754619e-05  1.2931752e-06  3.79166207e-06
 33.6176  5.55478805e-05  9.04359692e-07  3.21740388e-06
 33.6485  5.46185864e-05  9.02949975e-07  3.49749384e-06
 33.6793  5.54292118e-05  1.01600181e-06  3.61704538e-06
 33.7102  4.88113184e-05  1.01752318e-06  3.88722356e-06
 33.7411  4.84567541e-05  1.03714382e-06  4.4393971e-06
 33.772  4.62529689e-05  1.86659428e-06  5.75714052e-06
 33.8028  4.765435e-05  2.20160498e-06  5.66741453e-06
 33.8337  4.90588563e-05  2.54475328e-06  6.21825773e-06
 33.8646  5.05304919e-05  1.53632817e-06  4.86600221e-06
 33.8955  5.62596981e-05  3.73482546e-06  7.5527543e-06
 33.9264  5.938387e-05  2.25114908e-06  5.49750529e-06
 33.9572  6.06670925e-05  4.07163378e-06  8.13701406e-06
 33.9881  6.67613369e-05  3.63298439e-06  8.28858781e-06
 34.019  6.85444503e-05  2.09185531e-06  6.93472752e-06
 34.0499  6.90791404e-05  3.74524235e-06  9.66992402e-06
 34.0808  6.83279645e-05  2.36945494e-06  7.54082238e-06
 34.1116  7.29289981e-05  3.16571857e-06  9.71992188e-06
 34.1425  9.18345665e-05  3.06222335e-06  8.55123584e-06
 34.1734  9.31872975e-05  3.20197256e-06  9.65891731e-06
 34.2043  0.000105888212  3.10398809e-06  8.04977386e-06
 34.2351  0.000101519451  6.44790498e-06  1.2331606e-05
 34.266  0.000104634157  4.44224998e-06  1.01860727e-05
 34.2969  0.000112467408  4.55415311e-06  1.1354375e-05
 34.3278  0.000101013743  7.22504847e-06  1.51872922e-05
 34.3587  0.000105856061  7.23864538e-06  1.65087376e-05
 34.3895  0.000106277558  4.18282678e-06  1.17080945e-05
 34.4204  0.000102874469  4.39127893e-06  1.19353957e-05
 34.4513  0.000104926697  5.08077468e-06  1.23975325e-05
 34.4822  0.000100279983  6.15801669e-06  1.35092637e-05
 34.5131  9.69148188e-05  7.68759182e-06  1.54981533e-05
 34.5439  0.000101619988  6.27827808e-06  1.24644421e-05
 34.5748  0.000121191638  8.35329421e-06  1.43068309e-05
 34.6057  0.000125657224  7.63383503e-06  1.13488898e-05
 34.6366  0.000127520778  7.99613777e-06  1.18665107e-05
 34.6674  0.000133025458  6.90887035e-06  1.11248433e-05
 34.6983  0.000148116366  6.85012153e-06  1.20202988e-05
 34.7292  0.000135648351  6.59328526e-06  1.15115763e-05
 34.7601  0.000135190366  8.62655453e-06  1.28525684e-05
 34.791  0.000118621465  7.67727446e-06  9.7018853e-06
 34.8218  0.000113082606  6.23875729e-06  8.16837882e-06
 34.8527  0.000122146366  5.86713404e-06  9.50560838e-06
 34.8836  0.000113221779  5.43357192e-06  9.15458688e-06
 34.9145  0.000124271924  6.71308825e-06  1.01956738e-05
 34.9454  0.000130526465  7.60571924e-06  1.01111839e-05
 34.9762  0.000114558434  5.3527728e-06  8.49115829e-06
 35.0071  0.000122026273  4.92197624e-06  9.51906241e-06
 35.038  0.000116084082  5.24514608e-06  9.26125962e-06
 35.0689  0.000138074043  7.06643498e-06  1.09483731e-05
 35.0997  0.000153722252  6.95102899e-06  1.20323716e-05
 35.1306  0.000135735084  6.05649112e-06  1.08442616e-05
 35.1615  0.000135374572  5.77120309e-06  1.10957511e-05
 35.1924  0.000128961839  6.25123958e-06  9.92231471e-06
 35.2233  0.000141744079  9.18631044e-06  1.06688448e-05
 35.2541  0.00013674004  1.02755217e-05  8.87451755e-06
 35.285  0.000151533507  8.04739158e-06  8.42423385e-06
 35.3159  0.000156875011  8.43826686e-06  8.61066257e-06
 35.3468  0.00014529446  8.35709197e-06  8.44436878e-06
 35.3777  0.00013129388  7.97499695e-06  9.73681409e-06
 35.4085  0.000132866985  7.45219347e-06  6.72059085e-06
 35.4394  0.000146336196  1.26965348e-05  7.52424405e-06
 35.4703  0.000134408089  1.4041467e-05  1.07231846e-05
 35.5012  0.000134662903  1.2752114e-05  9.43297239e-06
 35.532  0.000139978346  9.92155509e-06  7.59774896e-06
 35.5629  0.000140664169  6.58259264e-06  5.55171295e-06
 35.5938  0.000152770617  8.5971407e-06  5.26474368e-06
 35.6247  0.000127755447  7.07930041e-06  4.75861677e-06
 35.6556  0.000138355661  1.09880744e-05  8.61550388e-06
 35.6864  0.000136623265  1.146339e-05  1.03976944e-05
 35.7173  0.000134948798  5.26286419e-06  5.02738313e-06
 35.7482  0.000149417685  4.34763544e-06  4.02903984e-06
 35.7791  0.000167876371  6.88245006e-06  5.40322542e-06
 35.81  0.000165319548  9.55071808e-06  6.38949154e-06
 35.8408  0.000190572052  9.34711088e-06  6.186399e-06
 35.8717  0.000196659887  8.0348742e-06  5.23548915e-06
 35.9026  0.00017638541  7.64355225e-06  5.31709681e-06
 35.9335  0.000157782438  8.29314037e-06  6.85010701e-06
 35.9644  0.000187451518  1.39185243e-05  7.98348949e-06
 35.9952  0.000204282415  1.64241313e-05  1.58584283e-05
 36.0261  0.000189956559  1.02010914e-05  9.99500458e-06
 36.057  0.000180100798  7.45994867e-06  5.34743423e-06
 36.0879  0.000194937158  1.28723282e-05  8.7944325e-06
 36.1187  0.000207555586  2.00553539e-05  1.89314599e-05
 36.1496  0.00024027296  1.74127046e-05  8.20156886e-06
 36.1805  0.00020227802  1.66509296e-05  9.30919061e-06
 36.2114  0.000200744817  1.34696797e-05  9.7433595e-06
 36.2423  0.000226350702  1.4046858e-05  1.12798822e-05
 36.2731  0.000197920266  1.84000234e-05  1.39724391e-05
 36.304  0.000169552795  8.45934999e-06  7.93882104e-06
 36.3349  0.000199459874  1.73146114e-05  1.56210707e-05
 36.3658  0.000213767825  1.09774945e-05  1.01188395e-05
 36.3967  0.000212332192  8.16841905e-06  7.95884154e-06
 36.4275  0.000205699461  1.06999378e-05  1.14309768e-05
 36.4584  0.000193492593  6.53567891e-06  7.65302242e-06
 36.4893  0.000195770941  1.19851187e-05  9.04646069e-06
 36.5202  0.000180961385  8.6813367e-06  6.38668488e-06
 36.551  0.000173287363  6.48912173e-06  6.08773558e-06
 36.5819  0.000164396372  4.99118109e-06  6.18979765e-06
 36.6128  0.00014267295  4.54525533e-06  7.33909093e-06
 36.6437  0.000153492642  7.03017125e-06  6.94878329e-06
 36.6746  0.00013865649  4.59049858e-06  6.1172054e-06
 36.7054  0.000130350368  3.86356186e-06  6.40357563e-06
 36.7363  0.000120766698  3.23359306e-06  6.87872437e-06
 36.7672  0.000121298437  3.01234824e-06  7.08819094e-06
 36.7981  0.000122104817  3.31795306e-06  7.39165367e-06
 36.829  0.0001217429  3.66312979e-06  8.88640007e-06
 36.8598  0.000124846485  3.26448396e-06  8.21872608e-06
 36.8907  0.000119929185  3.95236047e-06  8.22922925e-06
 36.9216  0.000108241881  6.53943899e-06  1.18797875e-05
 36.9525  0.00010801598  8.62583091e-06  1.62390137e-05
 36.9833  0.000108948306  8.44572282e-06  1.8664776e-05
 37.0142  0.000108417496  4.06224147e-06  9.72431229e-06
 37.0451  0.000103233439  4.12269185e-06  1.36793725e-05
 37.076  9.65122013e-05  4.90849549e-06  2.01745898e-05
 37.1069  9.38559402e-05  4.05299459e-06  1.63453147e-05
 37.1377  0.000108895451  8.32842858e-06  2.29043785e-05
 37.1686  0.000112706524  3.35704188e-06  1.47715556e-05
 37.1995  0.000112768938  9.02813895e-06  2.35103434e-05
 37.2304  0.000115131772  1.01860196e-05  2.72862073e-05
 37.2613  0.000113625013  7.81268999e-06  2.19819309e-05
 37.2921  0.000111791165  5.781361e-06  1.6641716e-05
 37.323  0.000116002455  1.20795123e-05  2.55728157e-05
 37.3539  0.000119885944  2.95584178e-05  4.55584313e-05
 37.3848  0.000128012858  1.34387472e-05  2.5848833e-05
 37.4156  0.000152267866  9.30112479e-06  2.75663787e-05
 37.4465  0.000176998842  1.85640653e-05  4.93658509e-05
 37.4774  0.000215015099  1.6330044e-05  4.31239722e-05
 37.5083  0.000222398874  1.37438456e-05  2.91565438e-05
 37.5392  0.000214589753  1.46130714e-05  2.17800587e-05
 37.57  0.000200571288  2.97334887e-05  3.19654891e-05
 37.6009  0.000189086789  2.3911776e-05  2.22759535e-05
 37.6318  0.000177788251  2.38833363e-05  2.48037374e-05
 37.6627  0.000131723055  1.34754208e-05  1.14556892e-05
 37.6936  0.000115165721  1.2154953e-05  1.0419001e-05
 37.7244  0.000134075333  2.04221987e-05  1.99445011e-05
 37.7553  0.000128084294  1.94211918e-05  2.1302957e-05
 37.7862  0.000124547094  1.47772653e-05  1.74516052e-05
 37.8171  0.000134059778  9.87188323e-06  1.25541236e-05
 37.8479  0.000136694333  1.11175568e-05  2.32590173e-05
 37.8788  0.000164522865  1.56200693e-05  2.64412863e-05
 37.9097  0.000165810461  1.13715001e-05  2.11290393e-05
 37.9406  0.000181763997  9.95683353e-06  2.27408003e-05
 37.9715  0.000180201201  1.21033684e-05  2.83346475e-05
 38.0023  0.000223905293  1.15960547e-05  3.37385399e-05
 38.0332  0.000204242975  1.14279463e-05  2.87371569e-05
 38.0641  0.00022018416  9.87409511e-06  3.09859607e-05
 38.095  0.000226932884  8.21402906e-06  3.40742007e-05
 38.1259  0.000198557216  7.25239034e-06  3.38670216e-05
 38.1567  0.000196209728  8.61018577e-06  3.975349e-05
 38.1876  0.000211443441  1.20582239e-05  5.16274805e-05
 38.2185  0.000195555438  1.36401423e-05  4.37725755e-05
 38.2494  0.000251231359  1.47797715e-05  5.05312627e-05
 38.2803  0.000259175046  1.54016433e-05  5.64823024e-05
 38.3111  0.000196990521  1.70523952e-05  4.61447695e-05
 38.342  0.000318195082  3.78523361e-05  6.96213763e-05
 38.3729  0.000291950138  2.38711055e-05  5.93798689e-05
 38.4038  0.000297423371  2.44277096e-05  6.0659171e-05
 38.4346  0.000232359872  2.94412955e-05  5.73314872e-05
 38.4655  0.000213543104  2.78397841e-05  5.29506155e-05
 38.4964  0.000247588849  2.4821579e-05  5.27760525e-05
 38.5273  0.000228978448  2.11284165e-05  4.15085804e-05
 38.5582  0.000211036509  2.50030698e-05  4.45437652e-05
 38.589  0.000199636011  1.73208728e-05  3.92654309e-05
 38.6199  0.000176548754  2.29383671e-05  4.71970963e-05
 38.6508  0.000191801357  3.47825712e-05  6.61069756e-05
 38.6817  0.000191087326  2.18028864e-05  5.32035796e-05
 38.7126  0.000340730403  6.36934789e-05  0.00011556799
 38.7434  0.00035316685  7.19779808e-05  9.75894342e-05
 38.7743  0.000431094711  0.000120229174  6.7599858e-05
 38.8052  0.000486939079  0.000125459833  6.60135536e-05
 38.8361  0.000450504981  9.46202217e-05  7.1705646e-05
 38.8669  0.000424623793  9.22216743e-05  7.36482318e-05
 38.8978  0.000432622776  6.90702673e-05  7.07658826e-05
 38.9287  0.000466238018  4.51998048e-05  4.13398487e-05
 38.9596  0.000526105938  5.04403089e-05  3.86228015e-05
 38.9905  0.000596742443  0.000111533169  7.45459479e-05
 39.0213  0.000602565026  0.000140907765  7.64266732e-05
 39.0522  0.000568969075  0.000130627839  7.68154181e-05
 39.0831  0.000454279288  7.41905256e-05  6.70270605e-05
 39.114  0.000490845355  8.81770877e-05  7.7472449e-05
 39.1449  0.000486820402  0.000121119706  9.57951293e-05
 39.1757  0.00033231901  6.39732529e-05  6.91367836e-05
 39.2066  0.000280205208  4.69881416e-05  4.38300729e-05
 39.2375  0.000241885951  3.19098305e-05  4.80955327e-05
 39.2684  0.000216181244  3.80651534e-05  5.58233589e-05
 39.2992  0.000203588755  1.11608395e-05  3.06410389e-05
 39.3301  0.000199604687  6.72332829e-06  2.77228287e-05
 39.361  0.000200229202  6.55260278e-06  2.19299176e-05
 39.3919  0.00018884096  4.34149751e-06  1.68879409e-05
 39.4228  0.000193570542  5.80653157e-06  1.60320369e-05
 39.4536  0.000197143027  5.80506451e-06  1.4660893e-05
 39.4845  0.000192765647  6.68504293e-06  1.55897304e-05
 39.5154  0.000203262612  1.04620523e-05  2.21966279e-05
 39.5463  0.000210734755  9.35645224e-06  2.16998116e-05
 39.5772  0.000216406478  9.71457218e-06  3.00035631e-05
 39.608  0.000250347739  1.81348361e-05  3.52205946e-05
 39.6389  0.000256815115  2.17003583e-05  4.71517025e-05
 39.6698  0.000286472306  2.26331493e-05  5.05634826e-05
 39.7007  0.00028629831  4.25150405e-05  8.09740485e-05
 39.7315  0.00031955788  1.27761959e-05  3.18925611e-05
 39.7624  0.000341669986  9.77522568e-06  2.45102274e-05
 39.7933  0.000408067175  1.47635469e-05  2.86631463e-05
 39.8242  0.00052901839  2.17273838e-05  3.53352597e-05
 39.8551  0.000674178182  2.36295798e-05  3.51311606e-05
 39.8859  0.000805498695  2.38970078e-05  3.72846294e-05
 39.9168  0.000854303148  2.7853025e-05  4.13305875e-05
 39.9477  0.000906994265  5.03431768e-05  8.20670126e-05
 39.9786  0.000979071036  4.84138293e-05  5.76737544e-05
 40.0095  0.0010174992  4.40877933e-05  3.78623674e-05
 40.0403  0.000992173952  6.49285818e-05  7.60309594e-05
 40.0712  0.000921067603  8.54944261e-05  0.00010595527
 40.1021  0.000871883221  7.1969176e-05  8.35843157e-05
 40.133  0.000840325217  5.05443292e-05  3.90816244e-05
 40.1638  0.000797861515  5.06033109e-05  3.71916692e-05
 40.1947  0.000833414925  6.06407211e-05  4.44166942e-05
 40.2256  0.000896726213  7.23529849e-05  5.87283474e-05
 40.2565  0.000987743775  8.33921796e-05  7.33289503e-05
 40.2874  0.00111513823  8.94074934e-05  4.71755396e-05
 40.3182  0.0012392333  9.10501417e-05  4.74865013e-05
 40.3491  0.00150776606  9.87944378e-05  5.04098519e-05
 40.38  0.00196406793  0.000118344154  5.39675445e-05
 40.4109  0.00255121128  0.000148302111  5.63535309e-05
 40.4418  0.0029941526  0.000190861572  6.52794858e-05
 40.4726  0.00355902777  0.000228733834  7.60406995e-05
 40.5035  0.00433875216  0.000293389744  7.14994163e-05
 40.5344  0.00480405761  0.00032785647  6.9064685e-05
 40.5653  0.00469556494  0.000325641823  8.57644072e-05
 40.5961  0.00420943209  0.000293068598  7.5515181e-05
 40.627  0.00465362321  0.000299669974  7.63961549e-05
 40.6579  0.00486144905  0.000262734283  7.96117018e-05
 40.6888  0.0050485208  0.000301447639  7.76199663e-05
 40.7197  0.0053382473  0.000397521984  8.55521911e-05
 40.7505  0.00581750285  0.000494194016  8.39932998e-05
 40.7814  0.00569112975  0.00056573416  9.69520352e-05
 40.8123  0.00541668588  0.000404380195  8.11488969e-05
 40.8432  0.00548834121  0.00036550563  7.51150118e-05
 40.8741  0.00558765111  0.00040794686  8.07714272e-05
 40.9049  0.00605332527  0.000490046378  9.23835602e-05
 40.9358  0.00714420721  0.000574817724  0.000105407704
 40.9667  0.00929463244  0.000777683623  0.000115256057
 40.9976  0.0105328731  0.000757589371  0.000113276188
 41.0285  0.0107242484  0.000771927511  0.000114920146
 41.0593  0.0105245102  0.000811351135  0.00012514748
 41.0902  0.0109741745  0.000844066086  0.000124194171
 41.1211  0.0127892391  0.00090604119  0.000130876917
 41.152  0.0135931163  0.000902547242  0.000117630698
 41.1828  0.0135643531  0.00104068908  0.000124667872
 41.2137  0.0133595253  0.00121253053  0.00015118856
 41.2446  0.0131911314  0.00142279248  0.000155899384
 41.2755  0.0128796973  0.0016425591  0.000169300649
 41.3064  0.013887989  0.00158129062  0.000182984098
 41.3372  0.0132535621  0.00153930201  0.000174397495
 41.3681  0.0137493917  0.00172851297  0.000174973248
 41.399  0.0151241973  0.00244075539  0.000198296342
 41.4299  0.0157973995  0.00283894772  0.00022471977
 41.4608  0.0155123201  0.00225086491  0.000192460759
 41.4916  0.0156321222  0.00274589641  0.000241672415
 41.5225  0.0233774831  0.00461612725  0.000293786156
 41.5534  0.0261697135  0.0058073103  0.000363200424
 41.5843  0.0308978919  0.0076309121  0.000448062328
 41.6151  0.0447512567  0.0118140971  0.000565615457
 41.646  0.0652552628  0.0195664397  0.000677203998
 41.6769  0.0618094629  0.0253537334  0.000903255697
 41.7078  0.0722504034  0.028673329  0.000984764666
 41.7387  0.0750007258  0.0308180772  0.000995275008
 41.7695  0.0686361246  0.030921371  0.000983071602
 41.8004  0.0596028191  0.0248921818  0.000898103312
 41.8313  0.0589018914  0.0281782751  0.000959304274
 41.8622  0.0633289126  0.0331994231  0.00115439683
 41.8931  0.0666291928  0.0353507354  0.0012546181
 41.9239  0.0588438446  0.0287156727  0.0011757967
 41.9548  0.0515072158  0.0229259514  0.00111361103
 41.9857  0.0488931318  0.0238528658  0.00136536793
 42.0166  0.0407088946  0.0210019803  0.00137321422
 42.0474  0.0466740445  0.0243467185  0.00163987537
 42.0783  0.0502101279  0.0245059437  0.0019644976
 42.1092  0.0557320647  0.0263943547  0.00218578955
 42.1401  0.0702239522  0.0477174818  0.00313722047
 42.171  0.0666863384  0.0421644365  0.00311530521
 42.2018  0.0616759461  0.0366775145  0.00378666703
 42.2327  0.042453852  0.0260184248  0.00246185928
 42.2636  0.0278573092  0.0174411734  0.00138002156
 42.2945  0.0210094199  0.0102465814  0.000759457189
 42.3254  0.0161616845  0.00280162262  0.00059051308
 42.3562  0.0153866414  0.0022403889  0.000297275492
 42.3871  0.0132894179  0.00198084993  0.000241285422
 42.418  0.0111984766  0.0016473629  0.000220925864
 42.4489  0.010513181  0.00154219162  0.000218833443
 42.4797  0.0109527005  0.00166586967  0.000167366596
 42.5106  0.0112920365  0.00177223096  0.000196908171
 42.5415  0.0128729756  0.00162509724  0.000159160634
 42.5724  0.0109896988  0.00148176693  0.000166349903
 42.6033  0.00897064226  0.00128632844  0.000120962246
 42.6341  0.00880299777  0.00124894577  0.000157486216
 42.665  0.0119022214  0.0015998867  0.000199789289
 42.6959  0.0132548249  0.00188179271  0.000245413682
 42.7268  0.0131621081  0.00220974248  0.000238859303
 42.7577  0.0115820045  0.00199593593  0.000162110132
 42.7885  0.00993577396  0.00165670985  0.000154607316
 42.8194  0.00955427202  0.0014821391  0.000158059167
 42.8503  0.0100969459  0.00140249541  0.0001522037
 42.8812  0.0106726389  0.00163865188  0.000178602289
 42.912  0.010888306  0.00149658428  0.000158822481
 42.9429  0.0109109107  0.00131179563  0.000150122652
 42.9738  0.0111901322  0.0013202722  0.000148123653
 43.0047  0.0117565017  0.00153633222  0.000148008954
 43.0356  0.0120802872  0.00154873418  0.000151636258
 43.0664  0.0110141328  0.00149835761  0.000135079694
 43.0973  0.0102372998  0.00144388274  0.000140443064
 43.1282  0.00993361057  0.00138228946  0.000143994392
 43.1591  0.0102249246  0.00138082753  0.000129145243
 43.19  0.0111612286  0.00179396746  0.000157151128
 43.2208  0.0130563259  0.00253869545  0.000191898262
 43.2517  0.0141199873  0.00260812015  0.000209764255
 43.2826  0.0158109491  0.00283911199  0.000239194178
 43.3135  0.0171182757  0.00330233659  0.000251580164
 43.3443  0.0155673105  0.0034684902  0.000245778469
 43.3752  0.0130477649  0.00299849371  0.000251231632
 43.4061  0.0146467835  0.00276761339  0.000249361953
 43.437  0.0158323451  0.00309319435  0.000267685514
 43.4679  0.0164186147  0.00320645505  0.000279929053
 43.4987  0.0161530599  0.00315382966  0.000308704575
 43.5296  0.0154774949  0.0030226202  0.00028819597
 43.5605  0.0190143483  0.00413717069  0.000334042731
 43.5914  0.0257322775  0.00631772888  0.000435147907
 43.6223  0.0341545742  0.00885513158  0.000559921296
 43.6531  0.0368623207  0.0113400817  0.000639086028
 43.684  0.0328291144  0.0127050687  0.00071774044
 43.7149  0.0401852134  0.0133085586  0.000781410849
 43.7458  0.0486425001  0.0188977589  0.00111059182
 43.7767  0.0603556551  0.0241627248  0.00192748075
 43.8075  0.0740035492  0.0406017694  0.00362272037
 43.8384  0.104379787  0.0771700773  0.00602354101
 43.8693  0.132092929  0.0752630654  0.00796780723
 43.9002  0.0668720405  0.0301223281  0.00711119054
 43.931  0.0477050277  0.0177391379  0.0101196923
 43.9619  0.0317116371  0.0165252729  0.00986396977
 43.9928  0.0210455175  0.0143345336  0.00698839552
 44.0237  0.0248590161  0.0255131299  0.00991507685
 44.0546  0.0147698464  0.0269848938  0.014073696
 44.0854  0.0142107563  0.0189328481  0.011717166
 44.1163  0.0256369202  0.024182269  0.0138812586
 44.1472  0.0157713442  0.0183385353  0.0125374031
 44.1781  nan  nan  nan
 44.209  nan  nan  nan
 44.2398  0.0127741723  0.0157947487  0.0114744886
 44.2707  0.0099216807  0.0125660698  0.01081653
 44.3016  nan  nan  nan
 44.3325  nan  nan  nan
 44.3633  0.00633523439  0.00554384839  0.00511595244
 44.3942  nan  nan  nan
 44.4251  0.00491493501  0.00986988568  0.00918947771
 44.456  0.00343919582  0.00568077216  0.00536663604
 44.4869  0.00293762376  0.00354810293  0.00277762474
 44.5177  0.00164598088  0.00200137911  0.00144938384
 44.5486  0.0009303012  0.00149001696  0.00122965755
 44.5795  0.00109506783  0.00107159924  0.000788458645
 44.6104  0.00173363151  0.00066326954  0.000483946726
 44.6413  0.0027444406  0.000819636979  0.000529003465
 44.6721  0.00411242182  0.00143907964  0.000866843061
 44.703  0.00432753802  0.00175373709  0.00116511926
 44.7339  0.00432290703  0.00204327992  0.00139072466
 44.7648  0.00442509722  0.00279666839  0.00228164927
 44.7956  0.00476040392  0.00672019958  0.00526462094
 44.8265  0.00352817027  0.00463558056  0.00454335628
 44.8574  0.00209278243  0.00202837628  0.00245345767
 44.8883  0.00273020024  0.000485124313  0.00184684095
 44.9192  0.002701838  0.000460673537  0.00145000185
 44.95  0.00187034904  0.000462312024  0.00111147504
 44.9809  0.00240945933  0.000581775059  0.00147109135
 45.0118  0.00183298719  0.000320454688  0.000785810289
 45.0427  0.00176047503  0.000292879449  0.000752482255
 45.0736  0.00113871653  0.00022725329  0.000497115081
 45.1044  0.00141329347  0.000275928992  0.000544131911
 45.1353  0.00414164965  0.000820789726  0.00139708641
 45.1662  0.00278721017  0.000852735301  0.000597177942
 45.1971  0.00212985202  0.000824433419  0.000349119427
 45.2279  0.00264457746  0.0010592955  0.000650087083
 45.2588  0.00104797701  0.000288849133  0.000272963952
 45.2897  0.00119426634  0.000401015528  0.000274741222
 45.3206  nan  nan  nan
