# X (m) TKE_avg epsilon_turb_pw_avg_Y_avg epsilon_pw_avg_Y_avg
 33.0296  2.49587146e-05  0.129210858  0.00225171271
 33.0592  2.80817761e-05  2.14669752e-06  2.19454729e-05
 33.0887  3.94914196e-05  2.3212201e-06  2.85397118e-05
 33.1183  3.4041427e-05  1.65641326e-06  2.62017701e-05
 33.1479  5.42290019e-05  2.97320749e-06  3.77897946e-05
 33.1775  6.39870328e-05  9.99188986e-06  4.27591454e-05
 33.207  7.34372351e-05  1.75078824e-05  4.78455159e-05
 33.2366  8.69993193e-05  2.2924109e-05  6.02744854e-05
 33.2662  0.000140835515  1.36819818e-05  7.39512621e-05
 33.2958  0.00020313133  1.14105512e-05  7.87206492e-05
 33.3253  0.00021286164  1.21404813e-05  8.55018204e-05
 33.3549  0.000144736882  1.06489041e-05  6.88994557e-05
 33.3845  0.000121967475  7.57910313e-06  5.60758163e-05
 33.4141  7.42159279e-05  4.14716117e-06  4.6391801e-05
 33.4436  9.73121652e-05  3.39386109e-06  5.08776709e-05
 33.4732  6.81976386e-05  3.26644397e-06  4.60912826e-05
 33.5028  9.44154446e-05  6.69121831e-06  6.3204409e-05
 33.5324  7.82641543e-05  7.46072189e-06  6.03872053e-05
 33.5619  0.000125652765  7.23156638e-06  6.37903626e-05
 33.5915  0.000115938282  7.21786374e-06  5.47210701e-05
 33.6211  5.58996453e-05  3.97447137e-06  3.21891422e-05
 33.6507  4.95997869e-05  2.70324505e-06  2.50886162e-05
 33.6802  4.55076622e-05  2.42581334e-06  2.22797298e-05
 33.7098  4.34912513e-05  2.15204103e-06  2.054863e-05
 33.7394  3.29224682e-05  2.11213249e-06  1.73071694e-05
 33.769  3.61422765e-05  2.29647354e-06  1.52700056e-05
 33.7985  3.49329183e-05  2.05435076e-06  1.34863003e-05
 33.8281  2.48822126e-05  1.52455959e-06  1.30244236e-05
 33.8577  2.13427112e-05  1.65040556e-06  1.1269893e-05
 33.8873  3.25040111e-05  1.67218064e-06  1.26412376e-05
 33.9168  1.9897384e-05  2.01969446e-06  1.19259485e-05
 33.9464  1.67372704e-05  2.03824486e-06  1.0679604e-05
 33.976  2.92035874e-05  2.43167395e-06  1.04457137e-05
 34.0056  1.70397645e-05  1.33364662e-06  6.76080498e-06
 34.0351  1.51002775e-05  1.04182747e-06  5.28293391e-06
 34.0647  1.86526845e-05  1.46011681e-06  6.71806825e-06
 34.0943  2.65078217e-05  1.49837678e-06  9.02814031e-06
 34.1239  2.06839189e-05  2.06218605e-06  8.30255041e-06
 34.1534  1.58989727e-05  8.47359982e-07  4.79734467e-06
 34.183  1.52106208e-05  7.84516384e-07  4.59607433e-06
 34.2126  1.48161837e-05  1.23676645e-06  4.39224099e-06
 34.2422  1.3984981e-05  3.01982111e-06  5.89628646e-06
 34.2717  1.35316283e-05  1.45747523e-06  4.07170284e-06
 34.3013  1.25562897e-05  2.01294073e-06  4.04472357e-06
 34.3309  1.32736928e-05  4.55676301e-06  7.11680872e-06
 34.3605  1.38135737e-05  3.11464023e-06  6.13133628e-06
 34.39  1.29986055e-05  3.55103826e-07  2.17268471e-06
 34.4196  1.34920774e-05  4.10205534e-07  2.29205475e-06
 34.4492  1.32387562e-05  4.44643379e-07  2.3484579e-06
 34.4788  1.39987063e-05  2.00700341e-06  4.28514163e-06
 34.5083  1.38159998e-05  5.21868386e-06  8.16624399e-06
 34.5379  1.46982468e-05  2.05803004e-06  3.92991307e-06
 34.5675  1.44885976e-05  5.17262768e-06  8.08181403e-06
 34.5971  1.36764019e-05  2.13898275e-06  4.87673108e-06
 34.6266  1.33622572e-05  3.59734148e-06  6.73946576e-06
 34.6562  1.28382358e-05  3.25198885e-06  6.48310482e-06
 34.6858  1.31367456e-05  2.4847405e-06  6.35670872e-06
 34.7154  1.43672584e-05  3.09329163e-06  7.1879969e-06
 34.7449  1.389133e-05  1.39930469e-06  5.1265051e-06
 34.7745  1.35058203e-05  2.040233e-06  5.74934249e-06
 34.8041  1.35980148e-05  1.12638533e-06  4.76149422e-06
 34.8337  1.39333552e-05  7.242694e-07  4.45060399e-06
 34.8632  1.42137131e-05  2.66297228e-06  6.62601755e-06
 34.8928  1.28538834e-05  3.93354555e-06  7.83915864e-06
 34.9224  1.22521784e-05  9.70287173e-07  4.68043951e-06
 34.952  1.26765456e-05  2.61193135e-06  5.31936002e-06
 34.9815  1.38706616e-05  1.10270186e-06  4.29462577e-06
 35.0111  1.49587324e-05  1.59039958e-06  4.54413476e-06
 35.0407  1.412146e-05  9.49668797e-07  3.86292968e-06
 35.0703  1.4078046e-05  3.93359236e-07  3.49801754e-06
 35.0998  1.31965388e-05  5.03234577e-07  4.20824302e-06
 35.1294  1.29023937e-05  3.56825212e-07  3.60392734e-06
 35.159  1.21595518e-05  4.90326265e-07  3.86694986e-06
 35.1886  1.13308993e-05  6.15136227e-07  4.5275578e-06
 35.2181  1.10546279e-05  4.24342072e-07  3.9884463e-06
 35.2477  1.18291791e-05  6.97106017e-07  4.57765259e-06
 35.2773  1.14247425e-05  7.02088327e-07  4.55797655e-06
 35.3069  1.18288239e-05  4.36721749e-07  4.09927413e-06
 35.3364  1.27125082e-05  4.41025875e-07  4.76241192e-06
 35.366  1.33609456e-05  1.20499016e-06  6.3093618e-06
 35.3956  1.2541114e-05  5.77561745e-07  4.62431131e-06
 35.4252  1.21870891e-05  1.58546407e-06  6.76447254e-06
 35.4547  1.39263091e-05  2.00627951e-06  6.86960655e-06
 35.4843  1.35770079e-05  2.5285047e-06  7.46833783e-06
 35.5139  1.19695595e-05  2.56765148e-06  7.252786e-06
 35.5435  1.32003986e-05  5.69960655e-06  1.25311811e-05
 35.573  1.37396307e-05  4.36480886e-06  9.73431737e-06
 35.6026  1.15568317e-05  1.86443508e-06  5.20875955e-06
 35.6322  1.18190325e-05  4.06444024e-06  7.00917413e-06
 35.6618  1.34853735e-05  8.05627152e-06  1.15117471e-05
 35.6913  1.26161306e-05  3.48088883e-06  6.91623214e-06
 35.7209  1.26285035e-05  7.7674454e-07  4.28023808e-06
 35.7505  1.3470507e-05  1.31769595e-06  5.07345816e-06
 35.7801  1.43267236e-05  2.48237874e-06  6.59826505e-06
 35.8096  1.30432883e-05  4.27554563e-06  8.6781001e-06
 35.8392  1.75134026e-05  3.67424856e-06  9.29713453e-06
 35.8688  1.47564222e-05  3.64283646e-06  9.43481707e-06
 35.8984  1.16862794e-05  2.18180274e-06  7.06482627e-06
 35.9279  1.57885608e-05  1.92869808e-06  8.28758817e-06
 35.9575  2.14469783e-05  2.0394606e-06  1.02517835e-05
 35.9871  2.15771323e-05  9.94606639e-06  2.22905276e-05
 36.0167  3.03656017e-05  1.06316294e-05  2.48327613e-05
 36.0462  2.5234719e-05  1.81583886e-06  1.03053273e-05
 36.0758  3.31919373e-05  7.80819177e-06  1.92976866e-05
 36.1054  4.45959222e-05  2.65790259e-05  4.39694257e-05
 36.135  5.30483957e-05  6.04909798e-06  2.27180089e-05
 36.1645  6.4709558e-05  5.7543857e-06  2.53776692e-05
 36.1941  7.14576134e-05  9.07114727e-06  3.09596132e-05
 36.2237  7.04682652e-05  7.88973509e-06  2.86549819e-05
 36.2533  6.67530685e-05  9.38096579e-06  2.84519353e-05
 36.2828  5.88464206e-05  1.20765678e-05  3.05377841e-05
 36.3124  4.58907411e-05  5.74389617e-06  2.38016376e-05
 36.342  3.69098336e-05  1.16040917e-05  3.19231531e-05
 36.3716  6.06491681e-05  5.81192642e-06  2.83265188e-05
 36.4011  4.99340888e-05  3.3743499e-06  2.34875166e-05
 36.4307  3.85101903e-05  4.07549571e-06  2.3755624e-05
 36.4603  4.63127564e-05  2.87258411e-06  2.29990479e-05
 36.4899  3.50561305e-05  3.17065385e-06  1.91153846e-05
 36.5194  2.33422198e-05  3.51599412e-06  1.52928751e-05
 36.549  3.58121786e-05  5.65047176e-06  1.73967243e-05
 36.5786  3.76437296e-05  3.35792584e-06  1.17519628e-05
 36.6082  3.42107473e-05  2.84577655e-06  1.23182398e-05
 36.6377  4.65435843e-05  4.72671341e-06  1.48664023e-05
 36.6673  3.05252609e-05  3.18927537e-06  1.04644019e-05
 36.6969  3.55116342e-05  2.74666461e-06  1.03800133e-05
 36.7265  2.40086313e-05  1.77854741e-06  8.35482415e-06
 36.756  2.59286378e-05  2.25715175e-06  8.66857526e-06
 36.7856  3.24254424e-05  2.39211956e-06  8.86328339e-06
 36.8152  3.28827006e-05  2.39876652e-06  8.31359025e-06
 36.8448  2.96510294e-05  2.20151476e-06  7.31532577e-06
 36.8743  1.74075882e-05  1.42331781e-06  4.98779662e-06
 36.9039  1.06753567e-05  8.97258424e-07  3.63591966e-06
 36.9335  8.380378e-06  9.00064908e-07  3.23231876e-06
 36.9631  6.81824976e-06  9.52800719e-07  2.9611519e-06
 36.9926  6.41802236e-06  9.03190536e-07  2.78774554e-06
 37.0222  5.7544663e-06  6.683741e-07  2.41270115e-06
 37.0518  5.45387655e-06  1.64803141e-06  4.29794336e-06
 37.0814  4.37638296e-06  7.9238939e-07  2.97333309e-06
 37.1109  6.36462966e-06  2.38958204e-06  5.41649509e-06
 37.1405  4.53795164e-06  2.42514757e-06  4.63721324e-06
 37.1701  3.75897535e-06  2.00194596e-06  5.06060943e-06
 37.1997  3.11622466e-06  3.1317939e-06  5.48589673e-06
 37.2292  2.60963555e-06  2.40547553e-06  4.92740503e-06
 37.2588  2.95176017e-06  1.43377296e-06  3.14208881e-06
 37.2884  2.53318756e-06  8.04421821e-07  2.39040536e-06
 37.318  2.42189644e-06  1.98223542e-06  4.07906555e-06
 37.3475  2.80310468e-06  5.42988036e-06  7.74867438e-06
 37.3771  2.66368853e-06  2.63271927e-06  4.35494711e-06
 37.4067  3.12775228e-06  3.19615749e-06  6.79244678e-06
 37.4363  3.85259036e-06  5.97423707e-06  1.12132323e-05
 37.4658  3.50683446e-06  2.87648771e-06  7.62332223e-06
 37.4954  3.62068041e-06  3.60127937e-06  9.7436096e-06
 37.525  2.76357317e-06  1.14844268e-06  4.13961578e-06
 37.5546  2.62998229e-06  2.55384134e-06  4.70780243e-06
 37.5841  3.01959371e-06  4.91792639e-06  7.13678739e-06
 37.6137  2.7630849e-06  5.53960791e-06  8.46351763e-06
 37.6433  2.79355891e-06  8.20835693e-07  3.71165296e-06
 37.6729  2.64216487e-06  1.49630289e-06  3.89171357e-06
 37.7024  3.16450184e-06  4.38798943e-06  6.45367097e-06
 37.732  4.01338341e-06  1.1789099e-05  1.49975453e-05
 37.7616  4.14170613e-06  3.91151202e-06  6.61679926e-06
 37.7912  4.15367219e-06  2.80675154e-06  5.52615125e-06
 37.8207  3.01904815e-06  2.22849446e-06  5.41171733e-06
 37.8503  3.72140263e-06  3.51749967e-06  6.51339148e-06
 37.8799  2.83120153e-06  1.37574406e-06  4.69838164e-06
 37.9095  4.15858862e-06  2.01576382e-06  5.66757987e-06
 37.939  2.60340999e-06  1.39863035e-06  4.27511352e-06
 37.9686  2.55368759e-06  2.61849429e-06  5.16228995e-06
 37.9982  3.32766146e-06  1.00928336e-06  4.53924418e-06
 38.0278  2.02933838e-06  9.87674057e-07  4.36910846e-06
 38.0573  2.25539322e-06  2.08274211e-06  6.0059334e-06
 38.0869  2.67193395e-06  1.97369565e-06  6.0086604e-06
 38.1165  2.02580842e-06  1.08454925e-06  4.65817599e-06
 38.1461  1.80981691e-06  1.13229745e-06  5.82885478e-06
 38.1756  1.92123547e-06  8.77324769e-07  6.26139426e-06
 38.2052  1.69055301e-06  1.50588151e-06  7.2143376e-06
 38.2348  1.78294206e-06  3.12865887e-06  1.20764285e-05
 38.2644  1.68293955e-06  2.18109081e-06  8.85080848e-06
 38.2939  1.29141128e-06  1.64347421e-06  4.98303975e-06
 38.3235  1.46344756e-06  1.2920282e-06  3.63260699e-06
 38.3531  1.57296592e-06  1.04443217e-06  3.23212881e-06
 38.3827  8.98357022e-07  8.74233758e-07  3.42490932e-06
 38.4122  1.59502189e-06  9.17694459e-07  6.0669436e-06
 38.4418  2.76898759e-06  8.18735405e-06  2.04121487e-05
 38.4714  3.15203122e-06  1.11039625e-05  2.27614308e-05
 38.501  2.41038219e-06  9.35382484e-06  1.85336639e-05
 38.5305  1.23025032e-06  7.2373909e-06  1.35743011e-05
 38.5601  1.18434358e-06  3.43105207e-06  6.9141515e-06
 38.5897  8.59814896e-07  1.04145665e-06  2.97638328e-06
 38.6193  3.06929029e-06  1.42600249e-05  2.02372324e-05
 38.6488  3.57878895e-06  1.35697058e-05  1.88251274e-05
 38.6784  3.30787989e-06  1.42024396e-05  2.00356016e-05
 38.708  4.35579789e-06  1.3402762e-05  1.76526307e-05
 38.7376  3.02754367e-06  1.07073904e-05  1.58615252e-05
 38.7671  4.17368597e-06  1.47411809e-05  1.93990281e-05
 38.7967  4.84696236e-06  2.00412283e-05  2.50489048e-05
 38.8263  3.67875974e-06  2.38695222e-05  3.19609284e-05
 38.8559  8.07670109e-06  2.96899052e-05  4.61248749e-05
 38.8855  8.41950836e-06  2.27226136e-05  4.20454123e-05
 38.915  5.38388268e-06  5.2744226e-06  1.23370282e-05
 38.9446  6.02576274e-06  5.71102217e-06  1.23997819e-05
 38.9742  5.84020813e-06  9.79504395e-06  1.34881687e-05
 39.0038  6.4813419e-06  9.71617456e-06  1.48666408e-05
 39.0333  6.57277519e-06  1.12449956e-05  1.73969542e-05
 39.0629  5.02478073e-06  5.24719682e-06  7.97306608e-06
 39.0925  4.80282524e-06  1.50899137e-05  2.21365637e-05
 39.1221  4.36589599e-06  1.20393034e-05  1.85915741e-05
 39.1516  4.28698813e-06  8.66217225e-06  1.29644722e-05
 39.1812  3.34854612e-06  4.31970058e-06  6.27304527e-06
 39.2108  5.29908127e-06  4.52880636e-06  6.84854451e-06
 39.2404  3.06258214e-06  2.47092943e-06  5.26130006e-06
 39.2699  2.72571261e-06  2.20756217e-06  3.67100021e-06
 39.2995  2.8701919e-06  3.06310808e-06  4.36352933e-06
 39.3291  2.02728066e-06  1.21731695e-06  1.98920912e-06
 39.3587  1.6507645e-06  1.93099892e-06  3.48624371e-06
 39.3882  1.09286285e-06  7.52271027e-07  2.40182179e-06
 39.4178  7.4516432e-07  2.31352555e-07  1.14179567e-06
 39.4474  1.42548916e-06  2.56065644e-07  1.13273479e-06
 39.477  1.01735789e-06  1.7265898e-07  9.27713329e-07
 39.5065  2.00285743e-06  3.93155667e-07  1.60565148e-06
 39.5361  1.43711706e-06  3.53253594e-07  1.21376846e-06
 39.5657  8.24333952e-07  2.82259565e-07  1.0776904e-06
 39.5953  6.17660529e-07  4.14437146e-07  1.17745419e-06
 39.6248  8.74486989e-07  4.07501732e-07  1.26836885e-06
 39.6544  1.46798967e-06  4.95879092e-07  1.52714977e-06
 39.684  9.32968662e-07  1.89361639e-06  3.2262428e-06
 39.7136  6.80847751e-07  9.85885163e-07  2.03538963e-06
 39.7431  9.72286835e-07  3.18678468e-07  1.30692535e-06
 39.7727  1.30215362e-06  3.87959627e-07  1.56810419e-06
 39.8023  6.9315259e-07  4.38559079e-07  1.6658359e-06
 39.8319  9.73383234e-07  5.76519482e-07  2.09364994e-06
 39.8614  1.34595206e-06  6.28187841e-07  2.06356253e-06
 39.891  1.48097564e-06  4.72495142e-06  8.17147449e-06
 39.9206  2.25696022e-06  7.72930369e-06  1.27773459e-05
 39.9502  2.19151582e-06  4.60712322e-06  1.03723633e-05
 39.9797  1.27380627e-06  1.76004359e-06  5.36201354e-06
 40.0093  1.20282927e-06  1.89206237e-06  5.69410746e-06
 40.0389  1.69439402e-06  7.24245782e-06  1.15053143e-05
 40.0685  2.18980912e-06  1.2398289e-05  1.76752933e-05
 40.098  1.94618804e-06  4.16587521e-06  1.01433632e-05
 40.1276  2.58590556e-06  5.22992108e-06  1.19783302e-05
 40.1572  1.13631135e-06  1.69135379e-06  3.50684213e-06
 40.1868  7.67125057e-07  3.49434668e-06  5.05345395e-06
 40.2163  7.27919187e-07  9.49709326e-06  9.61899405e-06
 40.2459  3.26808546e-06  2.80495574e-05  3.18384756e-05
 40.2755  4.61310956e-06  3.03038496e-05  4.21439527e-05
 40.3051  2.40264103e-06  9.5975514e-06  1.30704778e-05
 40.3346  1.7866922e-06  9.7360928e-06  1.26371381e-05
 40.3642  1.84642487e-06  4.86416494e-06  6.73529359e-06
 40.3938  1.91325521e-06  2.00527804e-06  4.1113192e-06
 40.4234  3.70332322e-06  4.85609723e-06  7.60333016e-06
 40.4529  3.76486311e-06  2.25086214e-05  2.72997854e-05
 40.4825  1.61403001e-06  2.85366319e-06  4.94992246e-06
 40.5121  1.78343255e-06  1.60102293e-06  4.72253427e-06
 40.5417  1.86987148e-06  5.22319446e-06  8.69117568e-06
 40.5712  1.2995748e-06  5.90389413e-06  9.15168856e-06
 40.6008  1.13897544e-06  3.65256528e-06  6.55359227e-06
 40.6304  2.08491892e-06  3.48800837e-06  6.14386455e-06
 40.66  1.69504349e-06  2.90657043e-06  5.93346393e-06
 40.6895  1.27191855e-06  6.2824358e-07  4.00257591e-06
 40.7191  1.29731309e-06  7.33480025e-07  4.23260509e-06
 40.7487  9.57164994e-07  3.62996891e-07  4.14320726e-06
 40.7783  1.19617839e-06  1.60665186e-06  5.51630495e-06
 40.8078  1.36755557e-06  3.89391447e-07  3.71379842e-06
 40.8374  1.24963309e-06  7.63162264e-07  5.37405302e-06
 40.867  1.22761184e-06  1.52027684e-06  6.95721944e-06
 40.8966  1.61094405e-06  1.99050065e-06  8.03620604e-06
 40.9261  1.48278788e-06  2.15847342e-06  7.54514884e-06
 40.9557  7.12435265e-07  1.22837221e-06  5.00837108e-06
 40.9853  1.04490879e-06  1.31466734e-06  5.33378062e-06
 41.0149  1.35298812e-06  3.11489507e-06  8.13318827e-06
 41.0444  1.93001011e-06  7.05965889e-06  1.40040961e-05
 41.074  2.03296732e-06  7.94472203e-06  1.68718768e-05
 41.1036  2.02263627e-06  5.70783493e-06  1.24263226e-05
 41.1332  1.89411563e-06  3.8709896e-06  8.33250528e-06
 41.1627  1.19688927e-06  5.88619426e-06  1.1695912e-05
 41.1923  9.4648334e-07  2.25428833e-06  4.69854617e-06
 41.2219  2.6635061e-06  1.01331582e-05  1.66759782e-05
 41.2515  3.54480594e-06  1.47378023e-05  2.51041048e-05
 41.281  1.69850983e-06  2.26964155e-06  3.95512113e-06
 41.3106  1.73135829e-06  8.93763368e-07  1.60988518e-06
 41.3402  2.08054694e-06  5.4131865e-07  1.32856723e-06
 41.3698  4.00695589e-06  2.10216435e-06  2.91705438e-06
 41.3993  5.16258356e-06  1.18915582e-05  1.71774186e-05
 41.4289  4.48563431e-06  1.16184811e-05  1.73804304e-05
 41.4585  4.32155135e-06  1.33932765e-05  2.59021006e-05
 41.4881  3.11368103e-06  4.15325268e-06  9.14716019e-06
 41.5176  3.6554184e-06  4.58906951e-06  1.10957093e-05
 41.5472  3.10744089e-06  4.56883205e-06  9.44387569e-06
 41.5768  2.31716751e-06  5.91272882e-06  7.1639977e-06
 41.6064  2.68768975e-06  6.08894362e-06  7.42615752e-06
 41.6359  2.52672497e-06  6.29602545e-06  9.04953874e-06
 41.6655  2.46367996e-06  6.34451761e-06  9.75618238e-06
 41.6951  1.97239108e-06  4.74710931e-06  7.24296258e-06
 41.7247  1.06991131e-06  8.39524394e-07  1.35964229e-06
 41.7542  1.2924322e-06  1.72493791e-06  2.30191422e-06
 41.7838  1.24252169e-06  1.88825177e-06  2.28880848e-06
 41.8134  1.24780912e-06  5.53268252e-07  7.14970187e-07
 41.843  1.13821356e-06  1.78987624e-07  3.90869138e-07
 41.8725  1.22034517e-06  1.04835052e-07  3.28697412e-07
 41.9021  1.958875e-06  1.70791025e-07  4.73738973e-07
 41.9317  2.33087764e-06  2.53703785e-07  5.1706628e-07
 41.9613  3.34770718e-06  5.1183542e-07  8.08015824e-07
 41.9908  5.72378199e-06  6.96697216e-07  1.1720149e-06
 42.0204  6.87261655e-06  2.95867554e-07  9.11708388e-07
 42.05  5.96428494e-06  1.66898164e-07  5.43612815e-07
 42.0796  8.87905701e-06  6.83988565e-07  1.23491271e-06
 42.1091  8.66054506e-06  6.99363164e-07  1.09627426e-06
 42.1387  9.98716984e-06  1.49017933e-06  1.7506463e-06
 42.1683  1.14486756e-05  2.91789988e-06  2.97353971e-06
 42.1979  1.04664682e-05  4.52387667e-06  6.52796367e-06
 42.2274  1.34461015e-05  4.11569622e-06  6.89087138e-06
 42.257  1.97848774e-05  4.6845167e-06  7.68948622e-06
 42.2866  1.85181881e-05  4.0578838e-06  7.96658326e-06
 42.3162  1.58189133e-05  4.444524e-06  8.91270764e-06
 42.3457  1.73688893e-05  1.59227559e-05  2.42368224e-05
 42.3753  2.34822872e-05  3.1748453e-05  5.6678981e-05
 42.4049  2.57431123e-05  5.55911911e-05  6.46639698e-05
 42.4345  1.49942382e-05  1.06486128e-05  1.29916097e-05
 42.464  8.91482322e-06  6.80550651e-06  8.86699952e-06
 42.4936  8.26941291e-06  2.29477507e-06  3.87884779e-06
 42.5232  1.00757248e-05  4.87042142e-06  6.31835385e-06
 42.5528  8.20402845e-06  4.27970497e-06  4.72693705e-06
 42.5823  8.0019797e-06  5.27635353e-06  8.37187895e-06
 42.6119  1.21998682e-05  7.33208696e-07  4.15453332e-06
 42.6415  1.52618811e-05  2.06524883e-06  9.69820268e-06
 42.6711  1.83663504e-05  1.75553179e-06  1.24731644e-05
 42.7006  2.07473799e-05  3.12066396e-06  1.69376861e-05
 42.7302  2.62872134e-05  9.67314002e-06  2.58788845e-05
 42.7598  3.11957198e-05  8.82912056e-06  2.03653036e-05
 42.7894  4.16160988e-05  2.35620289e-05  3.45770451e-05
 42.8189  3.17304177e-05  3.21564411e-05  4.26215602e-05
 42.8485  3.30429423e-05  2.69466405e-05  3.36782991e-05
 42.8781  3.07896979e-05  1.4065019e-05  1.93900361e-05
 42.9077  2.91854067e-05  6.60687123e-06  1.28964602e-05
 42.9372  2.8687444e-05  1.20859305e-05  2.01154981e-05
 42.9668  2.9028616e-05  7.79919494e-06  1.84399693e-05
 42.9964  2.91904772e-05  7.88984871e-06  2.47395892e-05
 43.026  2.76711812e-05  6.88779222e-06  1.98737932e-05
 43.0555  2.95603367e-05  1.04475412e-05  2.29076813e-05
 43.0851  2.31744926e-05  6.94252088e-06  1.81932201e-05
 43.1147  2.48881113e-05  2.06953593e-05  3.53735541e-05
 43.1443  3.1759677e-05  2.95622524e-05  4.8620968e-05
 43.1738  3.18977869e-05  6.11226185e-06  2.56893284e-05
 43.2034  3.34610544e-05  1.75735804e-05  4.44533897e-05
 43.233  4.34374601e-05  3.49159564e-05  5.72310875e-05
 43.2626  5.61718371e-05  3.52918442e-05  6.34793889e-05
 43.2921  5.97261673e-05  5.1179993e-06  1.94326302e-05
 43.3217  5.16944348e-05  9.22297484e-06  2.10933452e-05
 43.3513  4.08131276e-05  1.5399102e-05  2.16218851e-05
 43.3809  4.14333741e-05  1.81372844e-05  2.04609979e-05
 43.4104  3.25428392e-05  9.41535174e-06  8.96336811e-06
 43.44  2.83668551e-05  1.37131679e-05  1.58767098e-05
 43.4696  2.93027475e-05  1.10039914e-05  1.41145063e-05
 43.4992  4.56825535e-05  1.03367031e-05  1.52586258e-05
 43.5287  6.7144445e-05  7.63854821e-06  1.79762971e-05
 43.5583  5.41278647e-05  5.95900342e-06  1.26969171e-05
 43.5879  6.39607389e-05  7.74804175e-06  1.50102802e-05
 43.6175  0.000107658553  1.07082011e-05  2.76337184e-05
 43.647  0.000154651377  6.65000168e-06  3.41514796e-05
 43.6766  0.000114463373  5.8046621e-06  2.08418523e-05
 43.7062  0.000130191532  1.38872275e-05  2.77142393e-05
 43.7358  0.000181840304  2.3643431e-05  3.45363241e-05
 43.7653  0.000329163481  5.51768335e-05  5.4310649e-05
 43.7949  0.000338528889  2.41843465e-05  5.75439363e-05
 43.8245  0.000337043434  1.84799875e-05  5.37573408e-05
 43.8541  0.000332927159  2.06996646e-05  6.10306262e-05
 43.8836  0.000422926555  2.26799571e-05  5.78811692e-05
 43.9132  0.00049278208  3.21569185e-05  5.2130091e-05
 43.9428  0.000600124985  4.2535215e-05  4.40243331e-05
 43.9724  0.000635612021  4.39153008e-05  3.57076356e-05
 44.0019  0.000805562219  5.69918709e-05  4.92550777e-05
 44.0315  0.00108073068  8.15313379e-05  7.99680563e-05
 44.0611  0.00123066786  0.000100432888  0.000108212618
 44.0907  0.00133248882  0.000150791926  0.00012551465
 44.1202  0.00130296425  0.000279784961  0.000122761051
 44.1498  0.00130431377  0.000273123595  0.000259352542
 44.1794  0.00140505469  0.0002661344  0.000410915416
 44.209  0.00170790028  0.000476503561  0.000652614555
 44.2385  0.00302452519  0.00381078924  0.0012993979
 44.2681  0.00255897444  0.00472711032  0.00190092135
 44.2977  0.00290881907  0.00283649729  0.00149555916
 44.3273  0.00274049203  0.00153885061  0.0019201867
 44.3568  0.00345703121  0.0011892905  0.00220312028
 44.3864  0.00311414289  0.00146599897  0.00205765582
 44.416  0.00242668107  0.00138991373  0.00182085804
 44.4456  0.0028353489  0.00134104062  0.00233149355
 44.4751  0.00208388066  0.00120282778  0.00195820927
 44.5047  0.00189242535  0.001313458  0.00266780802
 44.5343  0.00184620518  0.00317818047  0.0035029505
 44.5639  0.00184710383  0.00601376555  0.00586640412
 44.5935  0.00181573871  0.00969453543  0.00928884836
 44.623  0.00197694388  0.0139741368  0.0132829294
 44.6526  0.00322324203  0.0187796475  0.0175237954
 44.6822  0.00486174866  0.0224743454  0.021500209
 44.7118  0.00542578761  0.0214536905  0.0212887132
 44.7413  0.00556444681  0.0185482094  0.0189175628
 44.7709  0.00573325353  0.0147283602  0.015249
 44.8005  nan  nan  nan
