# X (m) TKE_avg epsilon_turb_pw_avg_Y_avg epsilon_pw_avg_Y_avg
 33.0308  3.16277424e-05  1835952.66  7583.68028
 33.0617  3.26799314e-05  1.07563647e-06  1.0285437e-05
 33.0925  4.22288711e-05  1.31278978e-06  1.1264911e-05
 33.1233  5.76060286e-05  2.36342594e-06  1.68131342e-05
 33.1542  4.54340143e-05  2.67709207e-06  2.20778363e-05
 33.185  4.54474189e-05  9.51657287e-06  4.72164987e-05
 33.2158  8.01367133e-05  2.08338671e-05  4.92315019e-05
 33.2467  0.000114097231  1.89717648e-05  5.61728148e-05
 33.2775  8.35508429e-05  6.55610706e-06  4.2455889e-05
 33.3083  7.15193466e-05  6.18858817e-06  3.9748312e-05
 33.3392  7.51973662e-05  6.56727765e-06  4.19376777e-05
 33.37  0.000107242031  5.838475e-06  3.14430334e-05
 33.4008  0.000141084164  5.87718398e-06  5.19083766e-05
 33.4317  0.000103183355  6.96946553e-06  5.59871736e-05
 33.4625  7.80949504e-05  6.88710226e-06  4.92104829e-05
 33.4933  9.44972228e-05  8.38160016e-06  5.96658833e-05
 33.5242  0.00013131374  7.66080266e-06  7.4093508e-05
 33.555  0.000137895167  1.00611343e-05  7.79459243e-05
 33.5858  0.000151070427  9.07134951e-06  8.0808056e-05
 33.6167  0.000154893746  9.13578432e-06  8.72189312e-05
 33.6475  0.000104954896  8.31627263e-06  8.37473708e-05
 33.6783  0.000133420739  8.68863661e-06  9.07415872e-05
 33.7092  0.000217386239  1.20420706e-05  0.000107898137
 33.74  0.000198990829  1.14774427e-05  9.79207739e-05
 33.7708  0.000197326193  1.12502541e-05  8.79278879e-05
 33.8017  0.000131807328  8.27473989e-06  6.09426749e-05
 33.8325  9.26226437e-05  6.68693596e-06  4.2037823e-05
 33.8633  0.000134793484  1.08829341e-05  4.0280103e-05
 33.8942  0.000154852448  1.1566618e-05  3.57721476e-05
 33.925  8.77972242e-05  6.05529114e-06  2.75561463e-05
 33.9558  8.54554021e-05  5.25932479e-06  3.23809134e-05
 33.9867  6.83551073e-05  4.96496126e-06  3.23653566e-05
 34.0175  6.5765483e-05  4.53946045e-06  3.21248516e-05
 34.0483  0.00010077459  5.01651809e-06  3.2917566e-05
 34.0792  8.10197686e-05  3.09740039e-06  3.02555296e-05
 34.11  6.36688866e-05  7.43811462e-06  2.73200742e-05
 34.1408  6.27985176e-05  7.52505176e-06  2.24499059e-05
 34.1717  7.40857934e-05  4.11626913e-06  1.84078629e-05
 34.2025  6.72722237e-05  3.62128668e-06  1.61647024e-05
 34.2333  4.42659126e-05  4.46125099e-06  1.26165717e-05
 34.2642  4.34799642e-05  3.61712942e-06  1.10432307e-05
 34.295  3.86705634e-05  3.16879593e-06  9.3113091e-06
 34.3258  3.51305834e-05  3.12738083e-06  8.3976056e-06
 34.3567  3.05001347e-05  3.43543503e-06  7.80042877e-06
 34.3875  3.08662347e-05  1.93145475e-06  6.09347503e-06
 34.4183  2.26285032e-05  1.51662457e-06  5.07458974e-06
 34.4492  2.01910549e-05  1.42009903e-06  4.30171133e-06
 34.48  2.66966929e-05  4.03150393e-06  7.01863801e-06
 34.5108  1.9097417e-05  3.60033231e-06  6.1427793e-06
 34.5417  1.72903007e-05  2.96801825e-06  3.54887405e-06
 34.5725  1.41629263e-05  5.26294437e-06  7.56125979e-06
 34.6033  1.44738126e-05  1.21181939e-06  3.54290825e-06
 34.6342  1.53477253e-05  3.87030946e-06  6.27597844e-06
 34.665  1.43165713e-05  3.33138192e-06  5.57668843e-06
 34.6958  1.33208288e-05  2.84168848e-06  5.56871843e-06
 34.7267  1.38822213e-05  3.78636755e-06  6.76878212e-06
 34.7575  1.39405371e-05  1.43639884e-06  3.95793339e-06
 34.7883  1.49859477e-05  9.00165647e-07  3.34886233e-06
 34.8192  1.62672761e-05  1.33160097e-06  3.97746106e-06
 34.85  1.58400285e-05  2.69925238e-06  5.90948183e-06
 34.8808  1.76182731e-05  4.02308882e-06  7.29345929e-06
 34.9117  1.72529438e-05  3.95347355e-06  8.1278585e-06
 34.9425  1.78568572e-05  4.35131011e-06  7.9729315e-06
 34.9733  1.94832832e-05  6.31795252e-06  9.98779311e-06
 35.0042  1.87571757e-05  3.03862201e-06  6.70934351e-06
 35.035  1.83574017e-05  7.24749576e-06  1.2107162e-05
 35.0658  1.75750232e-05  1.78416327e-06  6.56458787e-06
 35.0967  1.77420184e-05  1.16237109e-06  6.30998515e-06
 35.1275  1.76975126e-05  5.05188197e-06  1.00332717e-05
 35.1583  1.8000222e-05  3.18962512e-06  8.27163e-06
 35.1892  1.84300996e-05  7.71753079e-07  6.14552316e-06
 35.22  1.79526981e-05  1.30892356e-06  6.92027859e-06
 35.2508  1.93131493e-05  3.88268006e-06  7.33928103e-06
 35.2817  2.04387724e-05  1.91040563e-06  6.1210293e-06
 35.3125  1.99896798e-05  2.91960161e-06  6.9846614e-06
 35.3433  1.88511235e-05  1.91152635e-06  6.4052055e-06
 35.3742  1.93507283e-05  8.07827056e-07  5.89772313e-06
 35.405  1.83702835e-05  1.55571757e-06  6.76154582e-06
 35.4358  1.71232103e-05  1.07123292e-06  5.29109065e-06
 35.4667  1.6101759e-05  5.40428289e-07  5.17440473e-06
 35.4975  1.55764864e-05  8.39509116e-07  5.80593544e-06
 35.5283  1.5369938e-05  1.88336819e-06  8.20769322e-06
 35.5592  1.52580501e-05  2.33435333e-06  8.57453328e-06
 35.59  1.45131476e-05  2.00850052e-06  8.24972015e-06
 35.6208  1.67245139e-05  3.74023747e-06  9.2710137e-06
 35.6517  1.84114064e-05  2.23390633e-06  7.18342867e-06
 35.6825  2.0853272e-05  2.52571483e-06  8.68443792e-06
 35.7133  2.16276811e-05  8.83213122e-07  6.41504839e-06
 35.7442  1.91518643e-05  1.86801197e-06  6.90157651e-06
 35.775  2.01034256e-05  3.45981459e-06  8.69874533e-06
 35.8058  2.54250275e-05  6.01068549e-06  1.20902549e-05
 35.8367  2.64596725e-05  6.5759352e-06  1.29466147e-05
 35.8675  2.59498577e-05  3.80368668e-06  9.35423791e-06
 35.8983  3.04110984e-05  2.53361572e-06  7.72065581e-06
 35.9292  3.03590863e-05  2.38675853e-06  7.14754713e-06
 35.96  3.4730087e-05  2.03852603e-06  7.2551543e-06
 35.9908  3.1842021e-05  8.84132668e-06  1.81105149e-05
 36.0217  3.4572137e-05  5.31089028e-06  1.24218387e-05
 36.0525  3.89810429e-05  6.41818024e-06  1.44148346e-05
 36.0833  4.25590517e-05  1.5646033e-05  2.51411156e-05
 36.1142  4.67383812e-05  2.93031966e-05  4.49927629e-05
 36.145  4.69938447e-05  1.61063291e-05  3.00149324e-05
 36.1758  4.47164751e-05  7.55949713e-06  2.19929543e-05
 36.2067  7.20705946e-05  1.33209995e-05  3.49609926e-05
 36.2375  6.26952868e-05  1.85971973e-05  4.23728897e-05
 36.2683  7.23165171e-05  2.48002544e-05  5.25632529e-05
 36.2992  0.000101479651  1.14823549e-05  4.61292662e-05
 36.33  0.000151354591  2.59465225e-05  8.05169021e-05
 36.3608  0.000199798584  1.95715126e-05  8.23290008e-05
 36.3917  0.000173090252  2.25927076e-05  9.00372174e-05
 36.4225  0.000229367104  2.23912793e-05  9.7147151e-05
 36.4533  0.000267902391  2.26659951e-05  0.000101954815
 36.4842  0.000281725648  2.36502733e-05  0.000111247637
 36.515  0.000227083465  2.37189349e-05  9.66251758e-05
 36.5458  0.000256255835  3.2044039e-05  0.00010872783
 36.5767  0.000331503828  2.56512912e-05  0.000111541346
 36.6075  0.000319233846  2.60446189e-05  0.000112482971
 36.6383  0.000276526209  1.99312998e-05  0.000104739387
 36.6692  0.000222130993  1.71589118e-05  9.70047228e-05
 36.7  0.000265373261  1.23831053e-05  9.99921077e-05
 36.7308  0.000195322018  8.92763239e-06  9.00281944e-05
 36.7617  0.000127479801  5.67448104e-06  7.47152988e-05
 36.7925  8.16060648e-05  5.56585658e-06  5.81503171e-05
 36.8233  8.71856103e-05  6.44806135e-06  4.9818499e-05
 36.8542  0.000118390725  1.03204797e-05  6.03511316e-05
 36.885  8.60822038e-05  1.02407253e-05  5.71907552e-05
 36.9158  5.62496194e-05  8.92264458e-06  4.99527822e-05
 36.9467  0.000112656115  1.06809097e-05  4.90365982e-05
 36.9775  0.000170052292  1.35567436e-05  4.95921786e-05
 37.0083  9.53233753e-05  8.08043964e-06  3.33563776e-05
 37.0392  0.000103847118  8.29985762e-06  3.46399901e-05
 37.07  0.00011799919  8.82695403e-06  3.4950605e-05
 37.1008  0.000128551484  7.97130737e-06  3.03804081e-05
 37.1317  0.000122418736  8.62059531e-06  3.15357493e-05
 37.1625  5.66584408e-05  5.05512654e-06  1.91447529e-05
 37.1933  9.3752831e-05  7.23899707e-06  2.53032847e-05
 37.2242  4.15383996e-05  6.2741155e-06  1.93307884e-05
 37.255  6.49558172e-05  6.12318644e-06  2.1375568e-05
 37.2858  3.41315459e-05  3.32564423e-06  1.1474443e-05
 37.3167  4.8796702e-05  4.8938423e-06  1.56643328e-05
 37.3475  2.87158715e-05  6.50408891e-06  1.43304315e-05
 37.3783  1.94270372e-05  3.6411984e-06  8.83036812e-06
 37.4092  2.53888589e-05  6.28605922e-06  1.31384078e-05
 37.44  2.20110875e-05  7.68399041e-06  1.45292187e-05
 37.4708  1.9970409e-05  4.94009132e-06  1.20083551e-05
 37.5017  1.09426397e-05  4.62811036e-06  1.25131497e-05
 37.5325  9.8259122e-06  2.17918344e-06  6.25575032e-06
 37.5633  8.62605133e-06  1.3038073e-05  1.67770362e-05
 37.5942  7.11823361e-06  1.02453215e-05  1.41390356e-05
 37.625  5.87630021e-06  1.01359143e-05  1.59622855e-05
 37.6558  4.81951398e-06  1.97942313e-06  6.16012495e-06
 37.6867  6.02011091e-06  7.19496882e-06  1.01265872e-05
 37.7175  6.97277206e-06  1.88262576e-05  2.43913415e-05
 37.7483  7.13687335e-06  2.67204369e-05  3.43534824e-05
 37.7792  7.97764677e-06  2.60601204e-05  3.15628108e-05
 37.81  5.20614466e-06  7.79231324e-06  1.09759892e-05
 37.8408  6.55789014e-06  2.00030388e-05  3.96874486e-05
 37.8717  6.27757136e-06  1.92190536e-05  3.45154185e-05
 37.9025  5.16477804e-06  9.10826218e-06  1.91372264e-05
 37.9333  5.56032114e-06  5.24396004e-06  1.11689696e-05
 37.9642  6.68862618e-06  1.98485506e-05  2.61616302e-05
 37.995  9.9071684e-06  2.10938021e-05  2.56058482e-05
 38.0258  9.55711971e-06  1.35632476e-05  1.94981369e-05
 38.0567  8.51637544e-06  7.86087703e-06  1.63299881e-05
 38.0875  7.46453169e-06  7.72092011e-06  1.65594178e-05
 38.1183  7.20369041e-06  8.20519491e-06  1.6266451e-05
 38.1492  6.65495979e-06  8.28831865e-06  1.72382664e-05
 38.18  6.94966673e-06  8.19173488e-06  1.67240911e-05
 38.2108  4.31413056e-06  2.12822037e-06  1.15030628e-05
 38.2417  3.42538732e-06  1.70198269e-06  1.2019205e-05
 38.2725  3.25877816e-06  2.16469154e-06  1.2711579e-05
 38.3033  3.78304863e-06  4.90526663e-06  1.39768001e-05
 38.3342  3.31089438e-06  3.36297593e-06  1.11169082e-05
 38.365  2.69886794e-06  2.50921359e-06  1.00277786e-05
 38.3958  2.84155475e-06  1.20382316e-06  8.99478525e-06
 38.4267  3.23282914e-06  1.55278456e-06  1.09298461e-05
 38.4575  3.84027904e-06  2.90112245e-06  1.2323244e-05
 38.4883  4.64585082e-06  7.19985175e-06  2.35507081e-05
 38.5192  3.92259192e-06  8.62851295e-06  2.46143392e-05
 38.55  3.08249657e-06  6.48263422e-06  1.87857411e-05
 38.5808  3.68625071e-06  3.05011789e-06  1.22304747e-05
 38.6117  6.40553963e-06  9.3769095e-06  1.8402279e-05
 38.6425  1.00735645e-05  3.02369358e-05  4.28465035e-05
 38.6733  7.80804618e-06  1.07441758e-05  2.0159776e-05
 38.7042  9.95006687e-06  2.60668475e-05  3.96652257e-05
 38.735  1.14519971e-05  2.51954705e-05  4.2364633e-05
 38.7658  1.32297533e-05  3.17785601e-05  5.14259713e-05
 38.7967  2.09344466e-05  4.92586466e-05  7.1115608e-05
 38.8275  9.45558302e-06  2.42613704e-05  3.92336506e-05
 38.8583  1.71404942e-05  3.002848e-05  5.45810127e-05
 38.8892  1.87371154e-05  1.40903268e-05  3.82114295e-05
 38.92  2.30269444e-05  1.80940229e-05  5.18519034e-05
 38.9508  2.30879488e-05  1.34505775e-05  2.85964954e-05
 38.9817  2.89836338e-05  3.6189408e-05  5.32087448e-05
 39.0125  4.54118321e-05  7.34540964e-05  0.000116866451
 39.0433  4.86651586e-05  1.98423617e-05  3.56871815e-05
 39.0742  5.21814028e-05  4.97107423e-05  7.87171047e-05
 39.105  5.30491228e-05  4.40194919e-05  7.05786137e-05
 39.1358  5.4182456e-05  3.55260598e-05  5.89523245e-05
 39.1667  4.69997295e-05  3.0905599e-05  4.88302772e-05
 39.1975  3.61735591e-05  1.01833445e-05  1.69967051e-05
 39.2283  4.56200487e-05  2.39973011e-05  4.61857801e-05
 39.2592  2.6492916e-05  1.89159728e-05  3.48665405e-05
 39.29  1.59598308e-05  1.444172e-05  2.15060383e-05
 39.3208  2.52995151e-05  6.58617468e-06  1.3828527e-05
 39.3517  1.85149672e-05  1.01098405e-05  1.92199932e-05
 39.3825  1.31221281e-05  7.93589866e-06  1.70868232e-05
 39.4133  1.16626573e-05  5.18402146e-06  1.38043928e-05
 39.4442  1.57543028e-05  3.18424291e-06  8.37057953e-06
 39.475  2.56732501e-05  5.80189748e-06  1.16400079e-05
 39.5058  2.09483762e-05  7.89817271e-06  1.11259158e-05
 39.5367  4.16191413e-05  1.01149967e-05  1.39989531e-05
 39.5675  2.69518898e-05  9.26206258e-06  1.11779618e-05
 39.5983  1.30807663e-05  4.93420141e-06  5.51475002e-06
 39.6292  5.02152874e-06  3.08853589e-06  4.28243861e-06
 39.66  4.22793751e-06  1.34789777e-06  3.01248613e-06
 39.6908  3.49425306e-06  1.47411533e-06  3.08987657e-06
 39.7217  1.05770586e-05  1.89146961e-06  4.95882577e-06
 39.7525  8.05387959e-06  1.57206315e-06  4.50176665e-06
 39.7833  6.7232098e-06  1.24178297e-06  3.75421787e-06
 39.8142  1.09322142e-05  2.72985775e-06  5.65851021e-06
 39.845  1.46540492e-05  4.73069223e-06  6.39296304e-06
 39.8758  7.94487284e-06  1.88569603e-06  3.66104704e-06
 39.9067  1.0582033e-05  3.90307831e-06  6.46381984e-06
 39.9375  1.14413701e-05  3.34953116e-06  6.21999151e-06
 39.9683  4.65304305e-06  1.54463358e-06  4.22223258e-06
 39.9992  3.32268038e-06  9.6122596e-07  3.32748029e-06
 40.03  5.55621343e-06  1.91406049e-06  4.55866406e-06
 40.0608  4.42116276e-06  9.60294805e-06  1.41818033e-05
 40.0917  3.6028353e-06  4.03898798e-06  1.01132658e-05
 40.1225  5.78021949e-06  2.14402218e-06  6.98807275e-06
 40.1533  4.67793798e-06  2.57746064e-06  7.49312305e-06
 40.1842  3.12889127e-06  2.96187836e-06  8.32916092e-06
 40.215  3.24547319e-06  8.96147954e-06  1.25789904e-05
 40.2458  4.36656807e-06  1.32598463e-05  1.93198769e-05
 40.2767  5.47584907e-06  1.82201785e-05  2.73266235e-05
 40.3075  5.23145639e-06  2.00895118e-05  3.0258349e-05
 40.3383  5.23906693e-06  1.83932561e-05  2.63023e-05
 40.3692  4.81901782e-06  5.43356898e-06  1.01920771e-05
 40.4  4.10755226e-06  2.62127761e-06  8.53928865e-06
 40.4308  5.13195347e-06  1.48049431e-05  2.1624558e-05
 40.4617  4.83769008e-06  3.35748989e-05  4.09561203e-05
 40.4925  4.16118677e-06  8.59870516e-06  1.37925981e-05
 40.5233  2.9546127e-06  4.38614023e-06  1.29562457e-05
 40.5542  3.79816248e-06  3.03052822e-05  3.98641891e-05
 40.585  4.51894799e-06  2.79046062e-05  3.65283885e-05
 40.6158  8.65310915e-06  2.04312576e-05  2.9432172e-05
 40.6467  7.10941993e-06  1.59846508e-05  2.45166058e-05
 40.6775  4.22576439e-06  5.73272923e-06  1.55305651e-05
 40.7083  4.27985816e-06  3.07638772e-06  1.14838685e-05
 40.7392  4.39940303e-06  2.23324628e-06  1.13953241e-05
 40.77  3.1683011e-06  2.75333889e-06  1.26536091e-05
 40.8008  2.51884444e-06  1.63848953e-06  9.11891496e-06
 40.8317  2.74890761e-06  1.82681375e-06  9.44137325e-06
 40.8625  2.7448517e-06  1.87751971e-06  1.23724346e-05
 40.8933  4.70096771e-06  3.97244354e-06  1.87527595e-05
 40.9242  2.69661683e-06  6.02593755e-06  2.09145985e-05
 40.955  2.77159147e-06  4.5838429e-06  1.67177792e-05
 40.9858  2.40699533e-06  2.00862482e-06  1.04704978e-05
 41.0167  3.50693411e-06  3.3011901e-06  1.2737342e-05
 41.0475  6.25450129e-06  1.28967417e-05  3.45781706e-05
 41.0783  7.32206325e-06  1.79314875e-05  4.24456924e-05
 41.1092  7.89378764e-06  1.61993616e-05  3.73921609e-05
 41.14  5.35263903e-06  1.25483893e-05  2.73537253e-05
 41.1708  3.5026365e-06  7.44506532e-06  1.59509045e-05
 41.2017  6.49290801e-06  5.6559709e-06  1.34642072e-05
 41.2325  1.27594018e-05  2.44442352e-05  4.75847221e-05
 41.2633  4.67497665e-06  5.92669384e-06  1.26806127e-05
 41.2942  4.62206352e-06  3.72574469e-06  7.52567104e-06
 41.325  4.25280282e-06  2.06540682e-06  3.45642127e-06
 41.3558  4.68582824e-06  2.43621129e-06  3.74536912e-06
 41.3867  6.16531951e-06  7.06550616e-06  1.03387719e-05
 41.4175  1.09027159e-05  2.81407508e-05  4.48674208e-05
 41.4483  8.62792264e-06  1.39202202e-05  2.66338687e-05
 41.4792  7.93321621e-06  6.59532061e-06  1.45966343e-05
 41.51  7.03873375e-06  7.42671423e-06  1.83103887e-05
 41.5408  4.57863521e-06  6.90173153e-06  1.74357403e-05
 41.5717  8.34717863e-06  8.33317843e-06  1.07088487e-05
 41.6025  7.74367104e-06  1.47277078e-05  1.87482057e-05
 41.6333  6.71854642e-06  1.37031524e-05  2.13673065e-05
 41.6642  6.4094735e-06  1.27245197e-05  2.2593004e-05
 41.695  5.17611291e-06  9.56756984e-06  1.68425098e-05
 41.7258  3.69542373e-06  1.97442964e-06  2.74858478e-06
 41.7567  3.24875081e-06  2.46602797e-06  3.61515519e-06
 41.7875  2.25379501e-06  1.02948205e-06  1.65579931e-06
 41.8183  2.14833586e-06  7.85687658e-07  1.28776018e-06
 41.8492  2.26211834e-06  4.59364895e-07  8.70350093e-07
 41.88  2.417131e-06  3.65535728e-07  7.19725247e-07
 41.9108  3.73319469e-06  4.55202372e-07  8.01967507e-07
 41.9417  4.1234405e-06  2.00971779e-07  8.37488965e-07
 41.9725  5.12801228e-06  2.41433904e-07  1.32633924e-06
 42.0033  5.70530883e-06  3.56017036e-07  1.5631851e-06
 42.0342  7.11723662e-06  6.02555381e-07  1.59596038e-06
 42.065  6.6716721e-06  6.90133283e-07  1.21789696e-06
 42.0958  7.96151914e-06  1.14640839e-06  1.85597247e-06
 42.1267  6.45326326e-06  3.77721702e-07  8.07115511e-07
 42.1575  8.84985376e-06  4.31399087e-06  5.31312724e-06
 42.1883  1.33410594e-05  9.37421257e-06  1.28324878e-05
 42.2192  1.99184467e-05  1.03437376e-05  1.61089165e-05
 42.25  2.60830252e-05  1.31706894e-05  2.29831076e-05
 42.2808  2.2156887e-05  8.93221245e-06  2.6073777e-05
 42.3117  2.6284766e-05  9.33182288e-06  2.77191857e-05
 42.3425  6.51318109e-05  3.43517926e-05  5.26389573e-05
 42.3733  3.51007375e-05  2.785926e-05  6.08381156e-05
 42.4042  3.31613468e-05  5.52022168e-05  6.49514937e-05
 42.435  5.0377576e-05  4.827782e-05  5.91249194e-05
 42.4658  4.10782388e-05  6.04170729e-05  8.35531122e-05
 42.4967  1.83486039e-05  2.24453084e-05  3.03001249e-05
 42.5275  1.23999834e-05  1.36826001e-05  1.57330348e-05
 42.5583  1.63008984e-05  8.56830495e-06  1.0799853e-05
 42.5892  1.84909672e-05  7.02973643e-06  9.8472858e-06
 42.62  2.17045169e-05  2.37402091e-06  5.40730974e-06
 42.6508  2.71597944e-05  8.29317129e-06  1.90933488e-05
 42.6817  2.96819651e-05  2.96143323e-06  1.46285002e-05
 42.7125  4.98906835e-05  8.84944495e-06  2.86572497e-05
 42.7433  7.56181758e-05  7.72717823e-06  2.94566455e-05
 42.7742  0.00013576373  1.21126291e-05  6.4371818e-05
 42.805  0.000140524853  3.09708619e-05  7.94176252e-05
 42.8358  0.00017884469  5.78086003e-05  0.000173373653
 42.8667  0.000439003974  7.09710432e-05  0.000320901509
 42.8975  0.000426012383  9.43569075e-05  0.000478129935
 42.9283  0.000525469443  0.000362304553  0.000703807879
 42.9592  4.30492913e-05  4.20102314e-05  9.88980399e-05
 42.99  2.83657455e-05  1.92005602e-05  6.59555837e-05
 43.0208  3.43956682e-05  4.70098029e-05  8.49473682e-05
 43.0517  3.08727371e-05  3.51875588e-05  6.04003836e-05
 43.0825  3.06576912e-05  1.85017844e-05  4.46911718e-05
 43.1133  3.86641796e-05  7.59429633e-05  0.000105937391
 43.1442  4.16119784e-05  0.000172296463  0.000216128248
 43.175  4.30352636e-05  8.99438699e-05  0.000140138911
 43.2058  3.96533303e-05  2.72391039e-05  5.59076947e-05
 43.2367  5.28000109e-05  4.62554272e-05  7.41099877e-05
 43.2675  5.93256853e-05  4.26962593e-05  7.44518225e-05
 43.2983  6.62456992e-05  9.12525191e-06  1.87644903e-05
 43.3292  7.23844533e-05  4.36128491e-05  4.72035905e-05
 43.36  8.18107748e-05  6.1609774e-05  6.32586992e-05
 43.3908  7.06352119e-05  4.27798756e-05  4.58206796e-05
 43.4217  7.82768073e-05  1.54538088e-05  2.99888863e-05
 43.4525  7.31036144e-05  2.44742287e-05  5.86747576e-05
 43.4833  0.000108902943  2.71264856e-05  6.26849557e-05
 43.5142  9.30523488e-05  2.54873799e-05  5.01826896e-05
 43.545  0.000101336071  2.40151039e-05  3.83955781e-05
 43.5758  8.52782262e-05  1.77300823e-05  2.36922221e-05
 43.6067  0.00010605345  1.44402312e-05  1.15554974e-05
 43.6375  0.000124969812  4.50129912e-05  1.84776072e-05
 43.6683  0.000162477784  1.51714138e-05  1.16148406e-05
 43.6992  0.000266889813  2.82306348e-05  2.00240985e-05
 43.73  0.00045181546  3.8999419e-05  2.48231697e-05
 43.7608  0.000610529008  3.48274171e-05  2.80117435e-05
 43.7917  0.000807296619  4.32824269e-05  2.60395968e-05
 43.8225  0.0012027133  7.32730312e-05  3.54850867e-05
 43.8533  0.00147804597  8.3344171e-05  4.40184547e-05
 43.8842  0.00193687141  0.000137949997  5.90876343e-05
 43.915  0.00291468377  0.000273315002  9.34873014e-05
 43.9458  0.00399537841  0.000466181892  0.000130555009
 43.9767  0.00488073517  0.000660824665  0.000237367489
 44.0075  0.0063165646  0.000918454074  0.000260137612
 44.0383  0.00759974364  0.00104513301  0.000342230621
 44.0692  0.00763416872  0.00139462906  0.000401350119
 44.1  0.00712058032  0.00172276686  0.000399687599
 44.1308  0.00682960867  0.00201784219  0.000315583446
 44.1617  0.00642989985  0.00214047405  0.000546498095
 44.1925  0.0058547881  0.00206443723  0.000702895273
 44.2233  0.00594616876  0.00138187808  0.000699093867
 44.2542  0.00585500235  0.00172988161  0.000788396909
 44.285  0.00597800138  0.00245710657  0.000814318519
 44.3158  0.00650696784  0.00290272647  0.000855462274
 44.3467  0.00606307061  0.00245948322  0.000816337035
 44.3775  0.00678596113  0.00228529306  0.00102519382
 44.4083  0.00769610272  0.00211671051  0.00116405827
 44.4392  0.00635027101  0.00133075621  0.00136756299
 44.47  0.00624874562  0.00102071883  0.00176933114
 44.5008  0.0057657406  0.00121252511  0.00210794698
 44.5317  0.0052357132  0.00181307723  0.00243811012
 44.5625  0.0052942333  0.00299419123  0.00306010755
 44.5933  0.00563344069  0.0049053538  0.00439286059
 44.6242  0.00648189722  0.00885108041  0.00831839182
 44.655  0.00828116684  0.0138523352  0.0134494197
 44.6858  0.00985410645  0.00874228833  0.0124312864
 44.7167  0.014761034  0.0122030701  0.0170011816
 44.7475  0.0163973259  0.0137242846  0.0155167486
 44.7783  0.0168457841  0.0113864704  0.0090207378
 44.8092  0.0151340422  0.00689029951  0.00591336315
 44.84  0.0138089996  0.00493424032  0.00456681776
 44.8708  0.0114630307  0.00742512514  0.00620579552
 44.9017  0.0128942691  0.0109670484  0.0087816537
 44.9325  0.0148930479  0.0107647765  0.00735120948
 44.9633  0.0152997098  0.00965121051  0.00472320124
 44.9942  0.0223225858  0.0252910183  0.0202649569
 45.025  nan  nan  nan
 45.0558  nan  nan  nan
 45.0867  0.0014607294  0.00168184265  0.00163917821
 45.1175  0.0017085405  0.0015323528  0.00143889341
 45.1483  nan  nan  nan
 45.1792  0.00224706194  0.00289768155  0.0027876409
 45.21  0.011777511  0.00361586729  0.00262146644
 45.2408  0.00894397695  0.00600876367  0.00230113801
 45.2717  0.00787170322  0.00664242315  0.00223552065
 45.3025  nan  nan  nan
