# X (m) TKE_avg epsilon_turb_pw_avg_Y_avg epsilon_pw_avg_Y_avg
 33.0309  6.15396842e-05  3.11642836e-06  1.97939605e-06
 33.0618  6.34453095e-05  1.65185385e-06  2.44679617e-06
 33.0927  7.49802193e-05  3.77054325e-06  3.47699793e-06
 33.1236  7.10544439e-05  5.10020958e-06  4.15673852e-06
 33.1545  6.54926535e-05  3.52960794e-06  5.334354e-06
 33.1854  7.83903047e-05  5.17404862e-06  9.70166363e-06
 33.2163  7.22398723e-05  4.72848871e-06  4.75226977e-06
 33.2472  9.70225152e-05  6.5038487e-06  1.10821776e-05
 33.278  9.47839821e-05  4.78923627e-06  1.03573914e-05
 33.3089  7.17105799e-05  5.81842232e-06  9.99076256e-06
 33.3398  5.25468708e-05  6.53123745e-06  8.95900297e-06
 33.3707  4.19230314e-05  3.43883387e-06  5.78486355e-06
 33.4016  4.6057036e-05  5.62883137e-06  5.92853373e-06
 33.4325  5.58219042e-05  4.2805989e-06  4.9673505e-06
 33.4634  5.93626529e-05  3.12859268e-06  5.09007049e-06
 33.4943  4.95693319e-05  3.16925108e-06  3.85107292e-06
 33.5252  3.85256828e-05  2.18675465e-06  4.31572285e-06
 33.5561  3.85466176e-05  2.6120018e-06  5.29196091e-06
 33.587  3.36999632e-05  1.77466796e-06  4.19993698e-06
 33.6179  3.45085592e-05  2.38067882e-06  4.66441217e-06
 33.6488  3.55159433e-05  2.12088618e-06  4.61091967e-06
 33.6797  4.03614924e-05  8.35015929e-07  2.97868729e-06
 33.7106  4.67657894e-05  1.9776357e-06  4.9453371e-06
 33.7415  5.15707048e-05  1.21425532e-06  3.88853787e-06
 33.7724  5.24617311e-05  1.2062616e-06  3.90966493e-06
 33.8032  5.1855531e-05  1.11286614e-06  3.76484174e-06
 33.8341  5.32826371e-05  1.32997303e-06  3.53686696e-06
 33.865  5.67761173e-05  1.72719929e-06  3.35743051e-06
 33.8959  6.28294521e-05  1.3819296e-06  3.33538276e-06
 33.9268  6.81016706e-05  1.25634942e-06  3.42159452e-06
 33.9577  7.34806968e-05  1.2195706e-06  2.99900118e-06
 33.9886  7.09109085e-05  1.11367058e-06  2.84824502e-06
 34.0195  7.37931329e-05  1.17578202e-06  3.20936449e-06
 34.0504  8.00767531e-05  1.29822465e-06  3.20049677e-06
 34.0813  7.46347324e-05  1.3213236e-06  3.59846562e-06
 34.1122  7.81909072e-05  1.22440029e-06  3.84479631e-06
 34.1431  7.89232188e-05  1.31391741e-06  3.95473638e-06
 34.174  7.503755e-05  1.72124027e-06  4.83152379e-06
 34.2049  6.85866443e-05  1.3539781e-06  4.29480551e-06
 34.2358  6.93238971e-05  1.77179846e-06  4.59889066e-06
 34.2667  7.05349747e-05  2.16738306e-06  5.24234633e-06
 34.2976  7.45133962e-05  2.14271866e-06  4.86155683e-06
 34.3284  7.86115129e-05  3.63647362e-06  7.86439375e-06
 34.3593  8.65762814e-05  2.08334267e-06  4.89174021e-06
 34.3902  9.37239174e-05  1.80562092e-06  4.60618518e-06
 34.4211  9.3499956e-05  2.12912656e-06  5.31053787e-06
 34.452  8.85917403e-05  3.19811704e-06  6.0327545e-06
 34.4829  7.72621272e-05  4.9413533e-06  8.46709582e-06
 34.5138  7.1354952e-05  7.11288956e-06  1.2551325e-05
 34.5447  6.85069554e-05  4.26054513e-06  8.14146687e-06
 34.5756  6.99064181e-05  7.93668417e-06  1.47403006e-05
 34.6065  6.57654099e-05  3.43622791e-06  9.10104087e-06
 34.6374  6.44074228e-05  7.6534256e-06  1.60576786e-05
 34.6683  7.2285641e-05  8.03576689e-06  1.70763614e-05
 34.6992  6.32415987e-05  7.72605418e-06  1.6033107e-05
 34.7301  7.14771821e-05  9.14300982e-06  1.86555711e-05
 34.761  6.50173734e-05  1.14543137e-05  2.10192003e-05
 34.7919  7.85724102e-05  6.94886774e-06  1.4950478e-05
 34.8228  0.000103986384  6.4727118e-06  1.61773578e-05
 34.8537  0.000111097668  9.40122422e-06  2.19734561e-05
 34.8845  0.000128794905  8.57041655e-06  2.33350343e-05
 34.9154  0.000113912392  9.13917871e-06  2.61410212e-05
 34.9463  0.00011597771  1.05504877e-05  2.90575696e-05
 34.9772  0.000119094526  1.13949159e-05  3.25448513e-05
 35.0081  0.000125451556  8.27453041e-06  3.08283941e-05
 35.039  0.000138649245  7.9083535e-06  3.2725832e-05
 35.0699  0.000144841345  8.17132859e-06  3.51027011e-05
 35.1008  0.000163213665  5.68743554e-06  3.53603543e-05
 35.1317  0.000193619902  1.17596419e-05  4.08565854e-05
 35.1626  0.000193586878  1.07462383e-05  3.52344493e-05
 35.1935  0.000174841074  7.60150599e-06  2.94898062e-05
 35.2244  0.000196759659  7.82591199e-06  3.35387281e-05
 35.2553  0.00024767607  1.11662324e-05  3.65896383e-05
 35.2862  0.000235535114  1.00363226e-05  3.57869748e-05
 35.3171  0.000214054718  9.84057085e-06  4.30082127e-05
 35.348  0.000198954901  7.79273191e-06  4.32452927e-05
 35.3789  0.000182473062  6.24626771e-06  3.95210832e-05
 35.4097  0.000202683652  6.3116806e-06  4.19934188e-05
 35.4406  0.000163262598  5.27165125e-06  3.4636996e-05
 35.4715  0.000152292372  4.91480158e-06  3.33616735e-05
 35.5024  0.000131771739  4.66731865e-06  3.25939841e-05
 35.5333  0.000137260028  4.4191337e-06  3.44331836e-05
 35.5642  0.000142602131  5.74014955e-06  3.29038689e-05
 35.5951  0.00016034396  1.04781851e-05  3.27403256e-05
 35.626  0.000152541718  8.34837344e-06  2.82964694e-05
 35.6569  0.000154267758  7.485774e-06  3.00165168e-05
 35.6878  0.000160737637  8.05364639e-06  3.04205513e-05
 35.7187  0.000163856819  8.74220407e-06  2.84700872e-05
 35.7496  0.00018583237  9.83563412e-06  2.87681832e-05
 35.7805  0.000182721247  1.12270309e-05  2.2893299e-05
 35.8114  0.000199215932  1.26836701e-05  2.23187727e-05
 35.8423  0.000157561371  9.19570014e-06  1.64301507e-05
 35.8732  0.00014162546  7.78188095e-06  1.29276817e-05
 35.9041  0.000113326573  6.20522643e-06  8.51073907e-06
 35.9349  0.000118026253  7.98382225e-06  9.17295043e-06
 35.9658  0.000112791611  1.13093497e-05  9.2435242e-06
 35.9967  0.000150757084  1.64860887e-05  1.67872894e-05
 36.0276  0.000157756819  9.30962485e-06  9.00573105e-06
 36.0585  0.000164892437  1.11027748e-05  8.91179581e-06
 36.0894  0.000165002322  1.83521031e-05  1.18306512e-05
 36.1203  0.000116990812  1.59002193e-05  1.02181962e-05
 36.1512  0.000114927768  6.62801578e-06  5.62208439e-06
 36.1821  0.000129247872  8.02105933e-06  7.33073617e-06
 36.213  0.000123979706  8.76395345e-06  7.58196888e-06
 36.2439  0.000132495711  1.28583912e-05  9.52468667e-06
 36.2748  0.000167776398  1.71633617e-05  1.04860682e-05
 36.3057  0.000135311494  1.74502258e-05  1.16667089e-05
 36.3366  0.000167859391  2.34878312e-05  2.36209163e-05
 36.3675  0.000164165324  2.27920002e-05  2.88379529e-05
 36.3984  0.000140007466  1.04570976e-05  1.92427659e-05
 36.4293  0.000126217936  8.94970909e-06  1.11016539e-05
 36.4601  0.000118093701  1.2469292e-05  2.39336674e-05
 36.491  0.000108411731  5.46950887e-06  9.918938e-06
 36.5219  0.000108567558  1.94793229e-05  2.35780012e-05
 36.5528  0.000107924584  9.90942103e-06  1.34524325e-05
 36.5837  0.000118268926  1.05863241e-05  1.30731428e-05
 36.6146  0.000144453804  1.6082463e-05  1.810025e-05
 36.6455  0.000166853293  2.02716714e-05  2.38719434e-05
 36.6764  0.000147991075  2.02006185e-05  2.70217967e-05
 36.7073  0.000137471283  5.44300637e-06  1.14548764e-05
 36.7382  0.000161580427  6.42420735e-06  1.19855985e-05
 36.7691  0.000172885161  5.7352471e-06  1.02996093e-05
 36.8  0.00014375112  3.5142645e-06  7.6809984e-06
 36.8309  0.000107159297  2.5300902e-06  7.45282434e-06
 36.8618  0.000101309014  2.59749205e-06  8.49892882e-06
 36.8927  9.95594309e-05  3.77743998e-06  9.02442368e-06
 36.9236  9.1338482e-05  4.21617362e-06  9.30592089e-06
 36.9545  8.31884696e-05  5.69647175e-06  9.4137243e-06
 36.9853  7.78723787e-05  8.70966259e-06  1.25431255e-05
 37.0162  7.39614355e-05  3.06263697e-06  8.91019517e-06
 37.0471  7.29703799e-05  7.27732118e-06  1.26524111e-05
 37.078  6.94055258e-05  3.23779099e-06  9.38853511e-06
 37.1089  6.68898771e-05  2.99262418e-06  8.83510164e-06
 37.1398  5.88212949e-05  1.81698651e-06  7.99767138e-06
 37.1707  6.04777084e-05  1.99485911e-06  8.54447521e-06
 37.2016  5.55282143e-05  1.11538073e-06  6.87862342e-06
 37.2325  5.54278245e-05  1.20739084e-06  6.92609809e-06
 37.2634  5.86088248e-05  1.46302294e-06  7.88448887e-06
 37.2943  5.83018936e-05  3.55278304e-06  1.12097233e-05
 37.3252  5.8270975e-05  7.72671466e-06  1.69542516e-05
 37.3561  5.61445293e-05  5.84286442e-06  1.35268712e-05
 37.387  5.68047316e-05  3.44636337e-06  9.0870309e-06
 37.4179  6.51327342e-05  5.21011838e-06  1.72925425e-05
 37.4488  6.16785713e-05  6.14634075e-06  1.69878396e-05
 37.4797  6.81962654e-05  1.20272305e-05  3.2705908e-05
 37.5106  6.47117572e-05  7.27913003e-06  2.0636968e-05
 37.5414  6.95640755e-05  3.11853049e-06  9.45506836e-06
 37.5723  7.14403299e-05  1.28454631e-05  2.01741539e-05
 37.6032  7.27217154e-05  2.30280466e-05  3.74487539e-05
 37.6341  8.36339537e-05  7.77750476e-06  1.91385762e-05
 37.665  8.45884362e-05  5.3012385e-06  1.00943006e-05
 37.6959  9.33608899e-05  2.11926023e-05  2.84149685e-05
 37.7268  9.32843169e-05  3.26771371e-05  5.15772355e-05
 37.7577  9.73819762e-05  1.42749932e-05  2.27279177e-05
 37.7886  0.000110630003  1.69446155e-05  2.48230349e-05
 37.8195  9.93670603e-05  1.91730627e-05  3.27601088e-05
 37.8504  0.000124093393  1.69590573e-05  3.79271197e-05
 37.8813  0.000148235389  1.9016346e-05  4.21236533e-05
 37.9122  0.000160013188  2.50969785e-05  6.32648326e-05
 37.9431  0.000167725091  1.98955954e-05  4.68429168e-05
 37.974  0.000175145  2.4415308e-05  5.30607639e-05
 38.0049  0.000188082582  1.90681218e-05  4.820117e-05
 38.0358  0.000211234099  1.70399194e-05  4.15165908e-05
 38.0666  0.00022405762  1.30919848e-05  4.41701103e-05
 38.0975  0.000220045916  1.44295414e-05  5.01691953e-05
 38.1284  0.000213426388  1.63647499e-05  5.69003801e-05
 38.1593  0.000201323332  9.82848493e-06  5.21053853e-05
 38.1902  0.00019237955  8.7147945e-06  5.00190819e-05
 38.2211  0.000164476756  9.06513588e-06  4.61636591e-05
 38.252  0.000187196971  7.71761023e-06  4.34420585e-05
 38.2829  0.000182021146  7.21880473e-06  4.15616127e-05
 38.3138  0.000169523865  6.4068848e-06  3.87545928e-05
 38.3447  0.000169425929  6.150744e-06  3.8692404e-05
 38.3756  0.000174915663  6.29022248e-06  4.09135969e-05
 38.4065  0.000168753319  5.47810473e-06  4.05825641e-05
 38.4374  0.000162392578  5.53273264e-06  3.71207894e-05
 38.4683  0.0001563455  5.16406661e-06  3.27804048e-05
 38.4992  0.000154271132  4.73018683e-06  2.99468981e-05
 38.5301  0.000189681679  5.79973958e-06  3.4130033e-05
 38.561  0.000165159882  5.48802994e-06  3.07676308e-05
 38.5918  0.000159635557  6.33498114e-06  2.91087055e-05
 38.6227  0.000186645275  9.72387391e-06  3.30537785e-05
 38.6536  0.00019769265  9.58005968e-06  3.25263974e-05
 38.6845  0.00026559293  1.56372395e-05  3.80221977e-05
 38.7154  0.000297260595  2.30044244e-05  3.48118996e-05
 38.7463  0.000381940089  2.81498661e-05  3.22627184e-05
 38.7772  0.000383840018  3.16428179e-05  2.88095962e-05
 38.8081  0.000266355387  4.00514308e-05  2.54814629e-05
 38.839  0.000260711752  5.36585489e-05  2.50625333e-05
 38.8699  0.000126620047  3.34692498e-05  2.07146479e-05
 38.9008  0.000119818905  2.07026271e-05  2.64972152e-05
 38.9317  0.000114778964  1.95432985e-05  2.66343106e-05
 38.9626  0.000105700938  8.64364893e-06  9.76102879e-06
 38.9935  0.000110038008  2.53142184e-05  3.02934226e-05
 39.0244  0.000111258026  4.52455929e-05  5.59621489e-05
 39.0553  0.00011807919  1.72787583e-05  1.98781759e-05
 39.0862  0.000143373354  5.27453075e-05  5.83270658e-05
 39.117  0.000151764037  7.44178373e-05  9.50944431e-05
 39.1479  0.00017006313  7.2296505e-05  9.78304487e-05
 39.1788  0.000176135563  2.284416e-05  3.21853393e-05
 39.2097  0.000200323081  3.31955421e-05  4.83363533e-05
 39.2406  0.00020689981  6.37255093e-05  0.000101898164
 39.2715  0.000247730832  7.2951232e-05  8.14623747e-05
 39.3024  0.000239734648  3.65799142e-05  3.73870944e-05
 39.3333  0.00025793283  0.000103435069  0.000114203312
 39.3642  0.00026313017  0.000210252856  0.000254084527
 39.3951  0.000289537646  5.55088838e-05  7.42418705e-05
 39.426  0.000299037219  2.7072419e-05  3.47843409e-05
 39.4569  0.000300665435  1.54495371e-05  1.98832491e-05
 39.4878  0.00034669729  2.17558229e-05  2.57304959e-05
 39.5187  0.000362265977  5.42305422e-05  6.68617292e-05
 39.5496  0.000392401448  4.33072168e-05  5.50365309e-05
 39.5805  0.000450813004  3.87973438e-05  6.47179616e-05
 39.6114  0.000480060565  7.11719499e-05  7.05555394e-05
 39.6422  0.000523927878  8.31193997e-05  7.50598968e-05
 39.6731  0.000513044501  3.59543753e-05  3.70113179e-05
 39.704  0.00049851075  3.96937012e-05  3.8240877e-05
 39.7349  0.000480239282  3.22282874e-05  2.62683812e-05
 39.7658  0.000443071101  2.12469538e-05  2.638551e-05
 39.7967  0.000462604468  1.20981821e-05  2.75424467e-05
 39.8276  0.000584877336  1.44721835e-05  3.02746418e-05
 39.8585  0.000673791672  1.68837206e-05  2.97387738e-05
 39.8894  0.000652640575  1.79250986e-05  2.61004064e-05
 39.9203  0.000618466241  2.58281194e-05  3.56889363e-05
 39.9512  0.000591546339  3.54254066e-05  4.95039376e-05
 39.9821  0.000587097293  3.9564872e-05  4.53541844e-05
 40.013  0.000540190244  3.20108123e-05  2.85434432e-05
 40.0439  0.000472574326  4.79076231e-05  6.97038691e-05
 40.0748  0.000420709072  4.92841332e-05  7.7048194e-05
 40.1057  0.000394681662  4.63909943e-05  7.91051655e-05
 40.1366  0.000349668605  4.14049469e-05  8.50187222e-05
 40.1675  0.000362141247  3.05746495e-05  5.14461134e-05
 40.1983  0.000471459814  3.11428906e-05  3.31752897e-05
 40.2292  0.000641141544  5.68899928e-05  5.91251886e-05
 40.2601  0.000798363054  7.48256861e-05  8.56417209e-05
 40.291  0.00127115408  9.08713645e-05  8.90333326e-05
 40.3219  0.00224264038  0.00014433623  5.18291557e-05
 40.3528  0.00341584021  0.000274926478  7.76538701e-05
 40.3837  0.00439073519  0.000370470867  8.44241562e-05
 40.4146  0.00523078158  0.000433075485  7.46324326e-05
 40.4455  0.00660921762  0.000676179753  0.000178274463
 40.4764  0.00885310351  0.00103061439  0.000174263834
 40.5073  0.00962137782  0.00138500538  0.000171067806
 40.5382  0.010059711  0.00155767636  0.000186525522
 40.5691  0.00963276023  0.00150092121  0.000211020117
 40.6  0.00840473886  0.0012954325  0.00016571815
 40.6309  0.0078354041  0.00117622768  0.000154692993
 40.6618  0.00812674038  0.000898141305  0.000151518796
 40.6927  0.00742627042  0.000804718733  0.000104596132
 40.7235  0.00674868707  0.000697441344  0.000115190486
 40.7544  0.00670835343  0.000563959071  9.3162268e-05
 40.7853  0.00673305273  0.000548970158  0.000120637746
 40.8162  0.00660487411  0.000526062724  0.000107062672
 40.8471  0.00608649761  0.000473400848  0.000137983432
 40.878  0.00611872164  0.000528054811  0.000143447012
 40.9089  0.00672798069  0.000610645835  0.000144765735
 40.9398  0.00776665064  0.000678657986  0.000130852456
 40.9707  0.0096978266  0.000958453141  0.000123087937
 41.0016  0.0108772084  0.000937590943  0.000110959546
 41.0325  0.00984659393  0.000866734438  0.000121699238
 41.0634  0.00889663174  0.000803032275  0.000108336775
 41.0943  0.00915937189  0.000830955156  0.000111763964
 41.1252  0.011231497  0.000962679071  0.000134991788
 41.1561  0.0150435906  0.00123124479  0.000132218007
 41.187  0.0146561807  0.00130831005  0.000126113549
 41.2179  0.01348544  0.0013420643  0.000140050735
 41.2487  0.013221362  0.00141745848  0.000158984727
 41.2796  0.0136772317  0.00155267856  0.000188084521
 41.3105  0.0154624966  0.00225777388  0.000225880615
 41.3414  0.0217282885  0.0044633437  0.000292581887
 41.3723  0.0266976035  0.00588012988  0.000356385176
 41.4032  0.0305481517  0.00684934214  0.000433446538
 41.4341  0.0334593748  0.00738763229  0.000443917939
 41.465  0.0351580805  0.00795409239  0.000441539195
 41.4959  0.0362904152  0.0101359897  0.000464198169
 41.5268  0.0351704124  0.00865929521  0.000440157476
 41.5577  0.0343230624  0.00830406777  0.000417721118
 41.5886  0.030760015  0.00708089954  0.000377240511
 41.6195  0.0269178359  0.00546118355  0.000326660729
 41.6504  0.0267737826  0.00489005691  0.000332555753
 41.6813  0.0287936652  0.0040721521  0.000274571541
 41.7122  0.037340553  0.00475399191  0.000309398789
 41.7431  0.0467570653  0.00652544586  0.00036136334
 41.7739  0.0489681673  0.0073238134  0.000386800005
 41.8048  0.0451669546  0.0073857385  0.00039557298
 41.8357  0.0472654677  0.00856402591  0.000432834814
 41.8666  0.0495664187  0.0074292708  0.000401937654
 41.8975  0.0517350367  0.00694906517  0.00038001609
 41.9284  0.0481929134  0.00893158842  0.000435823874
 41.9593  0.0426740122  0.0112386057  0.000489078797
 41.9902  0.0381520624  0.0105395885  0.000463796133
 42.0211  0.0354991178  0.0088177913  0.000439488845
 42.052  0.0375812856  0.0103431343  0.000477966644
 42.0829  0.0382997801  0.0106602646  0.000502247695
 42.1138  0.0395434517  0.0125386307  0.000563189188
 42.1447  0.0436459619  0.0151151893  0.000696105992
 42.1756  0.0508201534  0.0142075329  0.000785938532
 42.2065  0.0559985194  0.016653234  0.000936982223
 42.2374  0.0623309008  0.0247126951  0.00116536729
 42.2683  0.0723090699  0.0333525834  0.00135693049
 42.2991  0.079127093  0.0369596935  0.00142237191
 42.33  0.0657098721  0.0307799143  0.00116442102
 42.3609  0.045685868  0.0261408967  0.000973488035
 42.3918  0.036173236  0.0175756218  0.000885400874
 42.4227  0.0307681923  0.0118591328  0.000872059828
 42.4536  0.0266043144  0.00948724131  0.00101708942
 42.4845  0.0227245656  0.00848310773  0.00100589772
 42.5154  0.0179851197  0.00565009839  0.000893189504
 42.5463  0.0129205741  0.00230277004  0.000368007222
 42.5772  0.0130152531  0.00164863752  0.000273066922
 42.6081  0.0132885982  0.00155378034  0.000234719568
 42.639  0.0132517293  0.00162786625  0.000270668245
 42.6699  0.0125617927  0.00149426986  0.000242938972
 42.7008  0.0120297926  0.00153927867  0.000328414053
 42.7317  0.0112296694  0.00162566849  0.000315569605
 42.7626  0.0111843659  0.00144055373  0.000232660427
 42.7935  0.0109904296  0.00139393618  0.000206608936
 42.8243  0.0105972227  0.00143763191  0.000198750025
 42.8552  0.0101968805  0.00145339201  0.000190350157
 42.8861  0.00950051054  0.00109172223  0.000160889129
 42.917  0.00953553752  0.000997507854  0.000133959043
 42.9479  0.00964291426  0.00124614226  0.000191350701
 42.9788  0.0105647555  0.00150509982  0.000223584115
 43.0097  0.0123811099  0.00165343204  0.000183314976
 43.0406  0.0137089368  0.00176864984  0.000220186772
 43.0715  0.0123407787  0.0017691717  0.000168931553
 43.1024  0.0126969234  0.00174406854  0.000173238312
 43.1333  0.010939217  0.00169082343  0.000193679727
 43.1642  0.00910218102  0.00141564601  0.00015221474
 43.1951  0.00882213815  0.00114334966  0.000167580362
 43.226  0.00961262564  0.00100583259  0.000156462861
 43.2569  0.0116703642  0.00144303692  0.000155872612
 43.2878  0.0140376998  0.00175777417  0.000178455231
 43.3187  0.0170649362  0.00203863415  0.000225940218
 43.3496  0.0196071141  0.00241226823  0.00028431625
 43.3804  0.0211898683  0.00307427415  0.000300293346
 43.4113  0.0188416756  0.00288928321  0.00027039231
 43.4422  0.0147769118  0.00354721794  0.000259641676
 43.4731  0.0142447821  0.00301898564  0.000250728738
 43.504  0.0153670655  0.00238185852  0.000229047935
 43.5349  0.0162120125  0.00225540715  0.000249081708
 43.5658  0.017925775  0.00278819697  0.000302971908
 43.5967  0.0223108768  0.00400923666  0.000351565748
 43.6276  0.0216809768  0.00422915328  0.000399788339
 43.6585  0.0255497661  0.00500832926  0.000369611122
 43.6894  0.0297074712  0.00679473834  0.000447204873
 43.7203  0.0312651828  0.00865118438  0.000477252873
 43.7512  0.0363094131  0.0105754393  0.000615789698
 43.7821  0.0365692901  0.0128792276  0.000808545513
 43.813  0.0461833527  0.0157480582  0.000978872723
 43.8439  0.0568477836  0.0218042436  0.00125193548
 43.8748  0.0675240086  0.0339395359  0.00164271642
 43.9056  0.078042275  0.0443589061  0.0019688313
 43.9365  0.0740682  0.0428334593  0.00206024961
 43.9674  0.0693699107  0.0439644104  0.00273568727
 43.9983  0.0749570205  0.0471523796  0.00352150214
 44.0292  0.0823030147  0.0482796309  0.00604151643
 44.0601  0.0848360593  0.0523279361  0.0108556572
 44.091  0.0810612701  0.0547752702  0.0124624123
 44.1219  0.104004912  0.075621547  0.0120868613
 44.1528  0.11185574  0.093735121  0.0204933492
 44.1837  0.114707558  0.12797462  0.0329517021
 44.2146  0.0814605169  0.108235358  0.0348000074
 44.2455  0.0686861065  0.0941070965  0.0456450396
 44.2764  0.0692661024  0.189945084  0.0508393144
 44.3073  0.114454785  0.291292397  0.123122306
 44.3382  0.0574613789  0.255418815  0.115228062
 44.3691  nan  nan  nan
 44.4  0.0367876063  0.0720593744  0.035597954
 44.4308  0.00517840314  0.00652833173  0.00428443409
 44.4617  0.00739824153  0.00760229764  0.00595212189
 44.4926  0.0027729329  0.00347366217  0.00229096213
 44.5235  0.00141196599  0.00150126814  0.000924198679
 44.5544  0.00208940558  0.00174024744  0.00093918715
 44.5853  0.0020297478  0.00082720284  0.000544057414
 44.6162  0.00244843114  0.00108828249  0.000668028484
 44.6471  0.00327788665  0.00203226513  0.00126675507
 44.678  0.00470282224  0.00233709956  0.00133870949
 44.7089  0.00516647918  0.00301406397  0.00128077504
 44.7398  0.00445953649  0.00373670335  0.00147476871
 44.7707  0.00304101048  0.00246362088  0.00201933084
 44.8016  0.00366745079  0.00505191426  0.00416453986
 44.8325  0.00244655557  0.00159714858  0.00162643191
 44.8634  0.00177766687  0.000737046733  0.000867451793
 44.8943  0.0033574961  0.00099518317  0.00118873995
 44.9252  0.0042106879  0.000999482892  0.00150038078
 44.956  0.00355080482  0.000976877658  0.00135275425
 44.9869  0.00366994551  0.000765060839  0.00155752389
 45.0178  0.00443840832  0.000797317134  0.00218704839
 45.0487  0.00387186151  0.000633865781  0.00208705153
 45.0796  0.00289151065  0.00037504283  0.00136746966
 45.1105  0.00365000185  0.000373095492  0.0012047659
 45.1414  0.00331319127  0.000518890808  0.000504870022
 45.1723  0.00213209076  0.000441209809  0.000170962912
 45.2032  0.0023971467  0.000496365543  0.000256678164
 45.2341  0.00235259501  0.000548657996  0.000495104311
 45.265  0.00226088705  0.00065244047  0.000787218513
 45.2959  0.00396379629  0.0014457872  0.00101572488
 45.3268  nan  nan  nan
