# X (m) TKE_avg epsilon_turb_pw_avg_Y_avg epsilon_pw_avg_Y_avg
 33.0309  4.65512855e-05  2.10923541e-06  3.20388521e-06
 33.0618  3.04439711e-05  1.26844679e-06  3.37189546e-06
 33.0927  3.17928511e-05  9.89758889e-07  2.44722529e-06
 33.1236  3.17885526e-05  1.43882373e-06  2.17015605e-06
 33.1545  2.67120474e-05  1.61262747e-06  4.0486858e-06
 33.1854  3.32549465e-05  1.94485443e-05  1.19987159e-05
 33.2163  2.90469472e-05  2.93114101e-06  8.59039166e-06
 33.2472  2.52496065e-05  2.09686473e-06  6.64518341e-06
 33.2781  2.14861977e-05  8.68986247e-07  4.71389217e-06
 33.309  2.57729501e-05  1.01955328e-06  4.43135161e-06
 33.3399  2.86513015e-05  5.21299526e-07  3.35034243e-06
 33.3708  3.72030287e-05  9.92726526e-07  4.39568478e-06
 33.4016  4.31309849e-05  1.49292419e-06  5.09561073e-06
 33.4325  4.10879182e-05  1.49678061e-06  4.99631358e-06
 33.4634  3.75185896e-05  1.43377378e-06  5.01252664e-06
 33.4943  3.07776078e-05  1.55415815e-06  5.16138988e-06
 33.5252  2.82315613e-05  1.79200496e-06  5.83457248e-06
 33.5561  2.79181834e-05  9.52102643e-07  5.07017949e-06
 33.587  3.42214192e-05  2.15270503e-06  6.46506248e-06
 33.6179  3.68681123e-05  1.26558699e-06  4.50549874e-06
 33.6488  4.29293647e-05  1.05350867e-06  5.17357335e-06
 33.6797  5.13451608e-05  1.64921524e-06  7.55090516e-06
 33.7106  5.19295851e-05  1.7746669e-06  6.07751273e-06
 33.7415  5.07931969e-05  1.53845983e-06  5.23117821e-06
 33.7724  5.8873955e-05  2.64289353e-06  6.7530214e-06
 33.8033  6.72737143e-05  3.39119561e-06  6.71579087e-06
 33.8342  6.9277835e-05  5.11081949e-06  1.02611204e-05
 33.8651  6.29567615e-05  2.5641955e-06  7.55110705e-06
 33.896  6.17703485e-05  6.83818248e-06  1.31555934e-05
 33.9269  5.84908096e-05  3.26616537e-06  9.08746589e-06
 33.9578  5.71519455e-05  6.04751829e-06  1.38983656e-05
 33.9887  5.78236945e-05  4.57139923e-06  1.22847463e-05
 34.0196  5.96208654e-05  2.06958698e-06  9.54350328e-06
 34.0505  6.17350621e-05  4.43789581e-06  1.38466078e-05
 34.0814  7.14873398e-05  2.39664277e-06  1.26171868e-05
 34.1123  7.25031459e-05  3.52812865e-06  1.78572813e-05
 34.1432  6.93078616e-05  2.91107874e-06  1.52514197e-05
 34.174  8.58736086e-05  3.91709886e-06  2.14171843e-05
 34.2049  0.000101902275  3.32183901e-06  1.93704204e-05
 34.2358  0.000109262589  8.54021911e-06  2.53779429e-05
 34.2667  0.000109632094  5.27134597e-06  2.25511898e-05
 34.2976  0.0001289375  9.49541089e-06  3.32595322e-05
 34.3285  0.000125189253  1.01120234e-05  3.57785975e-05
 34.3594  8.90699166e-05  8.48089849e-06  3.1423746e-05
 34.3903  8.20317311e-05  4.14904107e-06  2.43113735e-05
 34.4212  0.000125411727  5.40993432e-06  3.32075097e-05
 34.4521  0.000142404675  7.19938821e-06  3.71839655e-05
 34.483  0.000163029706  8.40515684e-06  3.83057894e-05
 34.5139  0.000178401766  9.46795191e-06  3.56909258e-05
 34.5448  0.000193979378  8.68630293e-06  2.72362089e-05
 34.5757  0.000200093532  9.98497878e-06  2.6406499e-05
 34.6066  0.000158037479  8.4305751e-06  2.14691497e-05
 34.6375  0.000165620829  8.9605552e-06  2.54554348e-05
 34.6684  0.000131468048  6.87489426e-06  2.31193565e-05
 34.6993  0.000137695238  7.38991462e-06  2.429507e-05
 34.7302  0.000173460182  9.53400187e-06  2.63768229e-05
 34.7611  0.000157770618  9.62828142e-06  2.27863865e-05
 34.792  0.000101964035  6.96139078e-06  1.74483279e-05
 34.8229  0.000115072332  7.32260251e-06  1.91316689e-05
 34.8538  9.35749336e-05  5.25955733e-06  1.5844048e-05
 34.8847  0.000102362077  4.0983552e-06  1.6106592e-05
 34.9156  0.000112400783  4.24321431e-06  1.69821379e-05
 34.9464  8.80413686e-05  3.56416557e-06  1.46970595e-05
 34.9773  9.66070969e-05  7.4546378e-06  1.42760648e-05
 35.0082  0.000109226518  7.57555289e-06  1.36136932e-05
 35.0391  0.000111426848  5.38061086e-06  1.19546149e-05
 35.07  0.000110839696  6.45008829e-06  1.06665925e-05
 35.1009  7.96092045e-05  3.97622358e-06  8.14249693e-06
 35.1318  7.16043866e-05  5.49471996e-06  8.967114e-06
 35.1627  6.37134926e-05  3.64924927e-06  7.5592373e-06
 35.1936  6.74580226e-05  3.19124892e-06  8.62093375e-06
 35.2245  6.76614334e-05  3.51419337e-06  8.95716019e-06
 35.2554  7.23975602e-05  5.02902263e-06  8.49427241e-06
 35.2863  8.07464579e-05  8.06736885e-06  7.43485284e-06
 35.3172  5.87004691e-05  6.14139833e-06  5.86978704e-06
 35.3481  4.53540459e-05  4.75156248e-06  7.36899455e-06
 35.379  4.45472225e-05  2.53166566e-06  6.00352751e-06
 35.4099  5.37640921e-05  2.73885291e-06  5.61644156e-06
 35.4408  5.59529682e-05  8.53696988e-06  1.16069847e-05
 35.4717  5.48748133e-05  7.84245657e-06  9.01120501e-06
 35.5026  4.34141675e-05  4.32633899e-06  6.22477444e-06
 35.5335  4.37045516e-05  2.4827561e-06  5.09054963e-06
 35.5644  4.76507025e-05  1.83857439e-06  4.25886385e-06
 35.5953  5.24914643e-05  2.36189017e-06  4.02496711e-06
 35.6262  5.50052372e-05  2.23305471e-06  3.48609974e-06
 35.6571  5.55200688e-05  5.62771316e-06  7.13236836e-06
 35.688  5.45807785e-05  7.25114432e-06  8.681603e-06
 35.7188  5.63670108e-05  2.04675111e-06  3.45485898e-06
 35.7497  5.6837572e-05  1.45928226e-06  3.15019204e-06
 35.7806  6.26623311e-05  1.63323338e-06  4.16596359e-06
 35.8115  6.03402516e-05  2.39956813e-06  4.83730939e-06
 35.8424  5.71588977e-05  2.0802063e-06  5.57671981e-06
 35.8733  6.24004964e-05  1.82507966e-06  5.05975799e-06
 35.9042  5.92966479e-05  1.74098848e-06  4.15014601e-06
 35.9351  5.47788626e-05  1.78102537e-06  4.55425752e-06
 35.966  5.58812217e-05  1.32203367e-06  4.42266295e-06
 35.9969  5.03429186e-05  7.36657755e-06  1.23496056e-05
 36.0278  5.05079481e-05  3.00159215e-06  7.6976402e-06
 36.0587  5.6116454e-05  1.63330209e-06  6.18880641e-06
 36.0896  5.49110375e-05  4.27578649e-06  7.11770558e-06
 36.1205  5.12168492e-05  1.0492797e-05  1.30691379e-05
 36.1514  5.25976159e-05  3.11072438e-06  7.03892498e-06
 36.1823  5.16677095e-05  1.86013842e-06  5.76225108e-06
 36.2132  5.2388724e-05  1.63252101e-06  5.11426512e-06
 36.2441  5.39568281e-05  4.12915045e-06  7.0112138e-06
 36.275  5.92245158e-05  5.24790173e-06  8.05857239e-06
 36.3059  6.01446913e-05  4.56808612e-06  7.84259394e-06
 36.3368  6.72448227e-05  5.56286477e-06  8.15773754e-06
 36.3677  6.52449429e-05  1.90827643e-06  4.474531e-06
 36.3986  6.78903934e-05  3.3974566e-06  5.77754171e-06
 36.4295  6.88806234e-05  2.57114205e-06  4.86070839e-06
 36.4604  6.58200432e-05  2.27179081e-06  4.76434212e-06
 36.4912  6.58372959e-05  1.81686171e-06  5.08307722e-06
 36.5221  6.63548209e-05  1.73193681e-06  4.64850787e-06
 36.553  6.12049796e-05  1.52705939e-06  4.23580347e-06
 36.5839  5.76150495e-05  2.03049807e-06  5.26871375e-06
 36.6148  5.45681979e-05  1.62538374e-06  4.68510261e-06
 36.6457  5.81592856e-05  1.25885543e-06  4.28058664e-06
 36.6766  5.4515145e-05  1.45495635e-06  5.31417816e-06
 36.7075  5.0227839e-05  2.3430931e-06  7.85916452e-06
 36.7384  4.45041113e-05  2.9248932e-06  8.41989552e-06
 36.7693  4.76780426e-05  2.37200169e-06  7.60378056e-06
 36.8002  5.19456365e-05  1.85587798e-06  6.87288342e-06
 36.8311  4.68492327e-05  1.58760233e-06  6.25078143e-06
 36.862  4.64764203e-05  1.51341821e-06  6.27382729e-06
 36.8929  4.65281194e-05  3.47391154e-06  8.8749635e-06
 36.9238  4.56855965e-05  9.01737977e-06  1.60183398e-05
 36.9547  3.96809553e-05  8.40304978e-06  1.56806375e-05
 36.9856  4.07464264e-05  8.51196502e-06  1.77315791e-05
 37.0165  4.04607391e-05  3.52696669e-06  9.12634775e-06
 37.0474  5.65889209e-05  6.86764237e-06  2.23665188e-05
 37.0783  5.22312905e-05  3.69776225e-06  1.53164287e-05
 37.1092  6.85908335e-05  6.54162132e-06  2.40321507e-05
 37.1401  6.73222439e-05  4.66926365e-06  1.6311767e-05
 37.171  5.93874254e-05  4.8191005e-06  2.02062766e-05
 37.2019  6.79107866e-05  5.92323748e-06  1.95800756e-05
 37.2328  5.66848577e-05  7.35952749e-06  2.36876063e-05
 37.2636  6.14605693e-05  4.22372152e-06  1.71249149e-05
 37.2945  5.51554447e-05  7.36081266e-06  2.0017537e-05
 37.3254  6.69554407e-05  1.91360672e-05  3.45959491e-05
 37.3563  8.74052047e-05  2.09811745e-05  3.86260682e-05
 37.3872  0.000117304559  5.73059912e-06  2.31906058e-05
 37.4181  0.000145662806  1.69222552e-05  5.71395063e-05
 37.449  0.000187173022  1.33913069e-05  4.68835531e-05
 37.4799  0.000186717736  2.08292353e-05  6.92677671e-05
 37.5108  0.000151803066  1.35559052e-05  4.97920293e-05
 37.5417  0.00014767361  8.6495141e-06  4.06288655e-05
 37.5726  0.00015154686  1.35260776e-05  4.78503598e-05
 37.6035  0.000128097917  1.85465567e-05  5.90456225e-05
 37.6344  0.000118061836  9.09806701e-06  5.23224404e-05
 37.6653  0.00011359073  6.94108902e-06  4.72246383e-05
 37.6962  0.000163343189  1.31941864e-05  6.31392777e-05
 37.7271  0.000156892621  1.47833819e-05  6.60527409e-05
 37.758  0.000136061952  9.24715416e-06  4.44419261e-05
 37.7889  0.000181025314  1.20871687e-05  4.92680163e-05
 37.8198  0.000138487942  9.53133731e-06  4.16860138e-05
 37.8507  0.000152639935  8.01706115e-06  4.14859341e-05
 37.8816  0.000186199743  1.1424605e-05  5.05433583e-05
 37.9125  0.000166497835  1.31936669e-05  5.46653733e-05
 37.9434  0.000195300389  1.63058128e-05  6.09187553e-05
 37.9743  0.000172104541  1.50041729e-05  5.47792094e-05
 38.0052  0.000141935398  9.52660119e-06  4.01916455e-05
 38.036  0.000166888866  1.00484523e-05  3.97584015e-05
 38.0669  0.00016788353  9.61106632e-06  4.30778696e-05
 38.0978  0.000165091135  7.39855005e-06  4.25909502e-05
 38.1287  0.000120983942  5.66463959e-06  3.72535598e-05
 38.1596  0.000152802197  7.21097493e-06  4.83854955e-05
 38.1905  0.000129690951  1.11628939e-05  5.10711331e-05
 38.2214  0.000192081083  1.49426571e-05  6.54032054e-05
 38.2523  0.000172008182  1.28349915e-05  5.61823378e-05
 38.2832  0.000213454154  1.06463568e-05  5.74009269e-05
 38.3141  0.00018040771  7.67896062e-06  4.90077011e-05
 38.345  0.000163065338  7.51734204e-06  4.77689367e-05
 38.3759  0.000146107639  9.78569216e-06  5.55060008e-05
 38.4068  0.000177741685  1.73055103e-05  6.60309107e-05
 38.4377  0.000148267787  2.36670032e-05  6.39472613e-05
 38.4686  0.000179618415  2.0565239e-05  6.11040991e-05
 38.4995  0.000182549439  1.71995943e-05  5.49147285e-05
 38.5304  0.000205009655  2.02387561e-05  5.44822879e-05
 38.5613  0.000232546409  1.72930841e-05  5.47832258e-05
 38.5922  0.000172866616  1.26285012e-05  4.67595216e-05
 38.6231  0.000236374814  3.31641691e-05  7.14951627e-05
 38.654  0.000184678843  2.53915316e-05  5.94944749e-05
 38.6849  0.000164349427  3.29226671e-05  6.43768614e-05
 38.7158  0.000191316328  3.35510913e-05  7.17855495e-05
 38.7467  0.000212630391  4.11284701e-05  7.11675124e-05
 38.7776  0.000260395234  6.1959195e-05  8.09220194e-05
 38.8084  0.000170234946  5.88837944e-05  7.46790379e-05
 38.8393  0.000168917785  4.84799508e-05  6.81563934e-05
 38.8702  0.00021632277  4.53072486e-05  6.31457579e-05
 38.9011  0.00018370459  2.86557755e-05  4.46069383e-05
 38.932  0.000157056386  3.27691106e-05  4.75535698e-05
 38.9629  0.000150327506  2.61210529e-05  3.82486881e-05
 38.9938  0.000163881663  6.06429166e-05  7.2538039e-05
 39.0247  0.000177037353  0.000116863936  0.00012778223
 39.0556  0.000221217955  9.70372638e-05  6.8254581e-05
 39.0865  0.000232385506  0.000221816228  0.000112560266
 39.1174  0.000272055893  9.60882588e-05  9.75458239e-05
 39.1483  0.000464761628  0.000129881436  0.000121089399
 39.1792  0.000271543374  2.73126735e-05  7.78325854e-05
 39.2101  0.000182024265  3.81015446e-05  7.41631703e-05
 39.241  0.000202054728  7.6886288e-05  0.000111515858
 39.2719  0.000154542092  2.1148229e-05  4.10001871e-05
 39.3028  0.000149656991  1.0773124e-05  3.37985023e-05
 39.3337  0.000159838797  6.87347268e-06  3.05505401e-05
 39.3646  0.000165222465  4.39758699e-06  2.19278498e-05
 39.3955  0.000162851368  2.63473215e-06  1.97516615e-05
 39.4264  0.000171974084  6.02290212e-06  2.12250907e-05
 39.4573  0.000204477162  1.0719001e-05  2.49887345e-05
 39.4882  0.000228709163  2.19335445e-05  3.71743111e-05
 39.5191  0.000247074185  1.72473062e-05  3.37868048e-05
 39.55  0.000281819581  1.6808375e-05  4.05816381e-05
 39.5808  0.000372891719  1.51373092e-05  3.18500411e-05
 39.6117  0.000518075694  3.87528022e-05  5.51490292e-05
 39.6426  0.000623754989  3.1996794e-05  3.95538996e-05
 39.6735  0.000668609715  5.78347585e-05  6.90911928e-05
 39.7044  0.000710355402  5.98147831e-05  6.01503411e-05
 39.7353  0.000771046314  6.15169651e-05  7.099632e-05
 39.7662  0.000763490211  5.04299459e-05  3.42036077e-05
 39.7971  0.000708800391  6.06171601e-05  3.54438791e-05
 39.828  0.000802899005  6.5792303e-05  4.3409789e-05
 39.8589  0.00090827407  6.69807317e-05  4.1067073e-05
 39.8898  0.00116694012  9.48107136e-05  5.53930462e-05
 39.9207  0.00154084767  0.000139357016  6.67215795e-05
 39.9516  0.0015935794  0.000148537119  5.76447291e-05
 39.9825  0.00160988567  0.000171948627  8.41874782e-05
 40.0134  0.00142748172  0.000161346869  4.38305761e-05
 40.0443  0.00118200977  0.000151935551  6.22680351e-05
 40.0752  0.000958284364  9.35810658e-05  5.11288583e-05
 40.1061  0.000843241877  0.0001052393  9.92388187e-05
 40.137  0.000897294046  7.54354709e-05  3.88493244e-05
 40.1679  0.000673935473  5.30297329e-05  2.9051657e-05
 40.1988  0.000616290999  5.70882765e-05  3.71369867e-05
 40.2297  0.00056252095  6.32641142e-05  5.37865348e-05
 40.2606  0.000530276363  4.18068828e-05  3.62720646e-05
 40.2915  0.000497893326  4.11013926e-05  3.49886993e-05
 40.3224  0.00051945766  5.37257733e-05  3.25896627e-05
 40.3532  0.000630978819  9.55633684e-05  3.09164626e-05
 40.3841  0.000655556858  9.25188142e-05  2.23929283e-05
 40.415  0.000692289319  7.53828936e-05  1.72077155e-05
 40.4459  0.000865369266  8.9338243e-05  2.29223788e-05
 40.4768  0.00136110404  0.000138008975  3.15073816e-05
 40.5077  0.00295020165  0.000268314363  4.9278659e-05
 40.5386  0.00720592771  0.000938045348  8.48564413e-05
 40.5695  0.0103852933  0.0016729477  0.000138633945
 40.6004  0.0113786823  0.00215836923  0.000153070747
 40.6313  0.0143075294  0.00254902204  0.000162997934
 40.6622  0.0155804774  0.00279482274  0.00016533133
 40.6931  0.0160254812  0.00286254031  0.000175755844
 40.724  0.0140535265  0.00264519209  0.000164538969
 40.7549  0.0103463467  0.00198634344  0.000132548424
 40.7858  0.0081368215  0.00135910015  9.70459259e-05
 40.8167  0.0071403558  0.00120824338  8.84562862e-05
 40.8476  0.00605358086  0.000845580798  6.94419636e-05
 40.8785  0.00546008529  0.0008497534  6.86260292e-05
 40.9094  0.00767803826  0.00107332207  8.72127361e-05
 40.9403  0.0134981965  0.00165762278  0.000132898701
 40.9712  0.0210891522  0.00296272999  0.000207515659
 41.0021  0.0244539637  0.00421085006  0.000256981078
 41.033  0.0279604844  0.00599947472  0.000284898915
 41.0639  0.0282072704  0.00657787009  0.000285847744
 41.0948  0.0242584133  0.00566171225  0.000254230341
 41.1256  0.0181549945  0.00435092447  0.000216263078
 41.1565  0.0103656181  0.00242046205  0.000145711888
 41.1874  0.00793704844  0.00190561321  0.000128838292
 41.2183  0.00601792185  0.00140816162  0.000115392636
 41.2492  0.00522328066  0.00113209095  0.000104552039
 41.2801  0.00685284019  0.00126511648  0.000109958565
 41.311  0.0100936425  0.0012153619  0.000107935519
 41.3419  0.0149580926  0.00271017676  0.000170156603
 41.3728  0.0181944096  0.00381989155  0.000222726721
 41.4037  0.0239110959  0.00576675042  0.000331724373
 41.4346  0.0261403502  0.00658677488  0.000398556781
 41.4655  0.0267855481  0.00737420576  0.000387702538
 41.4964  0.0317894497  0.0091302613  0.000421131725
 41.5273  0.0331381363  0.00995023043  0.000453972366
 41.5582  0.0279794567  0.0070636459  0.000364455554
 41.5891  0.0213151183  0.00525329621  0.000298978332
 41.62  0.0176445865  0.0049666017  0.000288379525
 41.6509  0.0214506964  0.00617924358  0.000333948087
 41.6818  0.0332100341  0.0102805509  0.000495020317
 41.7127  0.0399867267  0.0146165085  0.000602905805
 41.7436  0.0479261567  0.0157712311  0.000591515932
 41.7745  0.0427922017  0.0139376328  0.000538688504
 41.8054  0.0284089041  0.0107613778  0.000487464072
 41.8363  0.0232267817  0.00691288162  0.000396477755
 41.8672  0.031136352  0.0086629584  0.000504160798
 41.8981  0.0470539361  0.0179045833  0.000738582665
 41.9289  0.0706041339  0.0360068923  0.0010522368
 41.9598  0.0802842146  0.0412005647  0.00113946965
 41.9907  0.0630405424  0.0202821016  0.000740504803
 42.0216  0.0577189983  0.0181518563  0.000785156583
 42.0525  0.0427215443  0.0195535138  0.00100429342
 42.0834  0.0501569188  0.0292136422  0.00154692129
 42.1143  0.0457987312  0.0248574158  0.00146245481
 42.1452  0.0509865236  0.0228928071  0.00163182288
 42.1761  0.0464445084  0.0170377399  0.00204863139
 42.207  0.0418080848  0.0157617588  0.00226715916
 42.2379  0.0392644092  0.0173093065  0.00217857981
 42.2688  0.0327395698  0.021811957  0.00196933885
 42.2997  0.0267877158  0.0218229384  0.00135012735
 42.3306  0.01315756  0.0088683135  0.000492079008
 42.3615  0.00772975042  0.00211355135  0.000157994051
 42.3924  0.00509887122  0.00113836399  0.000112067011
 42.4233  0.00483412789  0.000849960706  8.34020244e-05
 42.4542  0.00460830043  0.000655619292  7.55515653e-05
 42.4851  0.00514703927  0.000611124414  7.14433329e-05
 42.516  0.00791062528  0.00092342894  0.000135647318
 42.5469  0.0127240925  0.0013043449  0.000150637299
 42.5778  0.0139800945  0.00148492807  0.000183046426
 42.6087  0.0136280554  0.00151136576  0.000130794804
 42.6396  0.013653901  0.00163784245  0.000200521555
 42.6705  0.0157894571  0.00179802666  0.000179507824
 42.7013  0.018997703  0.00189622723  0.000288020855
 42.7322  0.0175851049  0.00167107063  0.000173833413
 42.7631  0.0154258264  0.00144774863  0.000121854878
 42.794  0.0133767982  0.00137476387  0.000116733957
 42.8249  0.0111299145  0.0012899248  0.00011561271
 42.8558  0.00991060275  0.0012691103  0.000120764092
 42.8867  0.0125295858  0.00157904166  0.00015328804
 42.9176  0.0146502742  0.00226751409  0.000171254651
 42.9485  0.0129300018  0.00210091601  0.000166352819
 42.9794  0.0107830727  0.0017447129  0.000151199252
 43.0103  0.00952750642  0.00175606136  0.000146426982
 43.0412  0.00837649602  0.00188619939  0.000159740236
 43.0721  0.00701165692  0.00114619447  0.000125686536
 43.103  0.00651466001  0.000896819813  0.0001464632
 43.1339  0.00793339806  0.000951599445  0.000154102389
 43.1648  0.0111860389  0.00141806397  0.000157619975
 43.1957  0.0149246486  0.00226146321  0.000209671564
 43.2266  0.0183276888  0.00292196536  0.000273527386
 43.2575  0.0216597695  0.00343277912  0.000270953132
 43.2884  0.022989927  0.00408550155  0.000314711814
 43.3193  0.0251843654  0.00503720022  0.000358550503
 43.3502  0.0255011668  0.00542167335  0.000369916959
 43.3811  0.0233280854  0.00479845404  0.000312872247
 43.412  0.0221377215  0.00456716924  0.000302447288
 43.4429  0.0260401429  0.00533545579  0.00035022572
 43.4737  0.0297284223  0.00647118268  0.000387097777
 43.5046  0.0302782021  0.00698399044  0.000435149589
 43.5355  0.0313960032  0.00806804869  0.000535442318
 43.5664  0.0414502291  0.013041751  0.000735481701
 43.5973  0.05384477  0.0198490756  0.000949984539
 43.6282  0.0504329999  0.016909154  0.000859985135
 43.6591  0.0427340213  0.0137502396  0.000728559762
 43.69  0.0380272311  0.010085835  0.000626075331
 43.7209  0.0416716604  0.0101651858  0.000599025652
 43.7518  0.0501788591  0.0204662019  0.000815047614
 43.7827  0.0490582727  0.0224051337  0.00101052466
 43.8136  0.0429830659  0.0170863663  0.00147125426
 43.8445  0.0477687199  0.0206051044  0.00210766439
 43.8754  0.0688212314  0.0368638193  0.00216606155
 43.9063  0.0901321653  0.0543645857  0.00377170823
 43.9372  0.0803619978  0.045482968  0.00395815294
 43.9681  0.0768880146  0.0410789742  0.00490394552
 43.999  0.0703605801  0.0431478586  0.00494953168
 44.0299  0.0630258944  0.0457576268  0.00638710796
 44.0608  0.0490287673  0.031518317  0.00702467221
 44.0917  0.0375197848  0.0129395633  0.00533897407
 44.1226  0.028220669  0.0126233028  0.00381472536
 44.1535  0.0134297446  0.00865890515  0.00503044052
 44.1844  0.00981306638  0.00480746888  0.00257887745
 44.2153  0.00699499029  0.00609196084  0.00485912448
 44.2461  0.00739470493  0.00811191996  0.0074116815
 44.277  0.00755560897  0.0172498353  0.0152811935
 44.3079  0.00963235713  0.00930652053  0.009400532
 44.3388  0.0119395607  0.00568288438  0.00581512252
 44.3697  nan  nan  nan
 44.4006  nan  nan  nan
 44.4315  nan  nan  nan
 44.4624  0.00448384819  0.00223848837  0.00192818384
 44.4933  0.00542208157  0.00282298357  0.00253307632
 44.5242  0.00533722685  0.00276469278  0.00225519357
 44.5551  0.00459536408  0.00217935494  0.00152615653
 44.586  0.00645921476  0.00279290582  0.00162627666
 44.6169  0.00698297587  0.00285957169  0.00133582423
 44.6478  0.00753112883  0.00321918552  0.00157871048
 44.6787  0.00815423505  0.00305755521  0.00155163072
 44.7096  0.0115281787  0.00560854702  0.00224313687
 44.7405  0.0138060668  0.00541528817  0.00234177096
 44.7714  0.0129141413  0.00419277736  0.00220644727
 44.8023  0.0121873533  0.00411441135  0.0022134379
 44.8332  0.00992001166  0.0025498143  0.00137852295
 44.8641  0.0077640355  0.00160178936  0.000765099364
 44.895  0.00567012373  0.00119466442  0.00066924979
 44.9259  0.0041482444  0.000894542834  0.000551223113
 44.9568  0.00328000797  0.000666966438  0.000486251932
 44.9877  0.00390571582  0.000672978951  0.000582249843
 45.0185  0.0043516218  0.000922548266  0.000791807488
 45.0494  0.00411811824  0.000964925208  0.000807944859
 45.0803  0.0048446351  0.0010983104  0.000870490428
 45.1112  0.00518814772  0.000842030679  0.00061008695
 45.1421  0.0046725623  0.0012245061  0.000297673151
 45.173  0.00413755673  0.00101260195  0.000231499041
 45.2039  0.00428060534  0.000733429926  0.000411203605
 45.2348  0.00505476373  0.000817952885  0.000875210908
 45.2657  0.00582165288  0.00224015834  0.00178721324
 45.2966  0.00878822548  0.00800441874  0.00349591257
 45.3275  nan  nan  nan
