# X (m) TKE_avg epsilon_turb_pw_avg_Y_avg epsilon_pw_avg_Y_avg
 33.0309  5.95207939e-05  2.64130395e-06  2.95049294e-06
 33.0618  4.82373444e-05  1.72043832e-06  2.34367473e-06
 33.0927  5.49734237e-05  1.77075772e-06  1.75430229e-06
 33.1236  5.29244919e-05  1.71768994e-06  1.85677206e-06
 33.1545  4.08175657e-05  1.3669872e-06  3.46727199e-06
 33.1854  4.7494135e-05  3.60192245e-06  1.04793036e-05
 33.2163  4.31671382e-05  2.36140799e-06  5.88542383e-06
 33.2472  3.83251438e-05  1.51554983e-06  4.26572705e-06
 33.2781  3.85931525e-05  7.07755539e-07  3.61490349e-06
 33.309  4.30646331e-05  9.18844847e-07  3.98095571e-06
 33.3399  5.19493422e-05  1.3035576e-06  4.15656287e-06
 33.3707  4.0356186e-05  1.20541952e-06  4.4283443e-06
 33.4016  3.85452958e-05  1.11458863e-06  4.6939765e-06
 33.4325  3.37306358e-05  1.42493264e-06  5.400493e-06
 33.4634  2.92568542e-05  9.49582394e-07  3.7752873e-06
 33.4943  3.055536e-05  1.15703462e-06  3.64613487e-06
 33.5252  2.93593862e-05  1.96041932e-06  5.03909063e-06
 33.5561  3.43886498e-05  1.98573238e-06  6.71267179e-06
 33.587  4.0116487e-05  2.01521701e-06  6.00797935e-06
 33.6179  4.35795051e-05  2.36419478e-06  7.27043244e-06
 33.6488  4.71852557e-05  1.80932281e-06  8.22323254e-06
 33.6797  4.56392803e-05  1.21625687e-06  6.62262946e-06
 33.7106  4.72597594e-05  3.4093402e-06  1.02920455e-05
 33.7415  4.74693632e-05  2.1143885e-06  8.14575017e-06
 33.7724  4.62249566e-05  1.66674463e-06  6.47081916e-06
 33.8033  5.19021805e-05  3.63968738e-06  1.00986893e-05
 33.8342  5.6968082e-05  3.5714743e-06  1.08598993e-05
 33.8651  5.85573197e-05  3.95561349e-06  1.14102736e-05
 33.896  5.8495713e-05  5.02248451e-06  1.22308786e-05
 33.9269  6.71888207e-05  6.20031965e-06  1.59353919e-05
 33.9578  6.68224142e-05  4.95617557e-06  1.4674017e-05
 33.9887  6.83202749e-05  3.39125871e-06  1.15478354e-05
 34.0196  8.17374853e-05  4.28763516e-06  1.46993278e-05
 34.0504  6.96606485e-05  3.78762872e-06  1.24600006e-05
 34.0813  8.38019325e-05  4.64035644e-06  1.82280866e-05
 34.1122  9.67479423e-05  3.94238049e-06  1.84507674e-05
 34.1431  0.000110930902  3.85954511e-06  1.7489417e-05
 34.174  0.000122465471  4.78648419e-06  2.08274709e-05
 34.2049  0.000110165573  4.56902494e-06  1.91627403e-05
 34.2358  0.000107046215  7.42726487e-06  2.59751867e-05
 34.2667  0.000119047679  5.24583157e-06  2.7206167e-05
 34.2976  0.000117162656  7.49639634e-06  3.41115035e-05
 34.3285  0.000111166755  7.92929372e-06  3.57666829e-05
 34.3594  0.000129855664  8.7677162e-06  3.4964592e-05
 34.3903  0.000175491088  6.9178014e-06  2.91465154e-05
 34.4212  0.000174420887  7.61576046e-06  2.41418752e-05
 34.4521  0.000179516501  8.50410321e-06  2.64552576e-05
 34.483  0.000168099104  8.618878e-06  3.05728641e-05
 34.5139  0.000141928114  8.31054984e-06  3.08329374e-05
 34.5448  0.000137532636  6.98456035e-06  2.6505183e-05
 34.5757  0.000135436702  7.118623e-06  2.83208611e-05
 34.6066  0.000118377368  5.64915501e-06  2.58529717e-05
 34.6375  0.000128155349  6.12755926e-06  2.75416814e-05
 34.6684  0.000117112418  5.10366868e-06  2.44546937e-05
 34.6993  0.000110048247  4.56214278e-06  2.30640855e-05
 34.7301  0.000133271009  5.19923348e-06  2.57522125e-05
 34.761  0.000117649936  5.39469701e-06  2.2110081e-05
 34.7919  0.000108707822  7.25456629e-06  2.18203226e-05
 34.8228  0.000104666887  7.5198528e-06  2.03866995e-05
 34.8537  0.000139068655  8.51232371e-06  2.04988287e-05
 34.8846  0.00013531739  7.82856294e-06  1.44525346e-05
 34.9155  0.000113392592  6.43742037e-06  1.24303013e-05
 34.9464  0.000107280746  7.13306469e-06  1.25828464e-05
 34.9773  0.000108118814  8.23914979e-06  1.29769019e-05
 35.0082  0.000110611443  7.74858002e-06  1.31399071e-05
 35.0391  0.000108259552  5.85083019e-06  1.23405557e-05
 35.07  0.000104655081  5.58876597e-06  1.2821857e-05
 35.1009  0.000115786728  9.11110946e-06  1.3173551e-05
 35.1318  0.000128102388  1.15900727e-05  1.39063473e-05
 35.1627  0.000122467302  1.06888504e-05  1.08344611e-05
 35.1936  0.000118604012  6.98954781e-06  7.33240612e-06
 35.2245  0.000118247668  5.49814424e-06  7.03023433e-06
 35.2554  0.000116524971  9.20266009e-06  1.03372255e-05
 35.2863  0.000118801024  7.30342612e-06  7.9651481e-06
 35.3172  0.000127030844  8.5837368e-06  9.11444585e-06
 35.3481  0.000120501513  1.10085659e-05  1.05337542e-05
 35.379  0.000112056023  8.8499556e-06  7.26533364e-06
 35.4098  0.000103105508  5.46376646e-06  5.80951109e-06
 35.4407  9.16054998e-05  9.83328633e-06  1.26213685e-05
 35.4716  9.30489919e-05  8.11145679e-06  1.04270845e-05
 35.5025  0.000102760521  7.19888299e-06  7.96393674e-06
 35.5334  0.000102918476  7.14905019e-06  6.91813047e-06
 35.5643  0.000127050123  9.86127087e-06  7.55885619e-06
 35.5952  0.000138056683  9.34152946e-06  7.39062743e-06
 35.6261  0.000113162789  5.81171195e-06  4.8913045e-06
 35.657  8.92154449e-05  9.81333593e-06  9.36916722e-06
 35.6879  9.00246161e-05  1.2097819e-05  1.23134302e-05
 35.7188  0.000114767389  8.38234713e-06  7.10868095e-06
 35.7497  0.000143776054  1.20766942e-05  6.5006889e-06
 35.7806  0.000134093242  2.2649957e-05  9.47799494e-06
 35.8115  0.000150852199  1.40559192e-05  1.33456533e-05
 35.8424  0.000166448744  1.51732689e-05  1.15280743e-05
 35.8733  0.000137034065  1.49677302e-05  7.83809866e-06
 35.9042  0.000113111517  1.27441093e-05  7.53377171e-06
 35.9351  0.000127376362  6.61366994e-06  1.18593693e-05
 35.966  0.00013264245  9.88167489e-06  1.19559097e-05
 35.9969  0.000106872207  1.29702713e-05  1.46764547e-05
 36.0278  9.30743225e-05  4.36573387e-06  6.9826471e-06
 36.0587  9.33147717e-05  3.53612299e-06  8.700784e-06
 36.0896  9.66487321e-05  5.61070836e-06  8.91007317e-06
 36.1204  9.64196949e-05  1.16065159e-05  1.39827667e-05
 36.1513  8.88838388e-05  3.28468651e-06  7.25719998e-06
 36.1822  7.85257675e-05  2.15250504e-06  6.27529864e-06
 36.2131  7.05071466e-05  2.16786911e-06  6.74725749e-06
 36.244  6.73091093e-05  2.88018407e-06  7.61879184e-06
 36.2749  6.5173738e-05  2.18923744e-06  6.05579109e-06
 36.3058  7.01837964e-05  3.34895004e-06  7.45824588e-06
 36.3367  7.33794978e-05  2.88983209e-06  5.59927307e-06
 36.3676  7.13933421e-05  1.84365353e-06  5.49045773e-06
 36.3985  7.72452489e-05  2.45199561e-06  5.72018888e-06
 36.4294  8.39347694e-05  1.94131084e-06  5.50450551e-06
 36.4603  8.84409662e-05  2.13051015e-06  7.25910423e-06
 36.4912  8.83026759e-05  2.36060653e-06  8.18678645e-06
 36.5221  8.25484625e-05  2.32269276e-06  6.79286027e-06
 36.553  7.84378086e-05  2.53088405e-06  7.40021866e-06
 36.5839  7.12561701e-05  3.72753796e-06  9.07854772e-06
 36.6148  6.62698401e-05  3.81340591e-06  8.16505561e-06
 36.6457  6.64090569e-05  2.6958506e-06  8.75295363e-06
 36.6766  6.75112113e-05  2.51955318e-06  9.41677037e-06
 36.7075  6.35879971e-05  3.05405572e-06  9.17789364e-06
 36.7384  5.65298782e-05  2.82673804e-06  7.74029619e-06
 36.7693  6.00017983e-05  2.10764943e-06  6.63353935e-06
 36.8001  6.17389195e-05  1.76453423e-06  6.12189337e-06
 36.831  6.5845737e-05  1.87469159e-06  7.02328633e-06
 36.8619  5.95277565e-05  1.77120631e-06  7.54937353e-06
 36.8928  6.67043557e-05  3.43739214e-06  1.07170048e-05
 36.9237  6.97924676e-05  8.78507748e-06  1.86351876e-05
 36.9546  7.89461145e-05  1.61076119e-05  3.01787468e-05
 36.9855  6.57272772e-05  8.80350525e-06  2.13009741e-05
 37.0164  8.13060116e-05  2.7495852e-06  1.62876256e-05
 37.0473  0.000104045169  7.14698538e-06  3.13419417e-05
 37.0782  9.07606531e-05  4.19409963e-06  2.36308489e-05
 37.1091  0.000102689328  6.66601096e-06  3.28882231e-05
 37.14  0.000110867271  5.84473891e-06  2.98741952e-05
 37.1709  8.71729875e-05  5.97275601e-06  2.93927019e-05
 37.2018  9.14962798e-05  6.15069821e-06  2.93317627e-05
 37.2327  0.000106000819  1.14139879e-05  4.17564555e-05
 37.2636  0.000101617458  6.17223467e-06  2.95828504e-05
 37.2945  0.000104944246  7.62029738e-06  2.99808889e-05
 37.3254  9.94912203e-05  1.19194024e-05  3.15864396e-05
 37.3563  0.000124048807  1.59572889e-05  3.45768951e-05
 37.3872  0.000111095486  6.65458559e-06  2.15692845e-05
 37.4181  0.000138978512  8.89775029e-06  2.67251725e-05
 37.449  0.000133567339  9.92692479e-06  2.16170276e-05
 37.4798  0.0001218019  9.57297741e-06  1.5365547e-05
 37.5107  0.000118267499  8.49497541e-06  1.47039712e-05
 37.5416  0.000114152424  7.56246577e-06  1.04160268e-05
 37.5725  0.000108775612  6.91967678e-06  1.00555474e-05
 37.6034  9.02362406e-05  4.90601896e-06  8.20116511e-06
 37.6343  9.86296138e-05  5.73834727e-06  9.53396752e-06
 37.6652  0.000111894044  7.42889247e-06  9.95227349e-06
 37.6961  8.29989456e-05  3.96539508e-06  6.43200242e-06
 37.727  9.42643856e-05  5.27874699e-06  6.85783726e-06
 37.7579  0.000107716446  5.30521484e-06  7.16846363e-06
 37.7888  8.71310411e-05  3.87298707e-06  5.53250446e-06
 37.8197  0.00011420768  6.29858715e-06  8.9214838e-06
 37.8506  8.66907503e-05  4.92268575e-06  7.80973023e-06
 37.8815  0.000103280909  8.49735491e-06  1.06002719e-05
 37.9124  8.53709958e-05  9.50809522e-06  9.55676007e-06
 37.9433  0.000106530808  9.87019099e-06  1.01985475e-05
 37.9742  0.000117276399  9.09319031e-06  1.12506435e-05
 38.0051  0.000106597029  1.24254043e-05  1.51889685e-05
 38.036  0.000115741602  1.19617016e-05  1.38299301e-05
 38.0669  0.000112026188  9.86863066e-06  1.13917416e-05
 38.0978  0.000117009468  1.3861323e-05  1.71375098e-05
 38.1287  9.93297826e-05  8.8654871e-06  1.37756337e-05
 38.1595  9.28032305e-05  7.43418542e-06  1.43382399e-05
 38.1904  9.54839742e-05  1.80721559e-05  2.8242658e-05
 38.2213  8.7003823e-05  1.02177374e-05  1.81322151e-05
 38.2522  9.77832017e-05  1.11252746e-05  1.96034078e-05
 38.2831  9.6670813e-05  6.65608869e-06  9.61811226e-06
 38.314  9.56022064e-05  5.53346616e-06  7.5203374e-06
 38.3449  0.000101119896  5.69465877e-06  7.77868418e-06
 38.3758  0.000101399377  6.30641001e-06  8.55349073e-06
 38.4067  0.000105399327  1.29442134e-05  1.41622082e-05
 38.4376  0.000108279661  2.22634376e-05  3.38042171e-05
 38.4685  9.57514496e-05  1.58540261e-05  2.3788841e-05
 38.4994  9.633436e-05  1.11113482e-05  1.76505379e-05
 38.5303  0.000108474556  9.12032175e-06  1.6061595e-05
 38.5612  0.000123527341  1.06259744e-05  1.26724818e-05
 38.5921  0.000125992993  9.23464808e-06  1.20989893e-05
 38.623  0.000124901469  2.99594369e-05  3.47630668e-05
 38.6539  0.000127443091  2.07707098e-05  2.53066196e-05
 38.6848  0.000135759923  3.23146185e-05  3.47137302e-05
 38.7157  0.000129174417  2.79873315e-05  3.50791005e-05
 38.7466  0.000149156584  1.12413782e-05  2.39963261e-05
 38.7775  0.000187043041  2.72921406e-05  4.13194871e-05
 38.8084  0.000159537807  3.61628704e-05  5.20978828e-05
 38.8392  0.000199241002  4.53280345e-05  6.79273533e-05
 38.8701  0.000214051006  5.20261548e-05  7.37798399e-05
 38.901  0.000224547474  8.48578286e-05  6.76244479e-05
 38.9319  0.000215449521  5.91024201e-05  6.50619306e-05
 38.9628  0.000204629988  2.13927316e-05  2.47607298e-05
 38.9937  0.000208111428  2.47513034e-05  2.98739543e-05
 39.0246  0.000206637244  1.76184528e-05  2.47842226e-05
 39.0555  0.000208852695  1.88058387e-05  2.53390919e-05
 39.0864  0.000208544015  1.67870822e-05  2.11493043e-05
 39.1173  0.000194527901  7.6078068e-06  1.46953774e-05
 39.1482  0.000202293352  8.53094718e-06  1.81493301e-05
 39.1791  0.000209253945  8.49722374e-06  2.82419408e-05
 39.21  0.000253556042  1.11039921e-05  3.57341785e-05
 39.2409  0.000243926588  4.51063823e-06  1.82009224e-05
 39.2718  0.000242734982  7.08090056e-06  2.25010183e-05
 39.3027  0.000262142278  1.29359055e-05  2.71046629e-05
 39.3336  0.000279876314  1.00833776e-05  2.16087235e-05
 39.3645  0.000258050376  4.05565907e-06  1.54895744e-05
 39.3954  0.000292659105  4.47159869e-06  1.59090029e-05
 39.4263  0.00029034845  6.40161094e-06  2.03297753e-05
 39.4572  0.000248549675  4.67314962e-06  1.58610336e-05
 39.4881  0.000287108751  1.16982232e-05  2.50138949e-05
 39.519  0.000311527143  2.10514952e-05  4.12751786e-05
 39.5498  0.000331739067  1.52229542e-05  3.48009466e-05
 39.5807  0.000443252837  1.82354512e-05  5.00696888e-05
 39.6116  0.000461444949  1.88621138e-05  4.41139995e-05
 39.6425  0.000518993642  2.45396908e-05  5.37151186e-05
 39.6734  0.000574252138  2.63371196e-05  4.68149885e-05
 39.7043  0.000560215433  3.49110882e-05  5.30918261e-05
 39.7352  0.000611803056  3.18620899e-05  3.82460418e-05
 39.7661  0.000618245783  2.40664791e-05  3.01035217e-05
 39.797  0.000591123041  3.37747116e-05  3.23190244e-05
 39.8279  0.000536203758  3.61662643e-05  3.25357187e-05
 39.8588  0.000585175739  3.72446899e-05  3.02836619e-05
 39.8897  0.000645187947  3.31155975e-05  2.93962957e-05
 39.9206  0.000804577125  3.41596104e-05  3.36645782e-05
 39.9515  0.00082477659  3.39206753e-05  2.8206851e-05
 39.9824  0.000826059205  5.37735296e-05  3.93672338e-05
 40.0133  0.000823331495  5.11620789e-05  2.73334595e-05
 40.0442  0.000807250146  5.66216962e-05  3.26975616e-05
 40.0751  0.000763608938  5.82610989e-05  2.92192455e-05
 40.106  0.000717438392  5.57173713e-05  4.68659601e-05
 40.1369  0.000714786079  5.78649677e-05  2.50553265e-05
 40.1678  0.000662424905  5.86236621e-05  2.14896296e-05
 40.1987  0.000585673633  5.46379378e-05  2.19979528e-05
 40.2295  0.000534269439  4.66156459e-05  1.60902624e-05
 40.2604  0.000530187173  4.92890351e-05  2.20120228e-05
 40.2913  0.00048542862  3.77891051e-05  1.91470787e-05
 40.3222  0.00060574779  4.8396964e-05  1.83794984e-05
 40.3531  0.000825582741  7.23357155e-05  1.60852892e-05
 40.384  0.00101439477  6.84403952e-05  1.85287841e-05
 40.4149  0.00179707409  0.00013266858  3.22375577e-05
 40.4458  0.0034146788  0.000297226959  5.13573426e-05
 40.4767  0.00518948759  0.000436157654  7.27225294e-05
 40.5076  0.00659797313  0.000691150941  9.34036321e-05
 40.5385  0.00881769092  0.00111576087  0.000119078255
 40.5694  0.0113161685  0.00172503443  0.00014078794
 40.6003  0.0131573667  0.00248445278  0.000158685546
 40.6312  0.0130788722  0.00297278845  0.000179523271
 40.6621  0.0151082927  0.0035489272  0.000205451041
 40.693  0.0141214263  0.00297221371  0.0001818158
 40.7239  0.0124497225  0.00232672635  0.000151266917
 40.7548  0.0106819832  0.0018192225  0.000135643106
 40.7857  0.00892860098  0.00125993246  0.0001072439
 40.8166  0.00735992996  0.000813974534  9.05772409e-05
 40.8475  0.00764539293  0.000691862782  8.41086624e-05
 40.8784  0.00744826307  0.00075450087  9.60671432e-05
 40.9092  0.00717051158  0.00076338783  0.000102171955
 40.9401  0.00820414834  0.000917149471  0.000118781014
 40.971  0.011044582  0.00139067739  0.000148883323
 41.0019  0.0138836174  0.00148871035  0.000164467774
 41.0328  0.0139572721  0.00155275693  0.000146327828
 41.0637  0.0125482848  0.00165534148  0.000142724676
 41.0946  0.0118076979  0.00199485599  0.000144658013
 41.1255  0.0134306059  0.00255011799  0.000159334019
 41.1564  0.0157808593  0.00237540495  0.000178404163
 41.1873  0.0158573886  0.00277816719  0.000207004294
 41.2182  0.0156879519  0.00264016497  0.000206997101
 41.2491  0.0178140459  0.00332546106  0.000240376902
 41.28  0.0233017074  0.00519916851  0.000337424151
 41.3109  0.0342372552  0.00851782261  0.000473835121
 41.3418  0.055574627  0.0153604774  0.000678215085
 41.3727  0.0747831663  0.0258044  0.000926824158
 41.4036  0.0787021704  0.0282010299  0.000972797274
 41.4345  0.0765979753  0.028007436  0.000988196378
 41.4654  0.0730208205  0.0270907894  0.000972408712
 41.4963  0.0675730315  0.0238886885  0.000876338588
 41.5272  0.0672451636  0.0190882092  0.000759249087
 41.5581  0.0672217918  0.0173877833  0.000614478363
 41.5889  0.0641365031  0.0148629862  0.000528898637
 41.6198  0.0604964736  0.0134956935  0.000553779935
 41.6507  0.0629352362  0.0176104631  0.00070029149
 41.6816  0.0777779768  0.0247136652  0.000905155448
 41.7125  0.0748846951  0.0324649713  0.00103240606
 41.7434  0.0598616568  0.0222986265  0.000836514316
 41.7743  0.0462130767  0.0128579382  0.000640997133
 41.8052  0.042450347  0.0140812436  0.000644228661
 41.8361  0.0455346045  0.0251211589  0.00100464062
 41.867  0.0487582629  0.0241134032  0.00096287097
 41.8979  0.0349595886  0.0143136245  0.00071902059
 41.9288  0.031329122  0.0115083771  0.000753237965
 41.9597  0.025719556  0.00967004141  0.000819211871
 41.9906  0.0245488149  0.0097407248  0.00102180565
 42.0215  0.0232695415  0.00673587634  0.000989988903
 42.0524  0.0253850797  0.00859887105  0.00100508089
 42.0833  0.0273746859  0.0104915321  0.00117231276
 42.1142  0.0240923788  0.0116963886  0.00107640743
 42.1451  0.025642764  0.0142507536  0.00139494657
 42.176  0.0246552468  0.00724274936  0.00158926815
 42.2069  0.0199988406  0.00765056143  0.00162980006
 42.2378  0.0193307086  0.0144654338  0.00154681291
 42.2687  0.0172343822  0.0112342255  0.00108383752
 42.2995  0.0179043547  0.0109146717  0.000854267613
 42.3304  0.0115475862  0.00945854075  0.000486872935
 42.3613  0.00592364649  0.00387697246  0.000194565868
 42.3922  0.00587713541  0.00100998932  0.000113291419
 42.4231  0.00696631699  0.000650023664  0.000110873807
 42.454  0.00829832135  0.0010121255  0.000142249272
 42.4849  0.0104901758  0.00143076376  0.000116468229
 42.5158  0.013907417  0.00174975905  0.000203876591
 42.5467  0.015940942  0.00190279536  0.000237921442
 42.5776  0.0156615939  0.00215690495  0.000238632252
 42.6085  0.0156363653  0.00201900661  0.000167320424
 42.6394  0.0156633213  0.00191659377  0.000192681877
 42.6703  0.0158614527  0.00196206804  0.000175944371
 42.7012  0.0150598973  0.0020118801  0.000224937946
 42.7321  0.014948243  0.00219441456  0.000278532453
 42.763  0.0158304677  0.00215877171  0.000185252139
 42.7939  0.0154923284  0.00237225927  0.000208735747
 42.8248  0.0144529448  0.00244765826  0.000212741317
 42.8557  0.0130861376  0.0020057354  0.000179330472
 42.8866  0.0116960695  0.0014215668  0.000162286112
 42.9175  0.0136768744  0.00180786723  0.000166309898
 42.9484  0.0139542101  0.0018415225  0.000186227534
 42.9792  0.0136347328  0.00183537884  0.000190335128
 43.0101  0.0142913848  0.00220829139  0.000199994076
 43.041  0.0152445141  0.00265222212  0.0002246232
 43.0719  0.0165399383  0.00264843536  0.00020673795
 43.1028  0.017868228  0.00254722719  0.000207695094
 43.1337  0.0173277772  0.00293886855  0.000228983995
 43.1646  0.0157971502  0.00318510217  0.000223474583
 43.1955  0.0136068259  0.00273263316  0.000213220176
 43.2264  0.0128107211  0.00219655229  0.00021340013
 43.2573  0.0154122993  0.00211980586  0.000219723168
 43.2882  0.0201042458  0.00371280723  0.000271893412
 43.3191  0.0268526071  0.0048542396  0.000337899226
 43.35  0.0324333524  0.00529473647  0.000377419022
 43.3809  0.0331873406  0.00630764962  0.00042051589
 43.4118  0.0323511665  0.00883055393  0.000472324137
 43.4427  0.0286043537  0.00721307551  0.000411009984
 43.4736  0.0251031528  0.006182901  0.000365620053
 43.5045  0.0222247818  0.00576277248  0.000350087003
 43.5354  0.0223627412  0.00616446264  0.000380341867
 43.5663  0.030595815  0.00869331481  0.000516361107
 43.5972  0.044532201  0.0133656109  0.000717835787
 43.6281  0.0483834036  0.020734703  0.000903214002
 43.6589  0.0487149162  0.0217239699  0.000884456461
 43.6898  0.0483438521  0.0229887699  0.000890939898
 43.7207  0.044607014  0.023863052  0.0010525753
 43.7516  0.0360256352  0.0154224459  0.00101992308
 43.7825  0.039811923  0.014172875  0.00145562264
 43.8134  0.0559344161  0.0243291731  0.00268405256
 43.8443  0.0692313594  0.033684649  0.00390667038
 43.8752  0.0729520655  0.0415112974  0.00497767599
 43.9061  0.064202455  0.0535482643  0.00576247754
 43.937  0.028529522  0.0184431978  0.00450763536
 43.9679  0.0264559044  0.0137183486  0.00398941854
 43.9988  0.0186496813  0.0121895928  0.00219430524
 44.0297  0.0166915617  0.0154374101  0.0033710688
 44.0606  0.012886099  0.00782408188  0.0028631944
 44.0915  0.0114563657  0.0065646251  0.00292616225
 44.1224  0.00963369457  0.00397283544  0.000846814579
 44.1533  0.0114431335  0.0101627577  0.00675748339
 44.1842  0.0118248032  0.00947311081  0.00714465799
 44.2151  0.014683982  0.0207806617  0.0169464307
 44.246  0.0184564066  0.035702021  0.0245119669
 44.2769  0.0174385427  0.0391421021  0.0314521989
 44.3078  0.0193881315  0.0215270846  0.0178737337
 44.3386  0.0131906152  0.00659471999  0.00533966302
 44.3695  nan  nan  nan
 44.4004  0.00518600527  0.00589888297  0.00590572773
 44.4313  0.00244021042  0.0034091011  0.00340284514
 44.4622  0.00389804904  0.00133551244  0.0013191602
 44.4931  0.0028943517  0.00177627861  0.000989387822
 44.524  0.00352420872  0.00163842242  0.00110515001
 44.5549  0.00388257315  0.00134842896  0.00096706519
 44.5858  0.00381614864  0.0013695213  0.0010036839
 44.6167  0.00403819083  0.0018526403  0.00133268509
 44.6476  0.00488376535  0.0030788992  0.00209422745
 44.6785  0.00656224478  0.00580632788  0.00365332036
 44.7094  0.00733474654  0.00860411992  0.00487521028
 44.7403  0.0060111738  0.00813108768  0.00475137337
 44.7712  0.0041777459  0.00480924302  0.00387437647
 44.8021  0.00223182356  0.00343980521  0.00301379524
 44.833  0.00366124408  0.00294201008  0.00189478545
 44.8639  0.00369975615  0.00251499483  0.00166807368
 44.8948  0.00304031783  0.00107738444  0.00136445706
 44.9257  0.00412101841  0.000778521987  0.00181004065
 44.9566  0.00434050815  0.000735056819  0.00212990743
 44.9875  0.00515000738  0.000684355598  0.00254665164
 45.0183  0.00427594692  0.000629359765  0.00245341038
 45.0492  0.00337484789  0.000552238887  0.0020105642
 45.0801  0.00271741274  0.000424742866  0.00144225077
 45.111  0.00353686538  0.000446443648  0.00115819623
 45.1419  0.00388452176  0.00100822207  0.000531006179
 45.1728  0.00203373758  0.000496875448  0.00016856204
 45.2037  0.00296698186  0.000641735159  0.000348997359
 45.2346  0.00324431884  0.000699782256  0.000667009999
 45.2655  0.00214724348  0.000529586756  0.000674166692
 45.2964  0.00386620377  0.00101766009  0.00072485696
 45.3273  nan  nan  nan
