# X (m) TKE_avg epsilon_turb_pw_avg_Y_avg epsilon_pw_avg_Y_avg
 33.0309  4.87797677e-05  2.10839947e-06  1.00431079e-05
 33.0618  3.85991317e-05  2.08113387e-06  9.62347625e-06
 33.0927  4.33478121e-05  2.11603412e-06  1.0605241e-05
 33.1237  4.16479753e-05  2.06914869e-06  1.17884744e-05
 33.1546  3.15349343e-05  3.69892043e-06  1.54788428e-05
 33.1855  6.87297881e-05  9.64510354e-06  3.47171745e-05
 33.2164  7.03095896e-05  1.78341054e-05  5.14620942e-05
 33.2473  8.00554761e-05  1.63258504e-05  6.36885238e-05
 33.2782  9.44054508e-05  7.73156394e-06  6.4771873e-05
 33.3091  0.000122548389  7.76716567e-06  7.35933437e-05
 33.34  0.000143628731  9.09336614e-06  7.97838712e-05
 33.371  0.000114133144  8.60785336e-06  4.81092231e-05
 33.4019  0.000107601137  7.6701915e-06  5.35766794e-05
 33.4328  0.00011435932  5.60047489e-06  5.86418866e-05
 33.4637  0.000103128261  4.67571158e-06  5.44074534e-05
 33.4946  9.79489265e-05  5.09466858e-06  5.2332571e-05
 33.5255  0.000136461161  6.58188338e-06  6.31730059e-05
 33.5564  0.000119019725  6.52906464e-06  6.52605906e-05
 33.5873  0.000139235192  5.69123586e-06  6.26366009e-05
 33.6183  0.000142228346  5.27524928e-06  5.46947005e-05
 33.6492  9.41582425e-05  3.81802623e-06  3.70626586e-05
 33.6801  0.000104639341  3.80215661e-06  3.29658588e-05
 33.711  9.66911994e-05  5.28452519e-06  2.96281751e-05
 33.7419  8.06322381e-05  4.26472592e-06  2.01025593e-05
 33.7728  9.17832241e-05  4.72140341e-06  1.65692103e-05
 33.8037  9.01042629e-05  4.5006583e-06  1.40144345e-05
 33.8347  8.02541798e-05  4.40920214e-06  1.29330257e-05
 33.8656  8.41382133e-05  5.38530612e-06  1.36949863e-05
 33.8965  8.59011402e-05  5.34770642e-06  1.26160887e-05
 33.9274  7.90437551e-05  5.02711842e-06  1.08470355e-05
 33.9583  7.2539638e-05  5.07439783e-06  1.06995554e-05
 33.9892  7.07579353e-05  4.76880846e-06  1.05059121e-05
 34.0201  8.41770885e-05  4.48931934e-06  1.04235777e-05
 34.051  8.16633124e-05  5.4143745e-06  9.1811622e-06
 34.082  7.50910719e-05  4.78583454e-06  7.33369481e-06
 34.1129  7.2462282e-05  4.33770388e-06  5.90611309e-06
 34.1438  6.3062316e-05  3.55821145e-06  5.72092433e-06
 34.1747  6.14927321e-05  3.17486922e-06  5.14411612e-06
 34.2056  5.57397934e-05  3.78954124e-06  4.54440291e-06
 34.2365  4.23721393e-05  4.32929507e-06  4.04078648e-06
 34.2674  3.52845249e-05  3.01616313e-06  3.7304291e-06
 34.2984  4.4442853e-05  3.44835441e-06  4.72810809e-06
 34.3293  4.47848466e-05  3.1194762e-06  4.8813614e-06
 34.3602  4.29882553e-05  2.54594457e-06  4.18860854e-06
 34.3911  4.07170857e-05  9.71574324e-07  2.72782359e-06
 34.422  3.87493856e-05  7.27771778e-07  2.62762247e-06
 34.4529  3.52892319e-05  8.23506811e-07  2.97921227e-06
 34.4838  3.39504271e-05  3.47117083e-06  6.7603829e-06
 34.5147  4.13810635e-05  3.2724766e-06  6.07965808e-06
 34.5457  4.92131235e-05  5.15223934e-06  6.73343251e-06
 34.5766  4.63692242e-05  5.36837978e-06  6.79299777e-06
 34.6075  4.93498269e-05  5.57485641e-06  8.7289724e-06
 34.6384  5.45789942e-05  4.79596089e-06  8.00029649e-06
 34.6693  5.60128579e-05  8.16630978e-06  1.22265288e-05
 34.7002  5.39191995e-05  6.46305666e-06  1.04962258e-05
 34.7311  6.29974369e-05  6.39889713e-06  1.02488574e-05
 34.762  5.69259542e-05  6.36056924e-06  1.06586309e-05
 34.793  5.66838004e-05  4.85202995e-06  6.55522698e-06
 34.8239  5.70360783e-05  4.75979066e-06  4.70788398e-06
 34.8548  5.65810865e-05  5.40454605e-06  6.99540538e-06
 34.8857  5.77163707e-05  8.03340074e-06  1.3404153e-05
 34.9166  5.70664148e-05  5.78725378e-06  6.80899281e-06
 34.9475  4.92097365e-05  7.65537167e-06  9.50835165e-06
 34.9784  4.73209504e-05  3.3020869e-06  5.31579433e-06
 35.0094  4.85549053e-05  4.92624582e-06  8.26141239e-06
 35.0403  5.34813235e-05  4.31142709e-06  7.70945976e-06
 35.0712  4.42433136e-05  2.73150647e-06  4.51664786e-06
 35.1021  3.81594116e-05  1.35831826e-06  3.90574644e-06
 35.133  3.50423505e-05  2.67071845e-06  5.12998256e-06
 35.1639  3.32217389e-05  1.11433655e-06  4.06557934e-06
 35.1948  3.29851375e-05  1.00357287e-06  4.23076381e-06
 35.2257  3.4215778e-05  1.10579341e-06  4.41514653e-06
 35.2567  3.42461291e-05  1.22939549e-06  4.2125741e-06
 35.2876  3.63244667e-05  1.5258377e-06  4.50731856e-06
 35.3185  3.87822239e-05  1.70340841e-06  4.39806156e-06
 35.3494  3.59831365e-05  1.81231118e-06  4.37815962e-06
 35.3803  3.7791028e-05  1.21192143e-06  4.16366818e-06
 35.4112  4.13913173e-05  1.14231925e-06  4.36853444e-06
 35.4421  3.80516989e-05  6.80478452e-07  3.86239959e-06
 35.4731  4.0327209e-05  1.49749071e-06  4.76687168e-06
 35.504  3.99145515e-05  1.84393942e-06  5.65024284e-06
 35.5349  3.94329709e-05  2.10644611e-06  6.1842045e-06
 35.5658  4.37708333e-05  2.13307932e-06  6.04021919e-06
 35.5967  4.00964913e-05  2.13789679e-06  6.55407282e-06
 35.6276  4.17897737e-05  1.7471053e-06  5.10003483e-06
 35.6585  4.06786584e-05  2.01408595e-06  6.2709019e-06
 35.6894  4.02087841e-05  2.20184538e-06  7.36136399e-06
 35.7204  3.996494e-05  1.3273255e-06  6.09770979e-06
 35.7513  3.95402577e-05  1.78077025e-06  6.21332787e-06
 35.7822  3.90454831e-05  2.78899452e-06  7.63362482e-06
 35.8131  3.96326967e-05  4.87138419e-06  1.05007403e-05
 35.844  4.11098918e-05  2.23710382e-06  7.17751687e-06
 35.8749  4.21822428e-05  2.15837536e-06  7.30691754e-06
 35.9058  4.22846892e-05  1.45975951e-06  6.16942343e-06
 35.9367  4.97052197e-05  1.40094383e-06  6.39035308e-06
 35.9677  4.31212111e-05  1.3361096e-06  5.85987307e-06
 35.9986  4.24223992e-05  7.5724406e-06  1.67970193e-05
 36.0295  4.94500265e-05  1.80092425e-06  6.78331681e-06
 36.0604  4.74001878e-05  4.32323516e-06  9.62051496e-06
 36.0913  4.45840752e-05  1.03669529e-05  1.65972032e-05
 36.1222  4.95302185e-05  6.43068719e-06  1.32058943e-05
 36.1531  5.45903285e-05  3.32574465e-06  1.05228248e-05
 36.1841  5.10470337e-05  5.51842494e-06  1.328241e-05
 36.215  6.09230581e-05  6.36236202e-06  1.55916743e-05
 36.2459  5.38253167e-05  4.59132693e-06  1.22944633e-05
 36.2768  5.91368294e-05  9.14016963e-06  1.91902836e-05
 36.3077  6.8387446e-05  4.3092462e-06  1.45972821e-05
 36.3386  6.52563884e-05  5.50937168e-06  1.48142747e-05
 36.3695  6.73918699e-05  7.03578812e-06  1.90388773e-05
 36.4004  7.48145893e-05  4.39673113e-06  1.70093951e-05
 36.4314  8.36539126e-05  6.79001862e-06  2.46364261e-05
 36.4623  9.59619992e-05  7.05787456e-06  2.31347244e-05
 36.4932  0.000104333  6.39230448e-06  1.98230402e-05
 36.5241  0.000100843359  9.74423918e-06  2.5992394e-05
 36.555  0.000103969026  1.15377177e-05  2.74599299e-05
 36.5859  0.000108934576  7.66312753e-06  2.1993894e-05
 36.6168  0.000104550645  7.23416245e-06  2.27595458e-05
 36.6478  0.000100506688  5.39191309e-06  2.08494948e-05
 36.6787  0.000101565564  5.53320859e-06  2.05270334e-05
 36.7096  0.000132540317  5.01445707e-06  2.09407483e-05
 36.7405  0.000133536077  4.50712282e-06  2.01937429e-05
 36.7714  0.000121611806  3.66347395e-06  1.66985986e-05
 36.8023  0.000135244291  3.83501707e-06  1.60379956e-05
 36.8332  0.000127445808  4.11222199e-06  1.93817815e-05
 36.8641  0.000108833468  4.2804784e-06  2.10462667e-05
 36.8951  0.00013764578  5.86103206e-06  2.85184951e-05
 36.926  0.000109786658  5.3913489e-06  2.52785334e-05
 36.9569  0.000114066903  5.20787182e-06  2.61345817e-05
 36.9878  9.06090363e-05  4.06938916e-06  2.30809669e-05
 37.0187  0.000109063215  4.27579736e-06  2.61526757e-05
 37.0496  7.81960227e-05  3.63216692e-06  1.92322867e-05
 37.0805  9.23698832e-05  4.15500704e-06  1.84825102e-05
 37.1114  0.000102396488  5.31897484e-06  1.92284111e-05
 37.1424  9.94756887e-05  5.75266039e-06  1.92570044e-05
 37.1733  0.000116581546  7.75198865e-06  1.93323793e-05
 37.2042  9.25566186e-05  7.2139293e-06  1.74588663e-05
 37.2351  9.58853281e-05  9.09736501e-06  2.01793157e-05
 37.266  9.22213368e-05  6.52129854e-06  1.6780062e-05
 37.2969  8.56309954e-05  5.28523611e-06  1.54550232e-05
 37.3278  8.35873736e-05  7.41614499e-06  1.62750681e-05
 37.3588  7.70283018e-05  1.86155186e-05  2.50255327e-05
 37.3897  6.70722148e-05  6.286305e-06  1.05579651e-05
 37.4206  7.06839422e-05  1.23891809e-05  1.9375903e-05
 37.4515  6.5492558e-05  1.00298411e-05  1.60751996e-05
 37.4824  7.68088572e-05  7.7833429e-06  1.22556639e-05
 37.5133  6.12980056e-05  7.4934122e-06  1.21501269e-05
 37.5442  4.63962083e-05  3.38892811e-06  6.37736351e-06
 37.5751  6.15140836e-05  2.12033833e-05  2.32916445e-05
 37.6061  6.1639743e-05  2.87427997e-05  3.30410463e-05
 37.637  5.78213052e-05  8.27550089e-06  1.37924369e-05
 37.6679  5.5928382e-05  8.32266357e-06  1.10042714e-05
 37.6988  6.71832386e-05  2.3939376e-05  2.30834004e-05
 37.7297  5.90276845e-05  1.97552787e-05  2.34453029e-05
 37.7606  5.85279098e-05  2.38262976e-05  2.69983462e-05
 37.7915  6.43054713e-05  1.85475587e-05  2.08783174e-05
 37.8224  6.80167597e-05  1.12538063e-05  1.82039734e-05
 37.8534  6.73031197e-05  2.82781676e-05  4.97743253e-05
 37.8843  7.05688049e-05  2.87302121e-05  4.6130221e-05
 37.9152  5.64591972e-05  6.79024083e-06  1.47758876e-05
 37.9461  6.06234392e-05  3.14104739e-05  3.4510764e-05
 37.977  6.10558422e-05  3.95232091e-05  3.76174283e-05
 38.0079  7.01651123e-05  2.35101443e-05  1.97201588e-05
 38.0388  8.41833298e-05  1.54697632e-05  2.40412272e-05
 38.0698  7.91628671e-05  7.75793958e-06  2.01144801e-05
 38.1007  7.79354527e-05  2.13638957e-05  3.41346996e-05
 38.1316  8.24875846e-05  1.32976739e-05  2.77994457e-05
 38.1625  6.8483812e-05  1.61799101e-05  2.7760426e-05
 38.1934  5.01706645e-05  1.15430608e-05  2.34880882e-05
 38.2243  4.98996527e-05  1.21346362e-05  2.29961095e-05
 38.2552  4.7867609e-05  5.1789837e-06  2.29859428e-05
 38.2861  4.60035294e-05  1.07371404e-05  3.00877589e-05
 38.3171  4.54795157e-05  1.14771135e-05  2.8094384e-05
 38.348  4.54336668e-05  7.57627304e-06  2.08203938e-05
 38.3789  5.03403117e-05  7.92980605e-06  1.98440696e-05
 38.4098  4.49781801e-05  2.02403674e-06  1.46283029e-05
 38.4407  4.55553498e-05  4.92357757e-06  2.14669484e-05
 38.4716  5.26823063e-05  8.47358892e-06  2.78566581e-05
 38.5025  6.10476881e-05  1.93536185e-05  5.38821483e-05
 38.5335  6.39012946e-05  1.99800708e-05  4.93948804e-05
 38.5644  6.55787561e-05  1.35829505e-05  3.56936023e-05
 38.5953  6.96205728e-05  8.92254704e-06  2.6594495e-05
 38.6262  8.05976301e-05  2.3287762e-05  3.9983784e-05
 38.6571  8.80813789e-05  3.31985871e-05  5.56977147e-05
 38.688  9.52660553e-05  1.64139941e-05  3.36814297e-05
 38.7189  9.5855314e-05  5.0674883e-05  7.98264636e-05
 38.7498  9.60095058e-05  5.90137935e-05  9.94611875e-05
 38.7808  0.000101083742  8.02569721e-05  0.000120485583
 38.8117  9.77337204e-05  0.000105340524  0.000158099855
 38.8426  0.000148215669  5.35267512e-05  0.000105264597
 38.8735  0.000222634248  4.76324689e-05  0.000109253228
 38.9044  0.000232886857  5.72997659e-05  0.000178658083
 38.9353  0.000235373367  2.52901344e-05  0.000111483163
 38.9662  0.000277582793  4.63899105e-05  0.000133390469
 38.9971  0.000250920696  3.67565843e-05  0.000111257663
 39.0281  0.000223609201  3.90149388e-05  0.000114484638
 39.059  0.000211820595  5.71042073e-05  0.000151981799
 39.0899  0.00019572715  0.000102392132  0.000218006087
 39.1208  0.000165232721  5.73019699e-05  0.000137583183
 39.1517  0.000230117774  5.82268432e-05  0.000142489567
 39.1826  0.000219041403  2.87349479e-05  9.06193704e-05
 39.2135  0.000209525404  2.6317195e-05  8.05896952e-05
 39.2445  0.000226892058  2.0301027e-05  7.52692646e-05
 39.2754  0.000248177391  4.77694536e-05  0.000109089285
 39.3063  0.000312426789  3.31239154e-05  8.94643633e-05
 39.3372  0.000309435458  2.23621114e-05  7.1963229e-05
 39.3681  0.000299440378  2.19970853e-05  7.18538414e-05
 39.399  0.000273626118  1.89453313e-05  7.10240362e-05
 39.4299  0.000264087127  1.7406064e-05  5.8221817e-05
 39.4608  0.000267334601  1.35370381e-05  5.25659496e-05
 39.4918  0.000263870803  1.36981382e-05  5.24310651e-05
 39.5227  0.000382253903  2.12383557e-05  7.90137846e-05
 39.5536  0.000441817252  2.76775881e-05  9.83644592e-05
 39.5845  0.000416549437  1.70826074e-05  8.062112e-05
 39.6154  0.000479825103  2.50111714e-05  0.000113839358
 39.6463  0.000482542214  3.98526112e-05  0.000117601451
 39.6772  0.000723104691  7.19895139e-05  0.000167894809
 39.7082  0.00104380336  0.000527709116  0.00017210751
 39.7391  0.00147943091  0.000821747002  0.000147149657
 39.77  0.00240138494  0.000565894944  0.000105430284
 39.8009  0.00170226629  0.000493448824  5.43967487e-05
 39.8318  0.00120051986  0.000393505952  3.3034657e-05
 39.8627  0.000960233953  0.000281383468  2.42209117e-05
 39.8936  0.00100134621  0.000265464362  2.47106205e-05
 39.9245  0.00115526773  0.000278073272  2.63966231e-05
 39.9555  0.00160804738  0.000297863979  3.33334261e-05
 39.9864  0.00196405176  0.000414539733  4.16175973e-05
 40.0173  0.00259587858  0.000642064564  6.17152457e-05
 40.0482  0.0031023584  0.000622222949  8.47542892e-05
 40.0791  0.00332372792  0.000610575702  8.99284449e-05
 40.11  0.00280203768  0.000699918224  8.27647637e-05
 40.1409  0.00193111234  0.000372749473  6.40779266e-05
 40.1718  0.00132235461  0.000212141546  5.04525489e-05
 40.2028  0.000941546716  0.000214597181  4.27035055e-05
 40.2337  0.000700899531  0.000197258713  4.29412381e-05
 40.2646  0.000484107578  0.000152263108  5.89930185e-05
 40.2955  0.000349284533  0.000132745526  7.49507754e-05
 40.3264  0.000243304888  7.25601903e-05  7.87475173e-05
 40.3573  0.000385499757  3.81835739e-05  4.87401804e-05
 40.3882  0.000984283201  8.42978206e-05  4.72171578e-05
 40.4192  0.00319078364  0.000484549414  9.35964102e-05
 40.4501  0.00786609472  0.00157438844  0.000175978889
 40.481  0.0149270245  0.00359707049  0.000253667202
 40.5119  0.02242545  0.00796229965  0.000363231939
 40.5428  0.0334832145  0.0107196701  0.000470015808
 40.5737  0.0410775705  0.0127613814  0.000499028554
 40.6046  0.0404482327  0.0126563591  0.000454108446
 40.6355  0.0306737121  0.00918375964  0.000360825081
 40.6665  0.0206973671  0.00694986382  0.000276347467
 40.6974  0.0208826708  0.00595295429  0.000258141186
 40.7283  0.0260359414  0.00689998643  0.000292782886
 40.7592  0.0368365631  0.0106526047  0.000398661424
 40.7901  0.0482849931  0.0170336321  0.000548335496
 40.821  0.0469809588  0.0232211468  0.000660526699
 40.8519  0.0499881855  0.0260460128  0.000855911999
 40.8829  0.0390483835  0.019232557  0.000700029333
 40.9138  0.0335080139  0.0144083596  0.000571345207
 40.9447  0.0357854092  0.0146474063  0.000559679646
 40.9756  0.0385735237  0.0176219029  0.000632844839
 41.0065  0.0365685886  0.0174409153  0.000781299822
 41.0374  0.0397319853  0.0215232285  0.000993890019
 41.0683  0.0288191612  0.015476068  0.000867510902
 41.0992  0.0153742269  0.00596564409  0.000581801236
 41.1302  0.0146247069  0.00272983255  0.000545718122
 41.1611  0.0151507281  0.00396074003  0.000582215242
 41.192  0.0112041167  0.0074714499  0.00066404425
 41.2229  0.0119231594  0.00796932213  0.000830966381
 41.2538  0.00626335632  0.00380336629  0.000522749626
 41.2847  0.00681878219  0.00376194419  0.000554061241
 41.3156  0.00683769121  0.00321705669  0.000483441056
 41.3465  0.00736159914  0.00364464017  0.000526966389
 41.3775  0.00715123976  0.00355346936  0.000547212564
 41.4084  0.00568541579  0.00317481237  0.000600665241
 41.4393  0.00434172652  0.00347324785  0.000456887973
 41.4702  0.0041499236  0.00455940114  0.000398782601
 41.5011  0.00336059448  0.00404309081  0.000339254255
 41.532  0.00126721757  0.000689127878  0.000121418812
 41.5629  0.000859660592  0.000154337088  6.82848563e-05
 41.5939  0.000821694619  0.000111803143  4.61214509e-05
 41.6248  0.000884266349  0.000128981731  5.45366983e-05
 41.6557  0.00089980379  9.60413542e-05  5.13518849e-05
 41.6866  0.000932818723  7.47299357e-05  4.84858293e-05
 41.7175  0.000920340784  8.12547048e-05  1.81891174e-05
 41.7484  0.000840675015  6.71279534e-05  2.09378359e-05
 41.7793  0.00100558132  7.5065353e-05  2.5304987e-05
 41.8102  0.00108276674  7.9814643e-05  1.99810459e-05
 41.8412  0.00100708387  8.44062141e-05  1.78960106e-05
 41.8721  0.00132582124  0.000191228462  3.69198728e-05
 41.903  0.00226649608  0.000189542392  5.80434904e-05
 41.9339  0.00471090166  0.000529691789  0.000116210374
 41.9648  0.0103370066  0.0012141249  0.000207395985
 41.9957  0.0168715456  0.00216457356  0.000258399574
 42.0266  0.0206292292  0.00329262181  0.000269008913
 42.0576  0.0193307814  0.00380589884  0.000284157623
 42.0885  0.0158441427  0.00296863669  0.00023254545
 42.1194  0.012725646  0.00198067439  0.000163284245
 42.1503  0.009492319  0.00121865572  0.000118867399
 42.1812  0.00698971765  0.00092186948  0.00010079286
 42.2121  0.00794309067  0.000902098033  0.000119539018
 42.243  0.0127875532  0.0016151395  0.000197748673
 42.2739  0.0176172656  0.00341952179  0.000294801827
 42.3049  0.0275062398  0.00580586716  0.000401303275
 42.3358  0.0339548731  0.00712448248  0.000443124644
 42.3667  0.0299552771  0.00658952115  0.000366066038
 42.3976  0.0195213857  0.00499504308  0.000266576673
 42.4285  0.0139523652  0.00383737162  0.000210212071
 42.4594  0.0126353084  0.0032590482  0.00018824974
 42.4903  0.0133870865  0.00275585332  0.000171736793
 42.5212  0.01648645  0.00247240142  0.000195950523
 42.5522  0.0233897495  0.00310442732  0.000288583498
 42.5831  0.028926831  0.00483423742  0.000279572026
 42.614  0.0294508058  0.0054623457  0.000287890497
 42.6449  0.0262725175  0.00545135965  0.000278245238
 42.6758  0.0250288768  0.00544038156  0.000267905509
 42.7067  0.026929444  0.00563348489  0.000286048946
 42.7376  0.0211204842  0.0055480637  0.000260531243
 42.7686  0.0145499128  0.00312104818  0.000172534967
 42.7995  0.0133185666  0.00234324465  0.000173406409
 42.8304  0.020184384  0.00397850474  0.000249422721
 42.8613  0.030373433  0.00618772402  0.000336321684
 42.8922  0.0368315596  0.00735293672  0.000384864827
 42.9231  0.0357543311  0.0084628322  0.000402079306
 42.954  0.0246707638  0.00743087167  0.000335911787
 42.9849  0.017442812  0.00611079896  0.000339486927
 43.0159  0.0158122723  0.00515470487  0.000347030524
 43.0468  0.0188528056  0.00534932486  0.000353761969
 43.0777  0.0283952012  0.00898293577  0.00046452353
 43.1086  0.043513903  0.0165952244  0.000725978554
 43.1395  0.0579917856  0.0246455933  0.000961685548
 43.1704  0.0501874161  0.0244486447  0.000942627328
 43.2013  0.0406688205  0.0200131461  0.000844269433
 43.2322  0.041534211  0.0165475577  0.00071999381
 43.2632  0.0338014477  0.0198200727  0.000956845482
 43.2941  0.0290104187  0.0156122076  0.000903139505
 43.325  0.0337107117  0.0183216615  0.00121576471
 43.3559  0.0360942004  0.0169988771  0.00147901078
 43.3868  0.0361116369  0.0133057965  0.00168576889
 43.4177  0.041044847  0.0132374829  0.0017515788
 43.4486  0.0354737955  0.0188493557  0.00218657257
 43.4796  0.0365302706  0.0182589732  0.00200729164
 43.5105  0.0191743159  0.00857854612  0.00117240729
 43.5414  0.0153847096  0.00627654055  0.000771686047
 43.5723  0.0145643963  0.00497042667  0.000515476342
 43.6032  0.0139217346  0.00239365865  0.000468889495
 43.6341  0.0133507393  0.00252070799  0.000310194541
 43.665  0.0142329971  0.00358570376  0.000394516952
 43.6959  0.013593  0.00377640447  0.000396564461
 43.7269  0.0126706795  0.0033927507  0.000344787728
 43.7578  0.0123419484  0.00278331346  0.000272203868
 43.7887  0.0125331601  0.00271880442  0.000294408929
 43.8196  0.0119995663  0.00206739932  0.000295247035
 43.8505  0.0119097184  0.00233860016  0.000274728143
 43.8814  0.0116236645  0.00257813731  0.000264724612
 43.9123  0.0114075764  0.00235057346  0.00026971779
 43.9433  0.0117981019  0.00213321701  0.000252748701
 43.9742  0.0106597922  0.00203967785  0.000280956619
 44.0051  0.0102404097  0.00162407607  0.000177533568
 44.036  0.00923893471  0.00148495011  0.000180952885
 44.0669  0.00849713953  0.00150806339  0.000201464741
 44.0978  0.00857229449  0.00151633023  0.000193614691
 44.1287  0.00831758391  0.00137688392  0.000191981556
 44.1596  0.00849965353  0.00151074191  0.000326443046
 44.1906  0.0106725313  0.00203360991  0.000348348307
 44.2215  0.0116409442  0.00202312143  0.00035337451
 44.2524  0.0126958036  0.00231911462  0.000437683975
 44.2833  0.0148879379  0.00275032051  0.000424363204
 44.3142  0.0144484601  0.00273359754  0.000365054014
 44.3451  0.0132963929  0.00295086621  0.000453877935
 44.376  0.0130076864  0.0028943139  0.000546551845
 44.4069  0.0124913717  0.00324958607  0.000801470205
 44.4379  0.0111837641  0.00322059779  0.00120046853
 44.4688  0.0107050441  0.00301272605  0.00172888472
 44.4997  0.0104873973  0.00243439784  0.00233774877
 44.5306  0.0129249291  0.00303809433  0.00316533228
 44.5615  0.0147184775  0.00498229681  0.00489665761
 44.5924  0.0176058693  0.00961100436  0.00834628564
 44.6233  0.0216941917  0.0125718402  0.00880960959
 44.6543  0.0224238532  0.0104501465  0.00602382748
 44.6852  0.0176432662  0.00784418559  0.00685436702
 44.7161  0.0125586264  0.00549243774  0.00549866146
 44.747  0.00984268521  0.00445991554  0.00435632674
 44.7779  0.00851414376  0.00396413653  0.00371002946
 44.8088  0.00763342858  0.00477669612  0.00381848953
 44.8397  0.0103190078  0.0135225794  0.00650557271
 44.8706  0.0179039405  0.019955274  0.0101037125
 44.9016  0.0454348238  0.0404441228  0.0156990152
 44.9325  0.0388993108  0.0361564252  0.0120379563
 44.9634  0.0383757529  0.0273370573  0.00841576605
 44.9943  0.0257168605  0.0139568416  0.00348549148
 45.0252  0.0121718032  0.00410043481  0.000969284184
 45.0561  0.00915630899  0.00256386115  0.000647695942
 45.087  0.00720435475  0.0017795957  0.000566258752
 45.118  0.00718045218  0.00137906597  0.000288808
 45.1489  0.0060824154  0.0009457088  0.000294419886
 45.1798  0.00567454228  0.00119871474  0.000278187537
 45.2107  0.00584900479  0.000877900831  0.000413849084
 45.2416  0.00660081818  0.00125613078  0.000684613427
 45.2725  0.00699435743  0.00176517822  0.00109777751
 45.3034  0.00787575116  0.00189022343  0.00156676642
 45.3343  nan  nan  nan
