# X (m) TKE_avg epsilon_turb_avg epsilon_avg
 18.05  0.000116725402  9.47829938e-06  4.7493297e-06
 18.1  4.91709653e-05  1.71944881e-06  4.42508544e-06
 18.15  3.91271706e-05  1.12296091e-06  4.69550694e-06
 18.2  7.35252651e-05  3.37300006e-06  3.52986004e-06
 18.25  5.58121655e-06  6.64533211e-07  4.80078977e-06
 18.3  7.27529999e-06  3.75192347e-07  7.56002153e-06
 18.35  4.87829623e-05  1.70011203e-06  9.06600066e-06
 18.4  4.53654901e-05  1.65873389e-06  1.11840257e-05
 18.45  3.76737689e-05  1.22979023e-06  1.23476489e-05
 18.5  3.661747e-05  1.26221763e-06  1.42546144e-05
 18.55  3.83581471e-05  8.77936186e-07  1.61758408e-05
 18.6  4.84845919e-05  9.16250015e-07  1.93548016e-05
 18.65  0.000102774669  1.85712322e-06  2.35271668e-05
 18.7  0.000237483241  7.89508943e-06  2.76792682e-05
 18.75  5.14959052e-05  1.99288249e-06  3.22243091e-05
 18.8  1.3964577e-05  5.55330494e-07  3.62798669e-05
 18.85  0.000164348581  1.94879202e-06  4.0283439e-05
 18.9  0.000419989828  8.41574211e-06  4.3696856e-05
 18.95  0.000542509466  1.31610738e-05  4.71696622e-05
 19  2.27909417e-05  1.93976992e-06  4.83232448e-05
 19.05  1.28607036e-05  6.06047881e-07  4.88019697e-05
 19.1  5.15251674e-05  6.0714735e-06  4.74611709e-05
 19.15  0.000338122772  1.13938597e-05  4.38087086e-05
 19.2  0.000548678382  1.24393537e-05  3.85075662e-05
 19.25  0.000513669313  1.17392402e-05  3.28088867e-05
 19.3  0.000823091764  1.21588051e-05  2.55967237e-05
 19.35  0.000406640402  1.41035737e-05  1.99126237e-05
 19.4  0.000397435184  2.21338044e-05  1.43168584e-05
 19.45  0.000366435458  1.08992916e-05  1.72328725e-05
 19.5  0.000222424855  7.07675041e-06  2.22163062e-05
 19.55  0.000157694473  4.46976303e-06  2.92453433e-05
 19.6  0.000196061728  4.41982952e-06  3.71903241e-05
 19.65  0.000342495455  5.39347633e-06  4.55158737e-05
 19.7  0.000564191098  1.31846115e-05  5.37576885e-05
 19.75  0.000537973099  5.44453463e-06  6.14101793e-05
 19.8  0.000686398259  1.14712403e-05  6.81159473e-05
 19.85  0.000677020231  7.35217146e-06  7.40923911e-05
 19.9  0.000189241792  3.41892909e-06  8.62815349e-05
 19.95  2.45206211e-05  3.35925857e-07  9.03518202e-05
 20  2.94783666e-05  5.49018835e-07  8.37510209e-05
 20.05  0.000801251127  5.62577189e-05  7.60385661e-05
 20.1  5.34882746e-05  2.77876618e-06  6.61648064e-05
 20.15  0.000366810248  5.97948365e-06  5.59089863e-05
 20.2  0.000641048174  2.96151767e-05  5.67078774e-05
 20.25  0.000433847306  4.83353498e-05  3.88473521e-05
 20.3  0.000403305256  5.49697246e-05  3.4063425e-05
 20.35  0.000239359539  2.50294247e-05  2.76491124e-05
 20.4  0.00040284101  1.95067257e-05  2.38343119e-05
 20.45  0.000512369409  2.93575648e-05  2.32576126e-05
 20.5  0.000753452732  0.000201853032  2.83479192e-05
 20.55  0.00109565536  0.000168108599  2.85676731e-05
 20.6  0.00158982115  0.000213253512  4.36405129e-05
 20.65  0.00208470903  0.000134624316  3.68459307e-05
 20.7  0.00234659277  0.000151738676  4.18923749e-05
 20.75  0.00198988351  0.000198844771  5.9839315e-05
 20.8  0.00150887298  0.000182804782  5.33809972e-05
 20.85  0.00342699152  0.000460178425  8.75648571e-05
 20.9  0.00304851515  0.00033207441  7.38804178e-05
 20.95  0.00265186526  0.000292345549  6.27210316e-05
 21  0.00579044387  0.000930104642  0.000139342097
 21.05  0.00614484953  0.00137421697  0.000144730119
 21.1  0.00800513171  0.00174877266  0.000239082825
 21.15  0.0265842402  0.0104232534  0.000763059101
 21.2  0.0404522925  0.0190908255  0.00106709443
 21.25  0.0488122122  0.0298361121  0.0017356909
 21.3  0.0454426525  0.0247470388  0.00142507217
 21.35  0.0366131901  0.0132490244  0.000953477935
 21.4  0.0238470144  0.00892064343  0.00071332686
 21.45  0.0154709097  0.00670883277  0.000668068938
 21.5  0.00756263473  0.00206211024  0.000514300424
 21.55  0.0395818894  0.0227688389  0.00111550513
 21.6  0.0537750366  0.0248844348  0.00166372864
 21.65  0.0274774159  0.0111507751  0.000824569417
 21.7  0.0282005987  0.00902882365  0.000935148262
 21.75  0.0367343832  0.0272927551  0.00114868723
 21.8  0.0229212942  0.00676941473  0.00107713716
 21.85  0.0318168643  0.0114280127  0.00245110531
 21.9  0.0170231877  0.00314092578  0.00143063947
 21.95  0.0171717933  0.00402121023  0.00129382797
 22  0.0140007999  0.00063333953  0.00107380536
 22.05  0.0169096183  0.00210030676  0.00150455931
 22.1  0.0105675062  0.00139882193  0.000959764884
 22.15  0.0103080287  0.0013860226  0.00116933806
 22.2  0.00902853137  0.00107024984  0.000959688125
 22.25  0.0039725603  0.000642592503  0.000500670945
 22.3  0.00326154862  0.000538559198  0.000344774264
 22.35  0.00428581615  0.00119084246  0.000382098921
 22.4  0.00390666206  0.000802752077  0.000315170507
 22.45  0.00400834439  0.000822718911  0.000245869747
 22.5  0.00347633549  0.000430792024  0.000211240905
 22.55  0.00625363771  0.000825614666  0.000233209645
 22.6  0.00373791169  0.000658609431  0.000196704211
 22.65  0.00494151933  0.000547950607  0.000182121006
 22.7  0.00385792654  0.000571298402  0.00021481257
 22.75  0.0041632944  0.000418947831  0.000160526782
 22.8  0.00634682704  0.000937734698  0.000346161526
 22.85  0.00345995344  0.000508624895  0.000296473141
 22.9  0.00882353289  0.00219926825  0.000678875066
 22.95  0.0086483662  0.00169117335  0.000664674202
 23  0.0101667489  0.00182600164  0.000954986341
 23.05  0.0125790118  0.00236613507  0.00243037539
 23.1  0.0168183521  0.00235346768  0.0150003779
 23.15  0.0212764649  0.00775816478  0.0161130486
 23.2  nan  nan  nan
