# X (m) TKE_avg epsilon_turb_avg epsilon_avg
 18.05  0.000108956096  4.6415353e-06  6.69682123e-06
 18.1  9.83542188e-05  2.59688254e-06  6.78688034e-06
 18.15  8.21332015e-05  2.08737567e-06  9.3064394e-06
 18.2  8.97033254e-05  1.89822822e-06  1.71720563e-05
 18.25  0.000115977647  2.54365608e-06  2.00995706e-05
 18.3  0.000199866785  6.17527761e-06  2.00235069e-05
 18.35  0.000312953837  7.89909017e-06  1.97538846e-05
 18.4  0.000400806777  1.37884028e-05  3.135159e-05
 18.45  3.87148782e-05  4.5654593e-06  3.54364017e-05
 18.5  5.48309556e-05  1.8184396e-06  4.27315613e-05
 18.55  6.30206666e-05  8.50282335e-06  4.53219683e-05
 18.6  0.000550891359  3.02703515e-05  4.18034339e-05
 18.65  0.00116074259  4.62395452e-05  5.99320775e-05
 18.7  0.00128962488  5.23757287e-05  4.1847272e-05
 18.75  3.7800919e-05  1.3534502e-06  5.16163086e-05
 18.8  3.42220057e-05  2.50693819e-06  4.03504568e-05
 18.85  0.00057145736  9.52740638e-06  4.06646537e-05
 18.9  0.000750900556  1.97385798e-05  4.55759124e-05
 18.95  0.00130782839  5.39115879e-05  3.87242436e-05
 19  0.00118498758  4.49559825e-05  3.37261666e-05
 19.05  0.00105388381  4.24606277e-05  3.59912811e-05
 19.1  0.00053701855  3.23586929e-05  3.30826748e-05
 19.15  0.000627360902  3.78711555e-05  3.24079635e-05
 19.2  0.000794761459  3.10324728e-05  2.16405633e-05
 19.25  0.000647825446  2.87779008e-05  2.03261125e-05
 19.3  0.000326259764  1.30428151e-05  1.42881231e-05
 19.35  0.000204495112  4.29081486e-06  1.43087223e-05
 19.4  0.000165067173  2.89567615e-06  2.04306578e-05
 19.45  0.000222990014  7.79365555e-06  1.92007309e-05
 19.5  0.000142047024  4.28224104e-06  1.29144207e-05
 19.55  9.46910615e-05  3.2127616e-06  2.2348944e-05
 19.6  6.68707608e-05  1.76103617e-06  2.17202068e-05
 19.65  5.827178e-05  1.29899762e-06  2.08113054e-05
 19.7  7.53240967e-05  2.56972665e-06  2.97181357e-05
 19.75  7.67410832e-05  9.09131902e-06  2.919636e-05
 19.8  0.000109491148  6.21637743e-06  3.63240775e-05
 19.85  0.000131066765  6.79643152e-06  4.50172161e-05
 19.9  0.000121844946  3.35128771e-06  3.91171748e-05
 19.95  0.000114958727  4.76993175e-06  5.45461117e-05
 20  0.000187602993  7.19886789e-06  6.32411431e-05
 20.05  0.000552425189  2.40139134e-05  7.08596586e-05
 20.1  0.00092095817  3.43798312e-05  8.27479742e-05
 20.15  0.000362744184  3.11803525e-05  0.000149182794
 20.2  0.00037516927  1.46390242e-05  0.000213916044
 20.25  0.000660045379  4.54562218e-05  0.000313595703
 20.3  0.000827799824  7.40039207e-05  0.000196758022
 20.35  0.00122520455  0.000156467892  0.000239606439
 20.4  0.000835418556  9.75439906e-05  0.000261858832
 20.45  0.00109065011  0.000175844688  0.000202236937
 20.5  0.00666818879  0.00262736723  0.000500591657
 20.55  0.010401713  0.00520103738  0.000835944463
 20.6  0.00736022944  0.00174707739  0.000615621616
 20.65  0.00606008977  0.00861276733  0.000636977694
 20.7  0.00632912848  0.00424027593  0.0010001885
 20.75  0.00625579786  0.0217396919  0.00123257333
 20.8  0.00650683551  0.00107407632  0.000234004358
 20.85  0.0100774678  0.0021239425  0.000536918534
 20.9  0.00984856839  0.00197663432  0.000332621977
 20.95  0.00871486786  0.00153405015  0.000279063889
 21  0.0129090048  0.00211407032  0.000462251425
 21.05  0.0104265007  0.0013049055  0.000293326531
 21.1  0.00778125917  0.00203030798  0.000268625623
 21.15  0.00517126529  0.000704373956  0.000194223133
 21.2  0.0039113914  0.000805073923  0.00016185225
 21.25  0.00475801525  0.000539710103  0.00020094879
 21.3  0.00437601677  0.000416003636  0.000144559435
 21.35  0.00334276875  0.000382050864  0.000109813291
 21.4  0.00467231094  0.000887651046  0.00027720304
 21.45  0.00938344629  0.00266058485  0.000391896926
 21.5  0.00627395257  0.00162998245  0.000223216389
 21.55  0.00699957662  0.00150533192  0.000216717054
 21.6  0.0039934432  0.000467903612  0.000185711231
 21.65  0.00679359527  0.00161540516  0.000259790941
 21.7  0.00346124602  0.000545913171  0.000126232855
 21.75  0.00685111948  0.00170801195  0.000251751013
 21.8  0.00822979206  0.00131125877  0.000219138671
 21.85  0.00903253749  0.00146356388  0.000221369429
 21.9  0.00357916602  0.000619648023  0.000128057703
 21.95  0.00996241853  0.00249073739  0.000290795448
 22  0.0126451055  0.00321504703  0.000482116468
 22.05  0.0171219145  0.00412690445  0.000600505011
 22.1  0.0158254343  0.00419103646  0.000495050987
 22.15  0.0169458504  0.00544868798  0.000588432062
 22.2  0.0151026187  0.00451195943  0.000590379717
 22.25  0.0137668989  0.00238358365  0.00059576498
 22.3  0.0153429655  0.0025845857  0.000411007663
 22.35  0.0208136933  0.00712761921  0.000654136755
 22.4  0.0212941205  0.00996927347  0.000635988877
 22.45  0.00993339093  0.00299928674  0.000342668264
 22.5  0.015347827  0.00486279763  0.0004500216
 22.55  0.0201168405  0.00754869131  0.000649084217
 22.6  0.00965830961  0.0054623504  0.000909051029
 22.65  0.0175506474  0.0121710881  0.00149104963
 22.7  0.0182769832  0.00372435579  0.00176252688
 22.75  0.00358670963  0.000695063904  0.00084442256
 22.8  0.00341128876  0.000331626166  0.000741406456
 22.85  0.00444691628  0.000551573474  0.000551326395
 22.9  0.0051226919  0.000803193477  0.000414069434
 22.95  0.00667022787  0.00273048508  0.000634782206
 23  0.00788318822  0.00199378224  0.000711321273
 23.05 -0 -0 -0
 23.1 -0 -0 -0
 23.15 -0 -0 -0
 23.2 -0 -0 -0
 23.25 -0 -0 -0
 23.3 -0 -0 -0
 23.35 -0 -0 -0
 23.4 -0 -0 -0
 23.45 -0 -0 -0
 23.5 -0 -0 -0
 23.55 -0 -0 -0
 23.6 -0 -0 -0
 23.65 -0 -0 -0
 23.7  0.0012617069  0.000688650288  0.000970108106
 23.75  0.000558200978  0.00123702277  0.000336367244
 23.8  0.000126800726  1.28098749e-05  2.94961575e-05
 23.81  0.00011410248  2.48164756e-05  2.09983718e-05
