# X (m) TKE_avg epsilon_turb_avg epsilon_avg
 18.05  4.68079125e-06  8.12805343e-08  1.57251608e-05
 18.1  4.78597282e-06  7.39686417e-08  1.86628038e-05
 18.15  4.93820746e-06  1.91997028e-07  2.13064075e-05
 18.2  3.88175101e-05  1.95617031e-06  2.77880651e-05
 18.25  5.91179566e-06  5.27747467e-07  2.81926352e-05
 18.3  8.00538393e-06  1.45043466e-06  3.75342218e-05
 18.35  0.000243580425  7.08329205e-06  2.37063135e-05
 18.4  0.000250613862  4.6795328e-06  2.79203506e-05
 18.45  0.000262276131  4.8736103e-06  2.77740939e-05
 18.5  0.000270737343  5.13791148e-06  2.00785504e-05
 18.55  0.000275612576  5.19657295e-06  2.2490778e-05
 18.6  0.00027638004  6.05304304e-06  1.96696466e-05
 18.65  5.39981485e-06  1.74529854e-07  1.79603314e-05
 18.7  9.94033074e-05  1.81883855e-06  1.54888369e-05
 18.75  0.000253344958  5.81885931e-06  1.66522308e-05
 18.8  0.000318148555  6.15621296e-06  1.7464901e-05
 18.85  0.000171930621  1.12524363e-06  1.41938225e-05
 18.9  1.5628468e-05  1.54214503e-06  1.57833203e-05
 18.95  0.000200650137  3.50726709e-06  1.15349282e-05
 19  0.00017325089  3.88054065e-06  8.71718218e-06
 19.05  0.000201271503  4.05951211e-06  5.80014337e-06
 19.1  0.000130036044  6.52946605e-06  1.01142007e-05
 19.15  0.000101786656  2.11105528e-06  8.07280273e-06
 19.2  0.00012157536  3.65025288e-06  1.14084837e-05
 19.25  0.000118931467  2.43875708e-06  1.30935259e-05
 19.3  8.24391405e-05  2.26732656e-06  2.32032178e-05
 19.35  5.49482019e-05  4.77635857e-06  1.88882796e-05
 19.4  3.41756128e-05  1.38435214e-06  2.82295506e-05
 19.45  2.83692389e-05  6.1660519e-07  2.2993768e-05
 19.5  2.84417549e-05  5.47080473e-07  2.35612269e-05
 19.55  6.5073596e-05  1.085378e-06  4.59440251e-05
 19.6  6.81794853e-05  1.10728434e-06  5.07298956e-05
 19.65  0.000154592027  2.3168345e-06  5.55537775e-05
 19.7  0.000125258895  2.38513328e-06  7.43369647e-05
 19.75  0.000325330655  1.34445911e-05  7.67731514e-05
 19.8  0.000370901353  1.74938178e-05  8.88421936e-05
 19.85  0.000561138452  4.22619175e-05  0.00010790604
 19.9  0.000104206967  0.000739716193  0.000162218873
 19.95  0.000664216715  3.60929156e-05  0.000151880801
 20  0.000779014677  4.48377984e-05  0.000198226512
 20.05  0.000643532727  3.94219166e-05  0.000167638447
 20.1  0.00100475548  0.00011231895  0.000117486354
 20.15  0.00172470991  0.000120198502  0.000325319559
 20.2  0.00184736838  0.000153075531  0.000155044364
 20.25  0.000479441723  7.16230176e-05  0.000101657164
 20.3  0.00143817501  8.80515488e-05  0.000131594698
 20.35  0.00144818173  0.000135125647  0.000102434456
 20.4  0.0021780247  0.000254159865  0.000127254517
 20.45  0.00293046972  0.00100034972  0.000142915966
 20.5  0.00333190161  0.0012975802  0.000148789075
 20.55  0.0037137985  0.00195373751  0.000148285414
 20.6  0.00298605385  0.00112976331  0.000114016178
 20.65  0.00268057663  0.00125007063  7.04714527e-05
 20.7  0.00201604781  0.000180178259  9.29783091e-05
 20.75  0.00276405498  0.000266017284  8.25812454e-05
 20.8  0.00208140967  0.000357229153  6.09120469e-05
 20.85  0.00163834679  0.00016915489  7.37441566e-05
 20.9  0.0028116003  0.000336895491  9.66061183e-05
 20.95  0.00577546361  0.000901285747  0.000148322154
 21  0.0082777171  0.00163914898  0.000396644547
 21.05  0.0129730892  0.00270285373  0.000259837358
 21.1  0.0147957705  0.00334611652  0.000407325567
 21.15  0.0138740264  0.00512661386  0.000435251688
 21.2  0.0128073405  0.00216450169  0.000353766061
 21.25  0.00945772602  0.00208220593  0.000258359365
 21.3  0.00439222548  0.000456994186  0.000124001579
 21.35  0.00554861982  0.000949842381  0.000184916694
 21.4  0.00757819657  0.00147124649  0.000173640612
 21.45  0.00598497963  0.00102138575  0.000124026846
 21.5  0.005356782  0.00163996004  0.000237074999
 21.55  0.00691449505  0.00163801775  0.000158225
 21.6  0.00657720854  0.00199414927  0.000183170055
 21.65  0.00753484229  0.00145154123  0.000181172511
 21.7  0.0119522156  0.00173387653  0.00026319342
 21.75  0.00926707275  0.00184257564  0.000183685699
 21.8  0.00978224425  0.00247563235  0.000269369796
 21.85  0.0157794789  0.00316019755  0.000297063839
 21.9  0.00865545584  0.00191091593  0.000200458279
 21.95  0.00784944304  0.00150226374  0.000161486981
 22  0.00395578041  0.000554474427  9.12837318e-05
 22.05  0.0169140151  0.00672081115  0.000495512236
 22.1  0.0143220523  0.00650413816  0.000392834977
 22.15  0.00609524162  0.00163113063  0.00020875434
 22.2  0.0108220761  0.00277323599  0.000285359666
 22.25  0.0134731111  0.0054175936  0.000531625433
 22.3  0.0157022467  0.00343216639  0.000370051631
 22.35  0.0168772904  0.00498191633  0.000415449795
 22.4  0.0142880924  0.00657696383  0.000614764197
 22.45  0.0441687659  0.0427590633  0.00108878979
 22.5  0.0294547641  0.0119616221  0.00118004378
 22.55  0.101260935  0.0826438864  0.00424152593
 22.6  0.0162620087  0.00877896595  0.00317357878
 22.65  0.00296589598  0.00026489045  0.000629376057
 22.7  0.00178632316  0.00036702081  0.000359537314
 22.75  0.00247397708  0.000307654146  0.000157797883
 22.8  0.00182616538  0.00011460823  5.71473334e-05
 22.85  0.00141312858  6.48805009e-05  4.53948217e-05
 22.9  0.00221359985  0.000305356864  8.60027475e-05
 22.95  0.00337308621  0.000267212159  0.000124471592
 23  0.00297152637  0.00023406511  0.000144119319
 23.05  0.00294982517  0.000355498838  0.00014696353
 23.1  0.00365226913  0.000425709698  0.000132090501
 23.15  0.00307138547  0.000392738134  0.000114675052
 23.2  0.00402025868  0.000511735552  0.000181256396
 23.25  0.00320174143  0.000441455823  0.000157236987
 23.3  0.00365390002  0.00035735266  0.000133566263
 23.35  0.0029925813  0.000354845004  0.000118049112
 23.4  0.00301702989  0.000241250688  0.00020497389
 23.45  0.00504080322  0.00163987543  0.000829139181
 23.5  0.00541130785  0.000386419746  0.00112697662
 23.55  0.0041305703  0.000716509129  0.00140764733
 23.58  0.00438332353  0.000779406725  0.00141228183
