# X (m) TKE_avg epsilon_turb_avg epsilon_avg
 18.05  5.64394262e-06  2.04146696e-07  1.59962199e-05
 18.1  6.17999855e-06  2.25647779e-07  1.74952487e-05
 18.15  7.18495004e-06  2.72784846e-07  1.75183949e-05
 18.2  1.27275356e-05  5.37746643e-07  2.07304545e-05
 18.25  9.23682747e-06  4.78813526e-07  2.40347632e-05
 18.3  9.16399328e-06  7.75219694e-07  1.98999482e-05
 18.35  0.000157241616  3.7049055e-06  3.03592531e-05
 18.4  0.000202552616  3.11256183e-06  2.38799194e-05
 18.45  0.000255610869  3.95744838e-06  2.91951325e-05
 18.5  0.000296616537  4.83813449e-06  4.10764272e-05
 18.55  0.000331667633  5.70954065e-06  2.92319465e-05
 18.6  0.000351111337  7.64968311e-06  3.60060905e-05
 18.65  7.94397882e-06  3.01697243e-07  3.22806308e-05
 18.7  0.00013132072  2.15799101e-06  2.38317983e-05
 18.75  0.000296126667  7.1152734e-06  1.95269358e-05
 18.8  0.000346688072  6.96187841e-06  1.68538762e-05
 18.85  0.000179832526  1.47462975e-06  1.39117316e-05
 18.9  2.37930129e-05  1.83527528e-06  1.32794565e-05
 18.95  0.000180366269  4.7013239e-06  1.6003954e-05
 19  0.000127970738  4.38640774e-06  1.30047512e-05
 19.05  0.00014878522  3.82523056e-06  1.54272218e-05
 19.1  9.78778433e-05  4.28531189e-06  2.48716336e-05
 19.15  0.000123957138  2.70366426e-06  3.42288274e-05
 19.2  0.000280678549  6.17773135e-06  3.9423415e-05
 19.25  0.000488220926  8.54973653e-06  6.47176065e-05
 19.3  0.000741524902  1.83221156e-05  6.58454415e-05
 19.35  0.00100907574  5.92632866e-05  0.000114812007
 19.4  0.00125329629  2.91577764e-05  6.40294149e-05
 19.45  0.00146656158  3.31206604e-05  7.61292226e-05
 19.5  0.000815973472  1.64631593e-05  8.94752902e-05
 19.55  0.00117638239  1.75466136e-05  6.46619286e-05
 19.6  0.000620856951  5.61115634e-06  6.43661389e-05
 19.65  0.000954891142  1.13183828e-05  6.5892234e-05
 19.7  0.000456376339  5.17853422e-06  5.59845636e-05
 19.75  0.000742418916  2.95532094e-05  5.44469179e-05
 19.8  0.000562664568  2.72674972e-05  5.55989973e-05
 19.85  0.000564790633  4.27654556e-05  4.819921e-05
 19.9  0.000120476309  0.000320507582  5.10008671e-05
 19.95  0.000409788571  3.60971282e-05  3.3548484e-05
 20  0.000387969136  3.8317178e-05  1.88052211e-05
 20.05  0.000331673635  1.65162583e-05  1.96440109e-05
 20.1  0.000340449672  4.2610348e-05  1.71476006e-05
 20.15  0.000478830919  4.01843739e-05  1.06021156e-05
 20.2  0.000678585374  5.53146703e-05  1.54098293e-05
 20.25  0.000560163958  2.2424723e-05  1.72662406e-05
 20.3  0.00141960022  7.98082746e-05  2.23731237e-05
 20.35  0.00127938933  0.000118712876  3.4179648e-05
 20.4  0.000966064399  6.03263835e-05  2.02009875e-05
 20.45  0.00190622333  0.000105826747  4.80017478e-05
 20.5  0.00168861327  0.000148275525  3.90299422e-05
 20.55  0.00193364626  0.000171924745  5.02949697e-05
 20.6  0.00178882925  0.000215895729  6.36125956e-05
 20.65  0.0021708812  0.000367696235  9.75117209e-05
 20.7  0.00287523243  0.000347610644  7.12166444e-05
 20.75  0.00272600107  0.000385205425  0.000131034399
 20.8  0.00405881291  0.000509492126  0.000119465442
 20.85  0.00227313192  0.000261040469  0.000123234509
 20.9  0.00568476339  0.000634264824  0.000158743373
 20.95  0.00602748729  0.00128208567  0.000214287024
 21  0.0122173328  0.00157808209  0.000265165744
 21.05  0.0210722932  0.00780260338  0.000460328524
 21.1  0.0378778624  0.0380569146  0.00125213604
 21.15  0.0768107252  0.0297935198  0.00185347342
 21.2  0.0658676884  0.032256191  0.00181176354
 21.25  0.0480978865  0.0163794212  0.00108660465
 21.3  0.0310854974  0.0138904933  0.000703981863
 21.35  0.0278170517  0.0166055582  0.00103614858
 21.4  0.0123044869  0.00248200131  0.000686544828
 21.45  0.0236371462  0.0124052776  0.00107135621
 21.5  0.0112991997  0.0143773407  0.00104681967
 21.55  0.00439997404  0.000789562847  0.00059453974
 21.6  0.00464232915  0.000654880052  0.000176382666
 21.65  0.0043651814  0.00052987247  0.000328642453
 21.7  0.00296739915  0.000388713282  0.000460409402
 21.75  0.00714407943  0.00177998996  0.000377215475
 21.8  0.00568041211  0.001623573  0.000341938623
 21.85  0.00474777493  0.000971562089  0.000144084849
 21.9  0.00433142364  0.000623432888  0.00012628316
 21.95  0.00474846232  0.000829506547  0.00015968722
 22  0.00272744247  0.000187075545  0.000102293756
 22.05  0.00273073452  0.000376910022  9.44924687e-05
 22.1  0.002589152  0.000530323696  0.000103033387
 22.15  0.00314786187  0.000433947318  8.98454473e-05
 22.2  0.00441590638  0.000460872066  0.000103270442
 22.25  0.00555696639  0.000610428277  0.000118448937
 22.3  0.0043323589  0.000396242039  8.07276712e-05
 22.35  0.00283339235  0.000320565288  6.64981713e-05
 22.4  0.00362676051  0.0005578253  0.000138904689
 22.45  0.00777015825  0.00143268614  0.000222282604
 22.5  0.0072885999  0.00159191497  0.000208315793
 22.55  0.00682062128  0.00111069231  0.00016955765
 22.6  0.00527938007  0.00078878173  0.00018820698
 22.65  0.00955322589  0.00132410011  0.000288025244
 22.7  0.00733244134  0.0024223709  0.000274042961
 22.75  0.00618545451  0.00207590694  0.000159452023
 22.8  0.00857294959  0.00241858974  0.000252913635
 22.85  0.00302847782  0.000447128506  0.000120296872
 22.9  0.00242152178  0.000305782203  0.000105820443
 22.95  0.00524170328  0.000400727822  0.000137088989
 23  0.0151393493  0.00440983972  0.000735431181
 23.05  0.038065745  0.0197284422  0.00207531329
 23.1  0.0232077885  0.0134799348  0.00117772397
 23.15  0.0138675819  0.00578198695  0.000720342613
 23.2  0.0318408431  0.0175171858  0.00158944539
 23.25  0.00765517462  0.000667645526  0.00279057654
 23.3  0.008349148  0.00250964674  0.00653432316
 23.34  0.0127072831  0.00814718871  0.00927454909
