# X (m) TKE_avg epsilon_turb_avg epsilon_avg
 18.05  0.000253425562  4.19398718e-06  2.46770463e-05
 18.1  0.000279664755  4.26989511e-06  2.38772243e-05
 18.15  0.000296782225  5.69786417e-06  2.35363264e-05
 18.2  0.000304064546  6.19422479e-06  2.2084827e-05
 18.25  0.000366311977  8.39358007e-06  1.60575231e-05
 18.3  0.000287913192  6.6566857e-06  1.54034059e-05
 18.35  0.000299957804  1.19365878e-05  9.89935267e-06
 18.4  0.000171333503  2.10912315e-06  8.22550304e-06
 18.45  0.000232561147  4.80745784e-06  6.01589195e-06
 18.5  1.18291195e-05  6.39558965e-07  4.9735462e-06
 18.55  2.64278657e-05  1.42196971e-06  5.26161297e-06
 18.6  9.26421533e-05  2.52007135e-06  8.31633706e-06
 18.65  7.95569782e-05  2.59231985e-06  1.11093651e-05
 18.7  8.75033993e-05  2.13637733e-06  1.51688478e-05
 18.75  8.61653364e-05  1.8930104e-06  1.80714646e-05
 18.8  0.000119856173  3.24668606e-06  2.23928607e-05
 18.85  0.000154289611  2.44843782e-06  2.83523906e-05
 18.9  0.000198442653  3.46004299e-06  2.63666817e-05
 18.95  0.000266725965  4.74827899e-06  3.70457378e-05
 19  0.000387976516  6.63414841e-06  4.42953473e-05
 19.05  6.14713113e-05  3.11666382e-06  4.80694827e-05
 19.1  2.20836702e-05  2.72109367e-06  5.83285487e-05
 19.15  0.000488259488  8.87599864e-06  5.70186733e-05
 19.2  0.000519027105  1.0464411e-05  5.76906213e-05
 19.25  0.00108529288  1.89664246e-05  4.85526319e-05
 19.3  0.00118043771  2.11645732e-05  4.56778974e-05
 19.35  0.000996456415  2.17325667e-05  3.78144039e-05
 19.4  0.000928107652  4.41263487e-05  3.09931285e-05
 19.45  0.000837792137  1.37315036e-05  3.40802121e-05
 19.5  0.000763080288  1.74964509e-05  2.91644758e-05
 19.55  0.000796529798  2.48053963e-05  2.49783284e-05
 19.6  0.000258843705  2.16389445e-05  2.24230616e-05
 19.65  0.000191103964  2.87594422e-05  1.87460326e-05
 19.7  2.65617116e-05  7.92761361e-07  2.08964942e-05
 19.75  4.36083776e-05  8.03987659e-07  1.37467346e-05
 19.8  0.000201951074  1.1877862e-05  8.65966279e-06
 19.85  0.000129676972  9.70681759e-06  7.24382028e-06
 19.9  0.000157751269  9.43917568e-06  8.09431121e-06
 19.95  0.000132896141  9.19310544e-06  6.88613507e-06
 20  8.12563214e-05  4.12040889e-06  6.41765232e-06
 20.05  0.000111171323  2.55060874e-06  1.56826074e-05
 20.1  0.000210997819  6.5107959e-06  1.12454642e-05
 20.15  0.000409215437  1.57142859e-05  1.85366316e-05
 20.2  0.000585062141  2.65616663e-05  3.38739455e-05
 20.25  0.000631562891  3.409315e-05  3.2740372e-05
 20.3  0.000571942681  3.17751076e-05  5.78740773e-05
 20.35  0.00123235046  6.62254147e-05  0.000100425068
 20.4  0.00225791623  0.000152136299  8.61708069e-05
 20.45  0.0020805248  0.000283975055  0.000140151857
 20.5  0.00300677736  0.000527605227  0.000189090806
 20.55  0.00405065764  0.00123434314  0.000183797727
 20.6  0.00797473447  0.00148950152  0.00025026111
 20.65  0.00461682188  0.0010954117  0.000201103483
 20.7  0.0086707213  0.00335930887  0.000401199669
 20.75  0.016974336  0.00716014611  0.00073499162
 20.8  0.0121590889  0.00356120829  0.000419688606
 20.85  0.0170308386  0.0139589475  0.000798375994
 20.9  0.0764713244  0.0605061111  0.00247394181
 20.95  0.131142172  0.0765090064  0.00392986296
 21  0.0743254212  0.0354104918  0.0015662714
 21.05  0.0196980625  0.00622717404  0.000598383285
 21.1  0.0166564361  0.00511362012  0.000943600992
 21.15  0.0398509454  0.0159372206  0.00161555739
 21.2  0.0430639997  0.0851221417  0.00267825839
 21.25  0.0273456803  0.00810167685  0.00130176498
 21.3  0.0607126618  0.0901960004  0.00165656636
 21.35  0.00571276151  0.00106950751  0.000935651654
 21.4  0.00409657809  0.00046785436  0.000546848505
 21.45  0.0070631241  0.00218296447  0.000597185311
 21.5  0.0126455485  0.00151227115  0.000514288819
 21.55  0.00690321044  0.00139429865  0.000213959489
 21.6  0.00604299979  0.000808278775  0.000191454812
 21.65  0.010077147  0.00117780379  0.000195649999
 21.7  0.00581035569  0.000888267558  0.000203558664
 21.75  0.00483973287  0.000819448547  0.000126512223
 21.8  0.00490616626  0.000963209514  0.000161195187
 21.85  0.00871732451  0.000812319332  0.000157465612
 21.9  0.00631920077  0.00100816268  0.000233116227
 21.95  0.00683772124  0.000934173451  0.000202102808
 22  0.00732957963  0.00163249984  0.000269615287
 22.05  0.00861746728  0.00230370075  0.000264001077
 22.1  0.00787167246  0.00152015184  0.000228957178
 22.15  0.00970575124  0.00225491826  0.000269347827
 22.2  0.00662338667  0.00135209575  0.00019222934
 22.25  0.0059343202  0.00120695728  0.0001435547
 22.3  0.00621766066  0.00122948706  0.000146566097
 22.35  0.00644742489  0.000988291249  0.000244933378
 22.4  0.0036482723  0.000573113419  7.91449403e-05
 22.45  0.00294077485  0.000391621507  8.25505198e-05
 22.5  0.00353414455  0.000351731712  0.000115817598
 22.55  0.00456933643  0.000464968899  0.000191490546
 22.6  0.00396416887  0.000543567063  0.000199328885
 22.65  0.00434017381  0.000561982597  0.000213439604
 22.7  0.0110337062  0.00325455999  0.000427985516
 22.75  0.0298956368  0.0134903215  0.00100098405
 22.8  0.0347279447  0.0224051689  0.00196649372
 22.85  0.050681323  0.0359807698  0.00274214381
 22.9  0.0276735582  0.00742664341  0.00104198645
 22.95  0.0264722612  0.0120524183  0.00195666167
 23  0.00691490453  0.00107749015  0.00160117772
 23.05  0.0202217485  0.0212181983  0.0347719274
 23.1 -0 -0 -0
 23.15 -0 -0 -0
 23.2 -0 -0 -0
 23.25 -0 -0 -0
 23.3 -0 -0 -0
 23.35 -0 -0 -0
 23.4 -0 -0 -0
 23.45  0.000744171632  0.000157022585  0.00019169476
 23.5 -0 -0 -0
 23.55 -0 -0 -0
 23.6 -0 -0 -0
 23.65 -0 -0 -0
 23.7  0.000209689324  3.31697551e-06  0.000147376734
 23.75  0.000141749632  8.91391013e-06  1.45574852e-05
 23.8  nan  nan  nan
