# X (m) TKE_avg epsilon_turb_avg epsilon_avg
 18.05  0.000111167611  1.64769404e-06  1.40591315e-05
 18.1  0.000135237697  1.96734371e-06  1.08829236e-05
 18.15  0.000161384926  2.62346438e-06  1.25660157e-05
 18.2  0.000182791208  3.14464367e-06  1.17104658e-05
 18.25  0.000256119176  4.99448742e-06  1.18452311e-05
 18.3  0.000222333512  4.15064171e-06  1.29550378e-05
 18.35  0.000268789249  9.50760547e-06  9.64102679e-06
 18.4  0.000175135284  1.54759406e-06  1.44890564e-05
 18.45  0.000289982737  4.92166617e-06  7.72894339e-06
 18.5  5.47532532e-06  2.9843362e-07  9.48365633e-06
 18.55  2.6278935e-05  1.36354203e-06  1.25604078e-05
 18.6  0.00018361923  4.12345512e-06  7.2800686e-06
 18.65  0.000156912714  5.34251964e-06  1.59886054e-05
 18.7  0.000150495456  3.45080086e-06  1.24312888e-05
 18.75  0.000107926675  3.05894349e-06  1.93414478e-05
 18.8  9.29052311e-05  3.16969432e-06  2.29600289e-05
 18.85  9.18602658e-05  2.26859302e-06  2.87025961e-05
 18.9  0.000112046871  2.44561389e-06  2.54678102e-05
 18.95  0.000163792026  3.00083874e-06  3.575401e-05
 19  0.000254585259  4.40986135e-06  4.25292898e-05
 19.05  4.99892073e-05  2.47068425e-06  4.28020721e-05
 19.1  1.82799892e-05  2.18489036e-06  4.90570829e-05
 19.15  0.000463347628  7.6756469e-06  5.1281399e-05
 19.2  0.000523460269  9.59952575e-06  5.67981427e-05
 19.25  0.00117780028  1.9714446e-05  5.45588819e-05
 19.3  0.00133812337  2.31034761e-05  5.4648155e-05
 19.35  0.00118381879  2.4846042e-05  4.3168125e-05
 19.4  0.00116989667  5.41322705e-05  4.42913038e-05
 19.45  0.00115399433  1.77046896e-05  4.13527486e-05
 19.5  0.00115696526  2.80532718e-05  2.81083647e-05
 19.55  0.00132105086  4.04921547e-05  2.35582669e-05
 19.6  0.000462275484  3.52474931e-05  2.18125299e-05
 19.65  0.000367387905  5.26719692e-05  2.26159409e-05
 19.7  4.94729125e-05  1.85187576e-06  2.60539218e-05
 19.75  9.51275818e-05  5.67805384e-06  2.2336096e-05
 19.8  0.000550150946  3.5213569e-05  1.8434271e-05
 19.85  0.000357996836  3.93534055e-05  2.40045653e-05
 19.9  0.000460853505  2.80074994e-05  1.4177165e-05
 19.95  0.000308148279  2.80531522e-05  1.06756499e-05
 20  5.96939692e-05  3.74061096e-06  6.56731173e-06
 20.05  0.000142958892  8.94773663e-07  4.02405929e-06
 20.1  0.000162201715  9.24892242e-06  6.20127316e-06
 20.15  0.000309691394  1.9497064e-05  9.10441783e-06
 20.2  0.000697513586  3.81099644e-05  1.90336151e-05
 20.25  0.000896743285  4.50374098e-05  3.36463873e-05
 20.3  0.00122990146  0.000188572412  5.80657149e-05
 20.35  0.00234459797  0.000205653243  6.72972963e-05
 20.4  0.00515423039  0.000957358108  0.000131958365
 20.45  0.007082305  0.00119705052  0.00015512095
 20.5  0.00728247325  0.00150681494  0.000234978917
 20.55  0.0032031486  0.000489498845  9.19489611e-05
 20.6  0.00432777089  0.000630876488  0.000151798844
 20.65  0.00558907651  0.000918229891  0.000177309483
 20.7  0.0205314838  0.00846731252  0.000582100951
 20.75  0.0261636309  0.00854472048  0.000561107443
 20.8  0.012195577  0.00576171208  0.000431794534
 20.85  0.00841801027  0.00208558308  0.000265544578
 20.9  0.00915130524  0.00235400963  0.000311960791
 20.95  0.0350029868  0.00945218553  0.00100030908
 21  0.132500907  0.0979611492  0.00434109186
 21.05  0.0904031213  0.048068623  0.0022587721
 21.1  0.0528119105  0.0217876993  0.00175071386
 21.15  0.0411610243  0.0233121726  0.00111795618
 21.2  0.0283126148  0.0181505764  0.000912497882
 21.25  0.0152974965  0.00389192946  0.000581633944
 21.3  0.0299634051  0.015142407  0.00159447363
 21.35  0.0551383239  0.0347553436  0.00183467144
 21.4  0.0325540555  0.0262572231  0.00209575458
 21.45  0.0236988172  0.0158215958  0.000980275102
 21.5  0.0120044694  0.0053041334  0.00162895653
 21.55  0.0104688943  0.00610310225  0.00148267184
 21.6  0.012094646  0.0100058457  0.00113176862
 21.65  0.0068966091  0.00127962245  0.000183358205
 21.7  0.00612652026  0.00245308327  0.00020783932
 21.75  0.00657529445  0.00170494734  0.000222043014
 21.8  0.00639634946  0.00156806  0.000257838966
 21.85  0.00594872843  0.00108010649  0.000167902375
 21.9  0.00534501927  0.00115631489  0.000211992324
 21.95  0.00390012203  0.000599527481  0.000202358936
 22  0.005026939  0.000763961882  0.000257128663
 22.05  0.00535731802  0.00098183025  0.000150159268
 22.1  0.00548592131  0.000760343889  0.000156263921
 22.15  0.00555278919  0.000924743577  0.000154834075
 22.2  0.00550188747  0.000906588514  0.000228864931
 22.25  0.00455080334  0.000889639689  0.000145536989
 22.3  0.00377865964  0.000668666987  0.000132859796
 22.35  0.00527566531  0.000759322906  0.000148679791
 22.4  0.00566603202  0.00100871576  0.000160639539
 22.45  0.0029290111  0.000371340665  0.000141404744
 22.5  0.0038555084  0.000654788039  0.00024855219
 22.55  0.00488976356  0.000882435942  0.000247618877
 22.6  0.00890928615  0.0017905898  0.000329803186
 22.65  0.00615339776  0.00153269973  0.000292981792
 22.7  0.010248035  0.00355021242  0.000486285636
 22.75  0.00904073652  0.00439818837  0.000401464665
 22.8  0.0176064701  0.0067917863  0.00206059181
 22.85  0.0383965051  0.0241806469  0.00212308839
 22.9  0.0129778307  0.007010555  0.00158632789
 22.95  0.0238774287  0.00543949783  0.00203580816
 23  0.00593844302  0.00143972253  0.00143908816
 23.05  0.00835395272  0.00162992122  0.002752266
 23.1 -0 -0 -0
 23.15 -0 -0 -0
 23.2 -0 -0 -0
 23.25 -0 -0 -0
 23.3 -0 -0 -0
 23.35 -0 -0 -0
 23.4 -0 -0 -0
 23.45  0.000696637867  0.000155766262  0.000180357034
 23.5 -0 -0 -0
 23.55 -0 -0 -0
 23.6 -0 -0 -0
 23.65  0.00105752692  0.000315850858  0.00140735973
 23.7  0.000158219982  6.57639687e-06  0.000139701711
 23.75  0.000270234128  2.37755902e-05  2.97881301e-05
 23.8  nan  nan  nan
