# X (m) TKE_avg epsilon_turb_avg epsilon_avg
 18.05  0.000229942183  4.80883301e-06  1.46312467e-05
 18.1  0.000215622382  4.313779e-06  1.21919529e-05
 18.15  0.00019785412  4.33209675e-06  1.1218762e-05
 18.2  0.000182875068  3.87069667e-06  1.05668307e-05
 18.25  0.000210928951  4.75659743e-06  9.76998281e-06
 18.3  0.000148721793  3.2181847e-06  8.50890678e-06
 18.35  0.00014697517  5.23375181e-06  7.61512179e-06
 18.4  8.69683303e-05  8.58421278e-07  7.40004257e-06
 18.45  0.000123801515  2.24868516e-06  6.43999e-06
 18.5  4.26357112e-06  3.15432302e-07  5.33290238e-06
 18.55  1.1645433e-05  1.13321746e-06  4.20607046e-06
 18.6  6.16093321e-05  1.3112019e-06  3.8763022e-06
 18.65  5.26475905e-05  1.66185079e-06  4.34307761e-06
 18.7  4.99845372e-05  1.01009559e-06  5.52407496e-06
 18.75  3.79896814e-05  9.92228401e-07  5.94352792e-06
 18.8  3.60724727e-05  1.53047381e-06  7.84132876e-06
 18.85  2.45827521e-05  5.87198135e-07  1.17812011e-05
 18.9  2.03839794e-05  6.11199825e-07  1.34555474e-05
 18.95  1.83378888e-05  5.48968329e-07  1.30152013e-05
 19  1.83302228e-05  6.02848698e-07  1.63516415e-05
 19.05  8.55633748e-06  4.58559601e-07  2.44260481e-05
 19.1  8.56616994e-06  6.29977402e-07  2.03052261e-05
 19.15  6.13352026e-05  1.39090411e-06  3.27180075e-05
 19.2  9.51459432e-05  1.87165306e-06  3.23320758e-05
 19.25  0.000294436716  4.91958505e-06  3.51031707e-05
 19.3  0.000413692658  6.18378103e-06  4.21003766e-05
 19.35  0.000451950609  8.90353549e-06  4.01017217e-05
 19.4  0.000516827121  2.21354334e-05  3.49463548e-05
 19.45  0.000548372973  8.26661123e-06  3.55083397e-05
 19.5  0.00052425397  1.20838078e-05  2.45892897e-05
 19.55  0.000554055739  1.82623947e-05  3.6435237e-05
 19.6  0.000214549582  1.940164e-05  4.81796202e-05
 19.65  0.000229011951  2.48525798e-05  4.86351901e-05
 19.7  0.000110014385  2.61013276e-06  7.35234609e-05
 19.75  9.50255001e-05  1.93018811e-06  0.000107171599
 19.8  0.000253147476  1.0482112e-05  0.000108170011
 19.85  0.000329226133  1.9624908e-05  0.000143474253
 19.9  0.000603865787  3.29516243e-05  0.000130185837
 19.95  0.000619018794  4.57248382e-05  0.000191887396
 20  0.000217759182  1.41471287e-05  0.000183267366
 20.05  0.000639241534  2.86297983e-05  7.04169234e-05
 20.1  0.00102202029  4.9500322e-05  7.99227487e-05
 20.15  0.00143638976  0.000147554361  6.79478285e-05
 20.2  0.00111745821  0.000145837791  5.3411494e-05
 20.25  0.00140558889  0.000236554869  5.30586035e-05
 20.3  0.00156060901  0.000419080678  4.57278237e-05
 20.35  0.00282680582  0.000774701244  8.37199068e-05
 20.4  0.00272003215  0.000287268162  5.76622285e-05
 20.45  0.00233545205  0.00135193645  7.02125854e-05
 20.5  0.0023871365  0.000344975074  6.53385606e-05
 20.55  0.00268509625  0.000234210946  6.70244753e-05
 20.6  0.00340621541  0.000351322601  7.23278249e-05
 20.65  0.00469179651  0.000844540712  8.59141e-05
 20.7  0.0093096671  0.00137409154  0.000232382578
 20.75  0.00672257987  0.00125721545  0.00016253656
 20.8  0.0068352162  0.00175860628  0.000303291138
 20.85  0.00860934799  0.0022104858  0.00027514649
 20.9  0.00464402723  0.00117835084  0.000127572142
 20.95  0.00764070671  0.00159362366  0.000181086896
 21  0.0183997568  0.0042891762  0.000423686278
 21.05  0.0258854022  0.00664296081  0.000647651978
 21.1  0.0281690647  0.00794562321  0.000637590147
 21.15  0.0227359032  0.00359728434  0.000506921778
 21.2  0.0272384773  0.00784332187  0.000557572478
 21.25  0.020088114  0.00651411072  0.000613141611
 21.3  0.0113290332  0.00562278926  0.000333126457
 21.35  0.00845455062  0.00316964801  0.000319241918
 21.4  0.00661226246  0.00204591071  0.000190911024
 21.45  0.0104851861  0.00379997607  0.000290055741
 21.5  0.0106954321  0.00439897339  0.000354400572
 21.55  0.013863029  0.00400911278  0.000371523947
 21.6  0.016219912  0.0056118441  0.00042058116
 21.65  0.0215552371  0.0101386626  0.000583497384
 21.7  0.0324433346  0.021074372  0.000900532795
 21.75  0.0205283594  0.00736191803  0.000627773319
 21.8  0.0606646188  0.0300481573  0.00247985283
 21.85  0.070698874  0.0467738933  0.00273474015
 21.9  0.134417544  0.0967240154  0.00548669115
 21.95  0.0354947303  0.0186756939  0.00172161693
 22  0.0221730206  0.0126425104  0.0017836943
 22.05  0.0202996695  0.0202868918  0.00204886858
 22.1  0.00775848859  0.00141447313  0.000689418877
 22.15  0.00445814512  0.00134072479  0.000337480606
 22.2  0.00421031178  0.000498528134  0.000195206049
 22.25  0.00487868832  0.000329861259  0.000212297484
 22.3  0.00444220409  0.000786826058  0.00029207086
 22.35  0.00383699743  0.000547778711  0.000261742407
 22.4  0.00408850939  0.000533857404  0.000239407745
 22.45  0.00423395352  0.000490839614  0.00021629151
 22.5  0.00294841838  0.000419014398  0.000247831004
 22.55  0.00311800958  0.00034673803  0.00013829897
 22.6  0.00316616228  0.000536814393  0.00013172885
 22.65  0.00319545515  0.000530528922  0.000115381826
 22.7  0.00511493714  0.0006692326  0.000165390427
 22.75  0.00468523489  0.000496446865  0.000163736987
 22.8  0.00339627704  0.000408130576  0.000171611126
 22.85  0.00347081521  0.000304143718  0.000143292478
 22.9  0.00457172387  0.000582976081  0.000137410248
 22.95  0.00333050078  0.000476109356  0.000170300726
 23  0.00379280175  0.000423911858  0.000144754358
 23.05  0.0038353395  0.00059498236  0.000271879085
 23.1  0.00582404007  0.000894038607  0.000279267266
 23.15  0.00677988834  0.00218549849  0.000531334058
 23.2  0.00766029902  0.00144460544  0.00070763989
 23.25  0.00620688876  0.00213089091  0.000987746319
 23.3 -0 -0 -0
 23.35 -0 -0 -0
 23.4 -0 -0 -0
 23.45  0.00125012145  0.000294983499  0.00080254179
 23.5 -0 -0 -0
 23.55 -0 -0 -0
 23.6 -0 -0 -0
 23.65 -0 -0 -0
 23.7  0.0002220022  1.40727605e-05  0.000371707188
 23.75  0.000300128766  3.87835985e-05  4.43016619e-05
 23.8  nan  nan  nan
