# X (m) TKE_avg epsilon_turb_avg epsilon_avg
 18.05  0.000185928301  2.82198019e-06  1.95965918e-05
 18.1  0.000224984704  3.33754493e-06  2.04247784e-05
 18.15  0.000269800301  4.43200801e-06  2.0704008e-05
 18.2  0.000308455229  5.16781193e-06  2.37262851e-05
 18.25  0.000451677064  8.50980327e-06  2.2015761e-05
 18.3  0.000398149116  7.00263234e-06  3.02934142e-05
 18.35  0.000508903826  1.64747321e-05  2.25335599e-05
 18.4  0.000351246095  2.67020889e-06  2.858842e-05
 18.45  0.000633694749  1.05106544e-05  2.38880053e-05
 18.5  5.03925457e-06  4.55113892e-07  2.69833776e-05
 18.55  4.83307233e-05  2.84445156e-06  1.76106429e-05
 18.6  0.000535797479  9.16126734e-06  2.45170248e-05
 18.65  0.000532719685  1.35981833e-05  1.58092826e-05
 18.7  0.000585587655  9.68323282e-06  1.84455662e-05
 18.75  0.000501784781  1.21301822e-05  1.4590643e-05
 18.8  0.000597470235  2.7533727e-05  1.37973459e-05
 18.85  0.000448803009  8.03331641e-06  1.31664548e-05
 18.9  0.000423221063  8.77658792e-06  9.80354977e-06
 18.95  0.000409789388  8.7577106e-06  1.12756729e-05
 19  0.000489076964  9.35844599e-06  1.05711278e-05
 19.05  5.15651037e-05  3.125687e-06  1.13574124e-05
 19.1  1.04421323e-05  2.12259657e-06  1.05020522e-05
 19.15  0.000301333748  6.21790638e-06  1.11981874e-05
 19.2  0.000268386348  5.82359743e-06  1.25825867e-05
 19.25  0.000458219641  9.20322703e-06  1.39622948e-05
 19.3  0.000421353579  1.07328848e-05  1.58386278e-05
 19.35  0.000280290429  8.17391662e-06  1.51649989e-05
 19.4  0.00019573202  9.91588575e-06  1.57938407e-05
 19.45  0.000109197478  2.61765707e-06  1.56006192e-05
 19.5  6.40443406e-05  2.28885877e-06  1.91637879e-05
 19.55  6.11691525e-05  3.08570734e-06  2.27304714e-05
 19.6  4.20178669e-05  2.70832923e-06  2.17686775e-05
 19.65  6.1422586e-05  5.69835585e-06  6.36899416e-05
 19.7  7.03501904e-05  6.01286328e-05  6.06052094e-05
 19.75  8.60853299e-05  1.37359098e-05  5.77484261e-05
 19.8  0.00031900689  2.00862164e-05  6.76001851e-05
 19.85  0.000310590753  2.21483426e-05  7.00146974e-05
 19.9  0.000561683869  3.05211378e-05  8.09080429e-05
 19.95  0.000527917143  3.93714065e-05  0.000129138412
 20  0.000120501165  1.15582539e-05  0.000282779251
 20.05  0.000332819506  3.53488811e-06  0.000185831163
 20.1  0.00115819658  8.40633592e-05  0.000306269236
 20.15  0.00128880635  7.14981145e-05  0.000317342136
 20.2  0.00171287679  0.000159509788  0.00015924965
 20.25  0.00197115893  0.000173648622  0.000117400529
 20.3  0.00151501217  0.000268498561  8.96517979e-05
 20.35  0.00174580034  0.000229002713  0.000112900594
 20.4  0.00235937041  0.000398162528  0.000122495047
 20.45  0.00239794724  0.000483929465  0.000141515393
 20.5  0.002734486  0.00027369306  0.00013866707
 20.55  0.00402668768  0.00038245405  0.000140290448
 20.6  0.0060272851  0.000715026487  0.000145726687
 20.65  0.00607128742  0.000886059322  0.000171977291
 20.7  0.0042703321  0.000568795474  0.000231489657
 20.75  0.00565455984  0.00105802675  0.000231532449
 20.8  0.00512045642  0.000747494217  0.000158558668
 20.85  0.00546362388  0.00145102281  0.000235887351
 20.9  0.00956547246  0.00272839939  0.000467179406
 20.95  0.00869862173  0.00227806915  0.000227639511
 21  0.013129248  0.00333930503  0.000474786918
 21.05  0.0115125835  0.00325590855  0.000348774891
 21.1  0.0115366461  0.00202664665  0.000300345273
 21.15  0.00672028367  0.00134029833  0.000301549914
 21.2  0.00624406702  0.000894000183  0.0001645215
 21.25  0.00681367756  0.000995975502  0.000209693905
 21.3  0.00345532989  0.00066789383  0.000149991548
 21.35  0.00608397432  0.00110318898  0.000360704211
 21.4  0.011193517  0.00209256479  0.00028430232
 21.45  0.0104371992  0.00163045877  0.000228300879
 21.5  0.00787972243  0.00172216632  0.00023073618
 21.55  0.0070923517  0.00143653132  0.000197405551
 21.6  0.0105109004  0.00366787385  0.00027483979
 21.65  0.0133359596  0.0031151588  0.000446583947
 21.7  0.0109820262  0.00752232963  0.000326006708
 21.75  0.0205188466  0.00659367411  0.000582029599
 21.8  0.0191550743  0.00489894912  0.000403808194
 21.85  0.0271707903  0.00909127509  0.000787237402
 21.9  0.0356446035  0.0151657643  0.00116603384
 21.95  0.0245882776  0.0135399188  0.000930662686
 22  0.02683277  0.00834397792  0.00125493502
 22.05  0.0216799808  0.00932228014  0.0010313952
 22.1  0.0253728724  0.00984088456  0.000775503521
 22.15  0.0285520386  0.00672400709  0.000479613485
 22.2  0.0120636163  0.00574739697  0.000458561915
 22.25  0.0101168779  0.00463717129  0.000430128776
 22.3  0.0091559524  0.00203372147  0.000472440885
 22.35  0.00657546536  0.00116642803  0.000693695573
 22.4  0.00574092996  0.000601427213  0.000478838623
 22.45  0.00473713089  0.000460544423  0.000637754535
 22.5  0.00348581422  0.000323765204  0.000998917473
 22.55  0.00277098652  0.000201355747  0.000749724189
 22.6  0.00247613534  0.000365816366  0.000298630695
 22.65  0.00306638103  0.000371732894  0.000124086121
 22.7  0.00357874482  0.000442737916  0.000170261601
 22.75  0.00240686406  0.000286004083  0.00029123645
 22.8  0.00300191782  0.00034346548  0.000442371186
 22.85  0.00298087807  0.00019567481  0.00015845486
 22.9  0.00333459201  0.000346170649  0.000308236754
 22.95  0.00310059758  0.000222780196  0.000184516828
 23  0.0036327652  0.000727847558  0.000426792935
 23.05  0.00440228261  0.000647736959  0.00157065517
 23.1  0.00659243619  0.00086854556  0.00236756845
 23.15  0.00619758997  0.00225667865  0.00468919499
 23.2 -0 -0 -0
 23.25 -0 -0 -0
 23.3 -0 -0 -0
 23.35 -0 -0 -0
 23.4 -0 -0 -0
 23.45  0.000929434553  0.000179119798  0.000264112557
 23.5 -0 -0 -0
 23.55 -0 -0 -0
 23.6 -0 -0 -0
 23.65 -0 -0 -0
 23.7  0.000273145401  2.02603222e-05  0.000179176103
 23.75  0.000314337752  4.24215207e-05  4.54556967e-05
 23.8  0.000370402846  5.21651657e-05  3.87736809e-05
