# X (m) TKE_avg epsilon_turb_pw_avg_Y_avg epsilon_pw_avg_Y_avg
 33.0296  7.26414311e-05  2.681996e-06  1.17672974e-06
 33.0593  6.89368749e-05  1.6631082e-06  1.10607883e-06
 33.0889  8.34179937e-05  8.43021264e-07  1.16609872e-06
 33.1185  6.62685735e-05  6.03538662e-07  1.23027118e-06
 33.1482  4.3365091e-05  5.64639737e-07  1.91693798e-06
 33.1778  5.15471847e-05  9.30702338e-07  6.28782232e-06
 33.2074  5.42199716e-05  1.48614891e-06  5.64544498e-06
 33.2371  7.41489346e-05  4.45118846e-06  1.45107654e-05
 33.2667  6.69664266e-05  4.98527191e-06  2.23396828e-05
 33.2963  6.54356354e-05  2.83112183e-06  1.74237972e-05
 33.326  4.76906642e-05  1.89384474e-06  1.37668475e-05
 33.3556  5.17651933e-05  1.74320577e-06  1.57265808e-05
 33.3852  4.69815756e-05  3.34782244e-06  1.9738465e-05
 33.4149  6.54978888e-05  6.96599084e-06  2.96177043e-05
 33.4445  6.06966137e-05  6.47790482e-06  3.02248647e-05
 33.4741  3.77249e-05  5.62009717e-06  2.96020982e-05
 33.5038  4.99660107e-05  5.35236121e-06  3.85269565e-05
 33.5334  8.59083924e-05  7.99943873e-06  4.43354446e-05
 33.563  4.29455883e-05  7.03935587e-06  2.83503871e-05
 33.5927  4.38770341e-05  4.54332038e-06  1.8244902e-05
 33.6223  3.41338951e-05  2.99174418e-06  1.33612283e-05
 33.6519  3.52267098e-05  1.96457389e-06  8.35983195e-06
 33.6816  3.20055304e-05  4.8493043e-06  1.28734173e-05
 33.7112  3.18401003e-05  5.80849956e-06  1.15575832e-05
 33.7408  3.24770781e-05  9.3834324e-06  1.09550014e-05
 33.7705  3.17074189e-05  8.70860741e-06  1.10254473e-05
 33.8001  2.9730357e-05  5.0816387e-06  8.20750298e-06
 33.8297  2.82899189e-05  4.54564503e-06  9.28645265e-06
 33.8594  3.0056203e-05  5.86058765e-06  9.49795519e-06
 33.889  2.97591464e-05  6.72425349e-06  1.0116838e-05
 33.9186  3.23355208e-05  4.4341406e-06  6.98334889e-06
 33.9483  3.26107519e-05  1.4475486e-06  3.62182163e-06
 33.9779  3.45561488e-05  2.90395998e-06  5.7882346e-06
 34.0075  3.48708823e-05  6.18787962e-06  8.84244498e-06
 34.0372  3.98431179e-05  7.06846449e-06  1.01683276e-05
 34.0668  4.23477116e-05  2.33211134e-06  4.58693497e-06
 34.0964  4.61705956e-05  2.62486648e-06  4.55239492e-06
 34.1261  5.58065438e-05  1.84015953e-06  5.03624632e-06
 34.1557  6.73631644e-05  5.85799621e-06  9.20172861e-06
 34.1853  6.74915122e-05  6.64902782e-06  7.87748716e-06
 34.215  6.0895418e-05  6.17655951e-06  5.53911449e-06
 34.2446  6.35889275e-05  6.48731377e-06  4.08141588e-06
 34.2742  7.34761442e-05  4.2099543e-06  3.57411784e-06
 34.3039  9.78052369e-05  4.55696884e-06  4.68956315e-06
 34.3335  0.000113311217  5.44230545e-06  5.93294233e-06
 34.3631  0.000136548465  1.08069745e-05  7.48693627e-06
 34.3928  0.000158757583  2.34575734e-05  8.22453656e-06
 34.4224  0.000148905277  1.26149501e-05  5.32698772e-06
 34.452  0.000154143942  8.41885906e-06  4.78647111e-06
 34.4817  0.000178518806  9.0452052e-06  4.94409377e-06
 34.5113  0.000202128204  1.26621763e-05  5.35763385e-06
 34.5409  0.000189351172  1.06562579e-05  5.40161308e-06
 34.5706  0.000192630566  9.29731615e-06  5.08474439e-06
 34.6002  0.000192199424  9.21140951e-06  5.17848039e-06
 34.6298  0.000172354314  9.11604143e-06  4.96779321e-06
 34.6595  0.000169216335  9.7827408e-06  5.1966739e-06
 34.6891  0.000170503338  8.95581156e-06  4.93216283e-06
 34.7187  0.000169609992  7.75776404e-06  4.7952576e-06
 34.7484  0.000169991675  6.87048374e-06  4.89927512e-06
 34.778  0.000182106426  7.39069524e-06  5.22939665e-06
 34.8076  0.000190112235  9.41845362e-06  5.81200472e-06
 34.8373  0.000199757113  1.16584661e-05  7.2288279e-06
 34.8669  0.00020732986  1.08728113e-05  8.69181607e-06
 34.8965  0.00021551869  9.20000976e-06  9.77445145e-06
 34.9262  0.000223517515  8.46729896e-06  1.09090716e-05
 34.9558  0.000217656565  1.41017003e-05  2.08361652e-05
 34.9854  0.000233326721  1.91129775e-05  1.95434312e-05
 35.0151  0.000201915618  1.45717117e-05  1.12661432e-05
 35.0447  0.000182995212  1.40217774e-05  1.19835814e-05
 35.0743  0.000202874611  1.2408675e-05  9.81322541e-06
 35.104  0.000215634908  1.23277613e-05  1.09341848e-05
 35.1336  0.00022174016  1.69676177e-05  1.79379442e-05
 35.1632  0.000232514067  1.22970049e-05  1.3604838e-05
 35.1929  0.000245247564  1.29643918e-05  1.77842199e-05
 35.2225  0.000254468283  1.19183349e-05  1.64560362e-05
 35.2521  0.000264917701  1.62656429e-05  2.17740211e-05
 35.2818  0.000255589787  1.79763383e-05  3.00828555e-05
 35.3114  0.000254390426  1.15609244e-05  2.40504176e-05
 35.341  0.000245728945  9.9823543e-06  2.45762211e-05
 35.3707  0.000255341518  1.6013254e-05  4.18261107e-05
 35.4003  0.000278099807  1.55950481e-05  4.37186824e-05
 35.4299  0.000274586782  1.26471877e-05  3.87092704e-05
 35.4596  0.000270922746  1.65705729e-05  4.92581073e-05
 35.4892  0.000261570433  1.37998543e-05  4.13351481e-05
 35.5188  0.000326891341  1.42159707e-05  5.00701985e-05
 35.5485  0.000368454949  1.93068564e-05  5.21129971e-05
 35.5781  0.000347401761  1.84443032e-05  4.75122643e-05
 35.6077  0.000367564074  1.99328468e-05  5.40771253e-05
 35.6374  0.000369559987  1.5694377e-05  5.01797194e-05
 35.667  0.000384001981  1.94913237e-05  5.93701184e-05
 35.6966  0.000404928211  1.92401834e-05  6.15619399e-05
 35.7263  0.000404938395  2.17867507e-05  6.46733098e-05
 35.7559  0.000392509177  2.26486592e-05  6.54677889e-05
 35.7855  0.000373871476  1.83571063e-05  5.70687245e-05
 35.8152  0.000355205776  1.61880422e-05  5.34783345e-05
 35.8448  0.000338685465  1.72785089e-05  5.68167863e-05
 35.8744  0.000336472785  1.41621303e-05  5.61993189e-05
 35.9041  0.0003413804  1.60419525e-05  6.14211554e-05
 35.9337  0.000346848596  1.91667878e-05  7.14310077e-05
 35.9633  0.000369953467  2.38840523e-05  7.3096505e-05
 35.993  0.000408106003  2.92556721e-05  6.683174e-05
 36.0226  0.000400905819  2.98331357e-05  5.35717118e-05
 36.0523  0.00044193146  3.19220366e-05  5.32091766e-05
 36.0819  0.000384091588  2.31760235e-05  5.07616107e-05
 36.1115  0.000320911237  1.72649139e-05  4.37665982e-05
 36.1412  0.000373756861  2.14217603e-05  4.03426248e-05
 36.1708  0.000399997661  2.71397946e-05  3.31206481e-05
 36.2004  0.000398099847  3.21930965e-05  2.80902526e-05
 36.2301  0.000394074857  3.09650531e-05  2.05129476e-05
 36.2597  0.000372461293  2.47338603e-05  1.58735245e-05
 36.2893  0.000382828289  2.59306631e-05  1.39875547e-05
 36.319  0.000416595848  3.39222696e-05  1.46499959e-05
 36.3486  0.000411601918  3.43359545e-05  1.19515057e-05
 36.3782  0.000416660936  2.46152928e-05  9.98240979e-06
 36.4079  0.000419497625  2.02890805e-05  8.49198452e-06
 36.4375  0.000395970259  1.74191516e-05  7.46680346e-06
 36.4671  0.000402569237  1.95974344e-05  1.17559018e-05
 36.4968  0.000387184798  2.11082926e-05  2.01517147e-05
 36.5264  0.00041328515  1.79378907e-05  1.24418817e-05
 36.556  0.000437687811  1.71273313e-05  1.09635602e-05
 36.5857  0.000428603368  2.37237243e-05  1.73285363e-05
 36.6153  0.000451286246  2.96742897e-05  2.08915292e-05
 36.6449  0.00044190453  3.85395059e-05  2.65993199e-05
 36.6746  0.00046447094  3.94047105e-05  2.43245069e-05
 36.7042  0.00046501764  3.15421681e-05  2.47873138e-05
 36.7338  0.000474389668  2.69792178e-05  1.30133849e-05
 36.7635  0.000442912234  3.74930205e-05  1.55859908e-05
 36.7931  0.000427585225  4.75072864e-05  2.31809535e-05
 36.8227  0.000403694727  4.66819918e-05  2.36949788e-05
 36.8524  0.000377850619  2.82070825e-05  1.35490579e-05
 36.882  0.000379137544  3.36795205e-05  2.60197806e-05
 36.9116  0.000385951876  5.26963033e-05  5.2053518e-05
 36.9413  0.00038699816  2.93471826e-05  2.24024549e-05
 36.9709  0.000385754018  3.53042e-05  2.50250464e-05
 37.0005  0.000489087866  4.86965752e-05  4.52778574e-05
 37.0302  0.000633599191  5.23811438e-05  4.59046798e-05
 37.0598  0.000548551089  4.08230733e-05  3.69161054e-05
 37.0894  0.000499476858  4.71557606e-05  3.64254304e-05
 37.1191  0.000531215587  4.61637865e-05  2.35044264e-05
 37.1487  0.00060117843  5.95968797e-05  3.06858226e-05
 37.1783  0.000648160872  5.48901474e-05  2.18699176e-05
 37.208  0.000581642936  3.50421196e-05  2.15854532e-05
 37.2376  0.000534270245  3.14812531e-05  2.35500558e-05
 37.2672  0.000584604476  3.36817308e-05  2.56514565e-05
 37.2969  0.000613856518  3.20998748e-05  2.69635095e-05
 37.3265  0.000554704773  3.41863891e-05  3.0036219e-05
 37.3561  0.000479314805  2.29366325e-05  2.11863648e-05
 37.3858  0.000420001558  1.8272821e-05  1.68931719e-05
 37.4154  0.000371113822  1.06594438e-05  1.23147341e-05
 37.445  0.000344410309  8.85097583e-06  1.16976235e-05
 37.4747  0.000351008437  1.25294968e-05  1.33985501e-05
 37.5043  0.000302114036  1.25811201e-05  1.42798681e-05
 37.5339  0.00028321333  1.11146457e-05  1.3633133e-05
 37.5636  0.000296660186  1.16778831e-05  1.38763963e-05
 37.5932  0.000352165292  1.13086853e-05  1.45746156e-05
 37.6228  0.000409111366  1.32903187e-05  1.86107618e-05
 37.6525  0.000411475198  1.66157277e-05  2.10484911e-05
 37.6821  0.000443381864  1.18846025e-05  2.17624518e-05
 37.7117  0.000461877076  1.15791368e-05  2.24514711e-05
 37.7414  0.000452865398  1.79678413e-05  2.57493319e-05
 37.771  0.000439742868  3.90189157e-05  4.86040008e-05
 37.8006  0.000400073023  6.46566889e-05  5.9280656e-05
 37.8303  0.000361495517  5.51272548e-05  5.79374085e-05
 37.8599  0.00036531274  2.83991035e-05  4.00998026e-05
 37.8895  0.000382709676  2.37973964e-05  4.83110686e-05
 37.9192  0.000404327425  2.27464822e-05  6.39048036e-05
 37.9488  0.00041246534  1.56439714e-05  3.26981157e-05
 37.9784  0.000438114987  3.40351951e-05  4.50507637e-05
 38.0081  0.0004697693  7.37762053e-05  9.2605797e-05
 38.0377  0.000515882559  0.000110005071  0.000137334413
 38.0673  0.000506901592  6.66080894e-05  8.51950368e-05
 38.097  0.00054248608  7.28592152e-05  9.19583266e-05
 38.1266  0.00051994118  4.87174216e-05  6.22601153e-05
 38.1562  0.000509521228  4.49783906e-05  6.32480889e-05
 38.1859  0.000505381732  3.48990546e-05  5.74760872e-05
 38.2155  0.000549085412  4.98973992e-05  7.67156036e-05
 38.2451  0.000522159067  5.87613513e-05  9.85951007e-05
 38.2748  0.000508739964  3.049561e-05  6.29741194e-05
 38.3044  0.000550841301  3.0627587e-05  6.39501377e-05
 38.334  0.000622818474  3.67541708e-05  6.50278143e-05
 38.3637  0.000682768486  5.77240871e-05  8.31847177e-05
 38.3933  0.000710912323  6.27647828e-05  8.33147269e-05
 38.4229  0.000722961332  4.93872477e-05  7.40004104e-05
 38.4526  0.000785548204  3.11038541e-05  7.63692336e-05
 38.4822  0.000826720437  2.73869641e-05  6.14466689e-05
 38.5118  0.000900343936  2.74929645e-05  6.34799734e-05
 38.5415  0.000884661997  2.73868002e-05  5.81539295e-05
 38.5711  0.00091413831  2.98112363e-05  6.05444464e-05
 38.6007  0.000950684772  2.87413415e-05  5.77840288e-05
 38.6304  0.000970229994  2.77172727e-05  5.62644085e-05
 38.66  0.000926735193  2.25396375e-05  4.98220985e-05
 38.6896  0.000915362937  2.72068269e-05  5.67193384e-05
 38.7193  0.000943183347  4.2750504e-05  6.50777904e-05
 38.7489  0.00111037315  5.31107453e-05  7.30040437e-05
 38.7785  0.00114651432  5.30579788e-05  6.39798379e-05
 38.8082  0.00122614017  5.4244452e-05  6.35480664e-05
 38.8378  0.00129127207  4.97407256e-05  6.42368177e-05
 38.8674  0.00123515919  4.20015245e-05  5.3849434e-05
 38.8971  0.00111907921  4.32534693e-05  5.26943455e-05
 38.9267  0.00103951388  4.98422069e-05  5.33478929e-05
 38.9563  0.00100767122  4.70871815e-05  4.90374448e-05
 38.986  0.00109933439  4.3941918e-05  4.60126284e-05
 39.0156  0.00135248928  5.45817222e-05  5.28876024e-05
 39.0452  0.00145218282  5.76895929e-05  4.4693913e-05
 39.0749  0.00154673952  7.47047728e-05  4.89505714e-05
 39.1045  0.00174417854  9.83786776e-05  5.03826329e-05
 39.1341  0.00211492707  0.000134591265  5.91150463e-05
 39.1638  0.00286939748  0.000201126145  7.89410494e-05
 39.1934  0.00392134355  0.000280813978  7.228214e-05
 39.223  0.00477031938  0.000296838612  7.07070265e-05
 39.2527  0.00538797774  0.000303256508  6.88985718e-05
 39.2823  0.00566776116  0.000361421237  0.000101161463
 39.3119  0.00673556468  0.00034285348  8.13495842e-05
 39.3416  0.00693736968  0.00039784863  0.000112505667
 39.3712  0.00701705267  0.000405864952  9.14982102e-05
 39.4008  0.00736456275  0.000487359822  0.00013860549
 39.4305  0.00861648998  0.000550189342  0.000121887302
 39.4601  0.0101756663  0.000718649696  0.0001235219
 39.4897  0.0108459018  0.000851268905  0.000143579401
 39.5194  0.0118315778  0.00106466041  0.000177099947
 39.549  0.0133019983  0.00133335304  0.00019914043
 39.5786  0.0156384076  0.00180590341  0.000204326801
 39.6083  0.0170070727  0.00194500186  0.00020038776
 39.6379  0.0177637983  0.00187991438  0.000206887781
 39.6675  0.0183474644  0.0020022753  0.000186294302
 39.6972  0.0190826283  0.00231975449  0.000196486532
 39.7268  0.0207388252  0.00211320493  0.000184613107
 39.7564  0.0196345303  0.00232190927  0.000188804494
 39.7861  0.0200203051  0.00294462012  0.000218546466
 39.8157  0.0215992785  0.00389490256  0.000271276085
 39.8453  0.0239308545  0.0053557118  0.0003277256
 39.875  0.0271659586  0.00693544801  0.00042019578
 39.9046  0.0304493397  0.0100402403  0.000522586866
 39.9342  0.0341253554  0.0106000709  0.000556645895
 39.9639  0.0374469644  0.00954222111  0.000548047936
 39.9935  0.0380525064  0.00813314803  0.000569632301
 40.0231  0.0360117582  0.0124247652  0.000703254014
 40.0528  0.0383375532  0.0195789862  0.000806459108
 40.0824  0.0442508735  0.0306988613  0.00111862613
 40.112  0.0487952985  0.0367263775  0.00137793435
 40.1417  0.0569992095  0.0338876037  0.00146952308
 40.1713  0.0515177937  0.030293149  0.00146653928
 40.2009  0.0391410682  0.0200067009  0.00130185703
 40.2306  0.0276380207  0.0119948777  0.00107833911
 40.2602  0.0222312808  0.0106334531  0.00111314407
 40.2898  0.0119347153  0.00542677588  0.00049861715
 40.3195  0.0106097651  0.00445853957  0.000417036499
 40.3491  0.0100569438  0.00328741135  0.000284423663
 40.3787  0.0109949499  0.00353458518  0.000295848476
 40.4084  0.0113363878  0.00377603734  0.00022806364
 40.438  0.00893649294  0.00197525944  0.00016484674
 40.4676  0.00771226709  0.00124351634  0.000136265604
 40.4973  0.00676498753  0.000887247152  0.000130332964
 40.5269  0.00602155314  0.000635438941  8.34775565e-05
 40.5565  0.00569772614  0.000511675222  8.45354611e-05
 40.5862  0.00634616623  0.000587789938  8.83209287e-05
 40.6158  0.00673425836  0.000630516997  0.000139215866
 40.6454  0.00732604273  0.000785099399  0.000150047349
 40.6751  0.00828062565  0.00107158793  0.000166977942
 40.7047  0.00985888536  0.0012826703  0.000186177347
 40.7343  0.00881756699  0.00120012614  0.000200057678
 40.764  0.00861682663  0.00105696656  0.000192688194
 40.7936  0.00889624385  0.00100093407  0.000197484685
 40.8232  0.00912702352  0.00110617643  0.000242435228
 40.8529  0.00950174327  0.00103319436  0.000189257208
 40.8825  0.00985635682  0.00101080352  0.000116953725
 40.9121  0.00990411883  0.000948080447  0.000120076441
 40.9418  0.00991237805  0.000894386566  0.000125086372
 40.9714  0.00984713253  0.000872032033  0.000117475215
 41.001  0.00868952243  0.000994201818  0.000137387524
 41.0307  0.00768015148  0.000901965722  0.000142710402
 41.0603  0.00706834209  0.000856509947  0.000120201855
 41.0899  0.00695494663  0.000920265057  9.81800997e-05
 41.1196  0.00723745508  0.000979417471  0.000121594198
 41.1492  0.00826454351  0.000963216253  0.000132284762
 41.1788  0.00838771756  0.000909893745  0.00014145186
 41.2085  0.0082882746  0.000863913009  0.000140716034
 41.2381  0.00853842941  0.000829847441  0.000128308661
 41.2677  0.00916021725  0.00078719521  0.000117315924
 41.2974  0.00914652299  0.000790333541  0.000124920339
 41.327  0.00982440695  0.000944760613  0.000136569489
 41.3566  0.0107499121  0.00124344461  0.000149758093
 41.3863  0.0110184122  0.00149681133  0.000150759542
 41.4159  0.00964140475  0.00106075195  0.000108699381
 41.4455  0.00922775374  0.00105724948  0.000107476579
 41.4752  0.00920848771  0.00106190028  0.000112063918
 41.5048  0.00923730035  0.00105734388  0.000109838213
 41.5344  0.0084859953  0.000990789911  0.000106832645
 41.5641  0.00774084244  0.00103592318  0.000112520712
 41.5937  0.00654040099  0.000823158661  9.23584451e-05
 41.6233  0.00605644762  0.000616067151  8.07327157e-05
 41.653  0.00685456722  0.000662089061  7.82884167e-05
 41.6826  0.00881884633  0.00138420569  0.000103100913
 41.7122  0.00970925061  0.00124701643  0.000110529215
 41.7419  0.009753542  0.00106463832  0.00010395093
 41.7715  0.00892813676  0.000947590253  9.62120037e-05
 41.8011  0.00722146826  0.000779535556  8.41810423e-05
 41.8308  0.00621358276  0.000586678282  7.49711869e-05
 41.8604  0.00705660216  0.00075909802  7.87892866e-05
 41.89  0.00740254433  0.000917915358  9.43578043e-05
 41.9197  0.00700271537  0.000943415626  0.000100694495
 41.9493  0.00629711614  0.000857970251  9.14185633e-05
 41.9789  0.00558402954  0.00077089387  8.25742882e-05
 42.0086  0.00475207701  0.000638999556  7.03991801e-05
 42.0382  0.00431745477  0.000598966401  6.90816356e-05
 42.0678  0.00443717641  0.000653279081  6.53037248e-05
 42.0975  0.0050621344  0.000777110584  6.35912986e-05
 42.1271  0.00472809126  0.000725073944  6.69821808e-05
 42.1568  0.00520574067  0.000684764691  7.19731978e-05
 42.1864  0.00596425949  0.000773891314  8.04851112e-05
 42.216  0.00678941633  0.00105356016  9.61918613e-05
 42.2457  0.00659643021  0.00119114241  9.28786805e-05
 42.2753  0.00643871898  0.00112352678  9.1331012e-05
 42.3049  0.00699473295  0.00109087464  9.54900729e-05
 42.3346  0.00789086457  0.00145149964  0.000115327217
 42.3642  0.00811780134  0.00212593727  0.000139651659
 42.3938  0.00909014293  0.00233785318  0.0001421885
 42.4235  0.00879331  0.00221760241  0.000156045515
 42.4531  0.00904149209  0.00237664924  0.000173264392
 42.4827  0.00916593993  0.00272276365  0.000183658699
 42.5124  0.00966836632  0.00359828105  0.00021446786
 42.542  0.0105057632  0.00384567113  0.000216701739
 42.5716  0.0117714673  0.00474112459  0.000252151582
 42.6013  0.0110665482  0.00467123853  0.000271996922
 42.6309  0.00971642498  0.0039808243  0.000296059654
 42.6605  0.00952127726  0.00289254997  0.000332316159
 42.6902  0.00833552715  0.0020703053  0.000383600659
 42.7198  0.00764234855  0.00154245666  0.000439172012
 42.7494  0.00668589627  0.00121664135  0.000457064388
 42.7791  0.00490972578  0.00153463822  0.000333253311
 42.8087  0.00391415793  0.000598874668  0.00029944241
 42.8383  0.00284252989  0.000448475719  0.000242218783
 42.868  0.00248137157  0.000312267936  0.000169588918
 42.8976  0.00235686994  0.0002137011  0.000118154795
 42.9272  0.00226469406  0.00020119824  7.81297463e-05
 42.9569  0.00209144077  0.000156986521  5.55615452e-05
 42.9865  0.00221093876  0.000153100548  4.71249001e-05
 43.0161  0.00225054036  0.000146939292  5.73037825e-05
 43.0458  0.00206917752  0.000118939474  7.37865907e-05
 43.0754  0.00219898413  0.000112897643  6.80856192e-05
 43.105  0.00266436929  0.00016574479  9.96741259e-05
 43.1347  0.00248286277  0.000141004212  7.55957362e-05
 43.1643  0.00243702963  0.00015467554  9.62408813e-05
 43.1939  0.00238283305  0.000153194643  9.95366932e-05
 43.2236  0.00225408193  0.000100754446  6.93326035e-05
 43.2532  0.00222410173  9.8842295e-05  7.11217872e-05
 43.2828  0.00240158881  0.000137282623  8.38164947e-05
 43.3125  0.00262310104  0.000167651196  0.000100809187
 43.3421  0.00260911462  0.000147726985  0.000100312672
 43.3717  0.00260850204  0.000139515832  7.89359558e-05
 43.4014  0.00252878965  0.000157157322  0.00010525783
 43.431  0.00244655635  0.000145614229  0.000111951981
 43.4606  0.00235986205  0.000135590002  0.000102440025
 43.4903  0.00260385182  0.000191600538  0.000107910158
 43.5199  0.00310857444  0.000205401396  9.37015541e-05
 43.5495  0.00313566365  0.0002522215  8.66652704e-05
 43.5792  0.00321954131  0.000283620124  9.15666844e-05
 43.6088  0.00323132154  0.000275732931  9.13789899e-05
 43.6384  0.00312177867  0.000277055163  7.75431055e-05
 43.6681  0.00396490746  0.000396006531  9.89943217e-05
 43.6977  0.00470553259  0.00043860588  0.00010082293
 43.7273  0.00496415376  0.000416092908  0.000107988431
 43.757  0.00469833509  0.00033896185  0.00010654114
 43.7866  0.00457176723  0.000378013133  0.000114144715
 43.8162  0.00469161202  0.00035910883  0.000120256479
 43.8459  0.00510190689  0.000412873751  0.000120864645
 43.8755  0.006085874  0.000585620752  0.000133324308
 43.9051  0.0075680852  0.000849208884  0.000158101665
 43.9348  0.00907117501  0.00116834443  0.000193811313
 43.9644  0.00897623906  0.00104616608  0.000204143617
 43.994  0.00896457066  0.000999479394  0.000192299144
 44.0237  0.0087993829  0.00101701002  0.000210334867
 44.0533  0.00720028098  0.000763715991  0.000186545061
 44.0829  0.00752604093  0.000910714116  0.000176560438
 44.1126  0.00848609684  0.0011730782  0.00018140601
 44.1422  0.00850304562  0.00135876598  0.000197267077
 44.1718  0.009139204  0.00180046551  0.000270573404
 44.2015  0.0139589694  0.00292323957  0.000399993393
 44.2311  0.0205920185  0.00651262197  0.000576523604
 44.2607  0.0351324685  0.0129433125  0.000814468902
 44.2904  0.0513037962  0.0243346449  0.00114476216
 44.32  0.0654904643  0.03920659  0.00179964582
 44.3496  0.0778474366  0.0446972884  0.00190421625
 44.3793  0.0830140997  0.0466632474  0.00195951841
 44.4089  0.0892744296  0.0600249999  0.0023888642
 44.4385  0.0964996757  0.0754447392  0.0030254223
 44.4682  0.100419523  0.0671990828  0.00288330112
 44.4978  0.142516757  0.10948737  0.00429334168
 44.5274  0.15750713  0.117669789  0.0056961179
 44.5571  0.143034937  0.137779006  0.00672042216
 44.5867  0.117098655  0.175494693  0.0105086288
 44.6163  0.107879519  0.117146709  0.0165825447
 44.646  0.110183639  0.158131516  0.0360156752
 44.6756  0.103916959  0.22875055  0.0435129908
 44.7052  0.10709701  0.231100159  0.0423647001
 44.7349  0.111783786  0.137333016  0.0278971391
 44.7645  0.232969613  0.197903276  0.029001411
 44.7941  0.225268778  0.300463257  0.0279859082
 44.8238  nan  nan  nan
