# X (m) TKE_avg epsilon_turb_pw_avg_Y_avg epsilon_pw_avg_Y_avg
 33.031  3.39212033e-05  2.53859983e-07  5.91760395e-07
 33.0621  2.9537755e-05  3.75726603e-07  7.63960246e-07
 33.0931  3.3140998e-05  9.74334974e-07  1.20361035e-06
 33.1241  2.56271155e-05  1.04687315e-06  1.15882708e-06
 33.1551  1.61563072e-05  1.14149765e-06  2.3187127e-06
 33.1862  1.70435051e-05  1.07686769e-06  6.78420258e-06
 33.2172  2.27906986e-05  9.42040261e-07  4.12119328e-06
 33.2482  1.91361935e-05  2.34590181e-06  9.53926276e-06
 33.2792  1.67781295e-05  1.64842672e-06  1.12070138e-05
 33.3103  2.68864639e-05  2.44835045e-06  1.53211316e-05
 33.3413  2.80708172e-05  2.47199143e-06  1.67552332e-05
 33.3723  2.63615388e-05  9.38837536e-07  1.34217805e-05
 33.4034  2.71287537e-05  3.38122654e-06  1.90510263e-05
 33.4344  2.44853957e-05  3.59340474e-06  1.62128097e-05
 33.4654  2.15327635e-05  2.8432308e-06  1.14374256e-05
 33.4964  1.84621626e-05  1.70237664e-06  7.07452845e-06
 33.5275  1.40213119e-05  1.70593784e-06  5.53618432e-06
 33.5585  1.51818203e-05  2.54698039e-06  5.83615547e-06
 33.5895  1.58823548e-05  2.88543843e-06  6.18030045e-06
 33.6205  1.62117709e-05  2.55848394e-06  5.78734474e-06
 33.6516  1.6967725e-05  1.14036023e-06  3.42277868e-06
 33.6826  2.04030464e-05  3.25856412e-06  6.76925842e-06
 33.7136  1.58823824e-05  3.34018e-06  4.30385224e-06
 33.7447  1.6564402e-05  2.94401781e-06  4.97192146e-06
 33.7757  1.79484858e-05  2.47300391e-06  5.18033556e-06
 33.8067  1.74292301e-05  1.36522712e-06  4.16839838e-06
 33.8377  1.7268915e-05  7.09321099e-07  3.22010144e-06
 33.8688  1.91014584e-05  1.37603962e-06  4.03774578e-06
 33.8998  2.04946584e-05  1.56996135e-06  4.86357483e-06
 33.9308  2.1885904e-05  1.25884945e-06  5.52326882e-06
 33.9618  2.40323157e-05  1.12444876e-06  4.83054084e-06
 33.9929  2.60012007e-05  1.48653019e-06  4.36307259e-06
 34.0239  2.38990387e-05  1.08347054e-06  3.49886055e-06
 34.0549  2.25666595e-05  7.00297294e-07  3.2532227e-06
 34.0859  2.24493068e-05  8.13179644e-07  4.04526689e-06
 34.117  3.07103539e-05  9.290795e-07  4.66269593e-06
 34.148  3.8857115e-05  9.68686001e-07  5.33644822e-06
 34.179  4.50790726e-05  1.37729783e-06  5.99244246e-06
 34.2101  4.54847027e-05  2.43746536e-06  7.20379191e-06
 34.2411  4.62379498e-05  2.98864775e-06  7.00245884e-06
 34.2721  4.79660395e-05  3.02176978e-06  1.05432777e-05
 34.3031  4.52232252e-05  2.74362006e-06  1.0155683e-05
 34.3342  4.76784042e-05  1.98700884e-06  7.58396832e-06
 34.3652  4.48894183e-05  2.51571806e-06  8.63790775e-06
 34.3962  5.28916392e-05  4.57434816e-06  1.17239588e-05
 34.4272  5.20272339e-05  2.62070957e-06  9.63091324e-06
 34.4583  6.17634085e-05  2.55750684e-06  1.04579418e-05
 34.4893  6.86993707e-05  6.52048754e-06  1.54821257e-05
 34.5203  6.85681174e-05  6.44899719e-06  1.4410605e-05
 34.5514  5.72185919e-05  4.47566372e-06  1.07498756e-05
 34.5824  6.51947712e-05  3.85732717e-06  9.77353062e-06
 34.6134  7.38160673e-05  3.62616425e-06  9.18662371e-06
 34.6444  8.013058e-05  3.41015182e-06  9.36562479e-06
 34.6755  8.3222998e-05  3.05086765e-06  9.77236839e-06
 34.7065  8.86359862e-05  2.8412658e-06  9.61498612e-06
 34.7375  0.000101307825  2.90044137e-06  9.74951566e-06
 34.7685  0.00011169939  2.61179909e-06  9.64682441e-06
 34.7996  0.000115168705  2.76299732e-06  9.50524022e-06
 34.8306  0.000117643351  4.25109903e-06  1.42241321e-05
 34.8616  0.000135615961  5.87825848e-06  1.74216809e-05
 34.8927  0.000153784038  1.2800894e-05  3.35860841e-05
 34.9237  0.000168671728  1.5833054e-05  3.64428291e-05
 34.9547  0.000172536856  1.76194788e-05  3.60807635e-05
 34.9857  0.00019088082  1.37878065e-05  3.38445718e-05
 35.0168  0.000189295114  8.11427596e-06  2.65644368e-05
 35.0478  0.000213459472  1.13789878e-05  3.53020608e-05
 35.0788  0.000212527365  8.99906862e-06  3.39319752e-05
 35.1098  0.000259973074  1.21909772e-05  4.96779156e-05
 35.1409  0.000277336927  1.69254241e-05  6.32336357e-05
 35.1719  0.000329966903  1.30560394e-05  6.33843096e-05
 35.2029  0.000349854173  1.55225825e-05  6.79167017e-05
 35.234  0.000361427591  1.84499252e-05  7.5687502e-05
 35.265  0.000359708568  1.68327281e-05  7.83289812e-05
 35.296  0.000358138529  1.88012026e-05  8.32053591e-05
 35.327  0.000368278269  1.96531916e-05  7.86362182e-05
 35.3581  0.000353123686  1.81580063e-05  7.31170457e-05
 35.3891  0.00030905771  1.48458595e-05  6.09727559e-05
 35.4201  0.000299856728  1.54649087e-05  6.49424777e-05
 35.4511  0.000257582452  1.24162297e-05  6.30045461e-05
 35.4822  0.000266435644  1.2541264e-05  7.18575007e-05
 35.5132  0.000338271502  2.61003437e-05  8.28702135e-05
 35.5442  0.000455615224  3.22587099e-05  9.34625978e-05
 35.5752  0.000440614186  2.56857782e-05  8.14057163e-05
 35.6063  0.000402900292  1.79042073e-05  7.28985015e-05
 35.6373  0.000352185884  1.34142699e-05  6.95870382e-05
 35.6683  0.000275312002  1.59188177e-05  6.04310447e-05
 35.6994  0.000211922169  8.58717923e-06  5.219453e-05
 35.7304  0.000222540842  1.18980755e-05  5.3795745e-05
 35.7614  0.000223676431  1.51464434e-05  4.84586665e-05
 35.7924  0.000279403551  1.66278001e-05  4.96657648e-05
 35.8235  0.000298107242  1.1498026e-05  4.8364332e-05
 35.8545  0.000238554712  8.44054735e-06  4.18314989e-05
 35.8855  0.000212565867  7.95122791e-06  3.95668916e-05
 35.9165  0.000219824002  1.11325269e-05  3.26855596e-05
 35.9476  0.000256102577  1.3973454e-05  3.62431548e-05
 35.9786  0.000226836655  1.27861069e-05  3.65667919e-05
 36.0096  0.000304960863  1.4925665e-05  4.29279504e-05
 36.0407  0.00024766619  1.24741547e-05  3.50815612e-05
 36.0717  0.000180115672  9.78775764e-06  2.76734438e-05
 36.1027  0.000191327289  1.15115696e-05  2.78888551e-05
 36.1337  0.000199730506  1.34424468e-05  2.87353356e-05
 36.1648  0.000200324821  1.41805338e-05  2.82098262e-05
 36.1958  0.000192135214  1.04017526e-05  2.0882397e-05
 36.2268  0.000178075483  1.67637785e-05  2.2222345e-05
 36.2578  0.000157655668  1.74914731e-05  2.1076078e-05
 36.2889  0.000146539997  1.21515294e-05  1.41772394e-05
 36.3199  0.000145993186  1.07193791e-05  1.51591027e-05
 36.3509  0.000134763414  9.55712043e-06  1.02645381e-05
 36.382  0.000130672905  1.12495952e-05  1.17301584e-05
 36.413  0.000127253809  7.44520381e-06  9.55709992e-06
 36.444  0.000132185975  8.07993084e-06  1.13103972e-05
 36.475  0.000122275517  1.87557185e-05  2.95339412e-05
 36.5061  0.000113306026  1.98054612e-05  2.88529442e-05
 36.5371  0.000123824529  1.08878519e-05  1.33198101e-05
 36.5681  0.000122851514  1.04108083e-05  1.4519642e-05
 36.5991  0.000120997937  1.86419053e-05  2.53329341e-05
 36.6302  0.00011896502  2.81463387e-05  3.49345581e-05
 36.6612  0.000146121715  1.98728625e-05  2.83441088e-05
 36.6922  0.000153297084  2.29369038e-05  3.56392689e-05
 36.7233  0.000167189056  1.99675594e-05  3.3330652e-05
 36.7543  0.000157585085  1.60254831e-05  1.95098096e-05
 36.7853  0.000165539516  2.59555974e-05  2.19381782e-05
 36.8163  0.000145448995  1.68087391e-05  2.26754647e-05
 36.8474  0.000145800352  1.51653035e-05  2.53542193e-05
 36.8784  0.000144029012  1.41293805e-05  1.86323615e-05
 36.9094  0.00011090163  1.64443167e-05  2.38930438e-05
 36.9404  0.00010108344  2.23001738e-05  2.66384132e-05
 36.9715  8.67910014e-05  4.04552027e-06  1.45089465e-05
 37.0025  8.62012079e-05  5.04007704e-06  1.38848404e-05
 37.0335  9.11198558e-05  4.47655419e-06  1.39749209e-05
 37.0645  9.91174514e-05  3.47710707e-06  1.19927707e-05
 37.0956  0.00012026038  4.8326488e-06  1.14416925e-05
 37.1266  0.000135532242  5.01050897e-06  1.34126731e-05
 37.1576  0.000144602177  5.49008588e-06  1.7455551e-05
 37.1887  0.000160700619  6.91838071e-06  2.1301939e-05
 37.2197  0.000173554312  8.97598749e-06  2.44484804e-05
 37.2507  0.00017202202  1.40766691e-05  3.0776411e-05
 37.2817  0.000146811519  1.40304198e-05  3.22586581e-05
 37.3128  0.000114871042  1.56043829e-05  3.36820058e-05
 37.3438  0.000101537424  5.06552768e-06  2.13351777e-05
 37.3748  9.48568631e-05  1.4620305e-05  2.94799368e-05
 37.4058  9.99523873e-05  2.49491507e-05  3.82671506e-05
 37.4369  9.67325738e-05  3.3778016e-05  4.9842187e-05
 37.4679  8.44590232e-05  2.47017732e-05  4.27524936e-05
 37.4989  0.000104385554  9.02819295e-06  3.1922935e-05
 37.53  8.52283484e-05  9.07947653e-06  3.34237712e-05
 37.561  0.000135077113  2.55065439e-05  7.01393089e-05
 37.592  0.000145567245  4.64114659e-05  9.82164118e-05
 37.623  0.000178364448  6.69727433e-05  0.000113507196
 37.6541  0.000218276563  3.1632727e-05  8.83280823e-05
 37.6851  0.000276569773  6.14251395e-05  0.000164804791
 37.7161  0.000239676095  3.04623399e-05  0.000114935495
 37.7471  0.000304078563  6.82260092e-05  0.000175732946
 37.7782  0.000490988549  0.000143002179  0.000271305872
 37.8092  0.000556426729  5.78854679e-05  0.000182736534
 37.8402  0.000430453244  7.14343396e-05  0.000181582803
 37.8713  0.000590640534  7.45234138e-05  0.000217151855
 37.9023  0.00057479842  6.14840995e-05  0.000223070068
 37.9333  0.000741272003  5.27350168e-05  0.000198457222
 37.9643  0.000586276031  4.5513971e-05  0.000161876654
 37.9954  0.000388888759  3.56983438e-05  0.000143276086
 38.0264  0.000459764735  5.47605029e-05  0.000176437563
 38.0574  0.000438838392  4.49298349e-05  0.000167415022
 38.0884  0.000303584777  2.14134468e-05  0.00012403075
 38.1195  0.000311956967  2.8045516e-05  0.000127999194
 38.1505  0.000333355943  3.09489204e-05  0.00013571656
 38.1815  0.000245918274  2.47587264e-05  0.000103551559
 38.2126  0.000224002154  2.29309243e-05  9.43044944e-05
 38.2436  0.000266403431  1.61925491e-05  8.62646264e-05
 38.2746  0.000284364238  1.67617944e-05  8.76444096e-05
 38.3056  0.00017695782  9.35364809e-06  6.37052281e-05
 38.3367  0.00020886751  1.06195956e-05  7.56807349e-05
 38.3677  0.000226484138  1.87847908e-05  9.54011796e-05
 38.3987  0.00019103417  1.56641065e-05  7.91846551e-05
 38.4297  0.00026539111  1.29311854e-05  8.49274084e-05
 38.4608  0.000277097547  9.67840964e-06  8.77453105e-05
 38.4918  0.000188230736  7.53463893e-06  7.1308673e-05
 38.5228  0.00015525532  1.33817226e-05  7.42879676e-05
 38.5538  0.00019527109  1.79503645e-05  7.57558416e-05
 38.5849  0.000165471224  1.21336481e-05  5.91406818e-05
 38.6159  0.000213263391  1.02191927e-05  5.89070618e-05
 38.6469  0.000232182115  9.88924241e-06  5.82399598e-05
 38.678  0.00019443355  9.01745857e-06  5.05629629e-05
 38.709  0.00018045419  1.06530793e-05  5.15204863e-05
 38.74  0.000159888853  1.67485834e-05  4.91436353e-05
 38.771  0.000155876078  1.27020682e-05  3.69720095e-05
 38.8021  0.000147275927  9.89298168e-06  3.12965831e-05
 38.8331  0.00014279123  8.15769406e-06  3.22432493e-05
 38.8641  0.000141  8.63612067e-06  3.51732434e-05
 38.8951  0.000117380523  2.22354422e-05  4.94446729e-05
 38.9262  0.000160554367  2.52209954e-05  5.85499614e-05
 38.9572  0.000123331107  2.55154551e-05  5.69391956e-05
 38.9882  0.000116142831  4.51697541e-05  6.94568912e-05
 39.0193  0.000241940082  5.94621352e-05  9.23370873e-05
 39.0503  0.000482825266  0.000113962515  0.000160211175
 39.0813  0.000561071766  0.000151873851  0.00013674241
 39.1123  0.000506115835  0.000103128751  6.0537881e-05
 39.1434  0.000437509508  0.000104229506  7.41596922e-05
 39.1744  0.000287390813  7.16522316e-05  7.25630717e-05
 39.2054  0.000263870309  4.80435447e-05  5.37080983e-05
 39.2364  0.000288920717  4.98431911e-05  6.47840082e-05
 39.2675  0.000341338998  0.000115166599  0.000125612309
 39.2985  0.000402965512  0.00017484762  0.000142447093
 39.3295  0.000530862163  0.000255055451  0.000148575908
 39.3606  0.000546231977  0.000202538419  0.000102694224
 39.3916  0.000770975003  0.000119077293  0.000154121952
 39.4226  0.00138503865  0.000173677089  0.000248536269
 39.4536  0.00146733328  0.000115047993  0.000243897099
 39.4847  0.00215878231  0.000356910759  0.000361830358
 39.5157  0.00495107449  0.00186887339  0.000468886631
 39.5467  0.00849301604  0.00412263404  0.000409877908
 39.5777  0.00742695918  0.00276371884  0.000451254007
 39.6088  0.0122678037  0.0058960256  0.000566209758
 39.6398  0.0166379618  0.0144341956  0.000816715688
 39.6708  0.0146703876  0.013246249  0.00103413045
 39.7019  0.0154384859  0.0124739381  0.00124299226
 39.7329  0.0121013691  0.00525119724  0.0014128208
 39.7639  0.00411978556  0.0017460373  0.000817274204
 39.7949  0.00387286643  0.00160216891  0.000911778582
 39.826  0.00593841771  0.00273039177  0.00135020962
 39.857  0.00796026331  0.00395272441  0.00189908067
 39.888  0.00638354072  0.00454776914  0.00187454838
 39.919  0.0083097391  0.0115910929  0.00212772368
 39.9501  0.00334999585  0.00511847453  0.000658976615
 39.9811  0.00148003135  0.00186608943  0.000181385854
 40.0121  0.000448786664  0.000139440182  3.16278272e-05
 40.0432  0.000578174198  0.000150269342  6.07368577e-05
 40.0742  0.00069706124  0.000123409605  4.32368851e-05
 40.1052  0.000855575088  0.000250199731  6.63278779e-05
 40.1362  0.000869197884  0.000268687032  4.41186525e-05
 40.1673  0.000636449806  0.000161917493  2.84754299e-05
 40.1983  0.000698072598  0.000141300496  3.22131446e-05
 40.2293  0.000616277595  7.41317898e-05  1.97186596e-05
 40.2603  0.000536654712  7.00533908e-05  1.46953073e-05
 40.2914  0.000439719354  3.28452373e-05  1.37016196e-05
 40.3224  0.000420284096  3.60635577e-05  1.5505068e-05
 40.3534  0.000317315539  4.98978132e-05  1.06662902e-05
 40.3844  0.000237083826  3.86230642e-05  1.12704188e-05
 40.4155  0.000301050815  4.63862127e-05  1.05549547e-05
 40.4465  0.000290686414  2.94320271e-05  9.26349976e-06
 40.4775  0.000416989528  3.65012589e-05  1.03593473e-05
 40.5086  0.000442573161  3.78021045e-05  1.42659253e-05
 40.5396  0.00061058748  8.74631915e-05  2.79633001e-05
 40.5706  0.000728726269  0.000135003244  3.70785404e-05
 40.6016  0.000832137757  0.000188454729  4.04349262e-05
 40.6327  0.000545332516  6.24065007e-05  2.68334095e-05
 40.6637  0.00046205253  3.34301733e-05  2.45863929e-05
 40.6947  0.000510081364  5.71184949e-05  2.60819449e-05
 40.7257  0.000504044864  8.78077012e-05  3.44234625e-05
 40.7568  0.000526100903  0.000114665481  5.17188819e-05
 40.7878  0.000338046819  3.39275241e-05  6.36375215e-05
 40.8188  0.000231485444  3.45704497e-05  4.94891448e-05
 40.8499  0.000174433214  2.1954625e-05  2.28531364e-05
 40.8809  0.000231975575  4.43754404e-05  1.46699917e-05
 40.9119  0.000477789662  0.000170172941  2.41190182e-05
 40.9429  0.000901594746  0.000249746288  4.02600703e-05
 40.974  0.00154979053  0.00028706946  6.62832881e-05
 41.005  0.00160010174  0.000277215414  5.96159869e-05
 41.036  0.0015744916  0.000336176046  4.79856963e-05
 41.067  0.00114789588  0.00022529678  2.63299932e-05
 41.0981  0.000999056508  0.00015722852  1.95702875e-05
 41.1291  0.00118488665  0.000129133077  2.48625143e-05
 41.1601  0.00247025421  0.000455993217  5.22715044e-05
 41.1912  0.00678042168  0.0020918863  0.000133441916
 41.2222  0.0105737477  0.00305113627  0.000203845954
 41.2532  0.00866103214  0.00215396478  0.000149093965
 41.2842  0.00446037337  0.000991144662  8.4473911e-05
 41.3153  0.00156724367  0.000399248016  4.28978921e-05
 41.3463  0.000754895827  7.76020841e-05  3.37497511e-05
 41.3773  0.000743892578  0.00012510254  5.41802525e-05
 41.4083  0.00102460844  0.000166441917  5.43199806e-05
 41.4394  0.00260327962  0.000356863106  7.81390814e-05
 41.4704  0.00557870237  0.00108611534  0.000122260102
 41.5014  0.00856950589  0.00231365209  0.000187297308
 41.5325  0.00827136175  0.00249712278  0.000169101212
 41.5635  0.006654081  0.0019816076  0.000121861621
 41.5945  0.00557031846  0.0018467012  0.000122463329
 41.6255  0.00630794191  0.00228273411  0.000148101706
 41.6566  0.00857826658  0.00311234195  0.000194116008
 41.6876  0.0110442023  0.00380943299  0.000242366337
 41.7186  0.0114119592  0.00305645357  0.000185546142
 41.7496  0.00733649852  0.00254843093  0.000185417377
 41.7807  0.00578435977  0.00215283543  0.000173723912
 41.8117  0.00594491349  0.0020085767  0.000155671308
 41.8427  0.00568151795  0.00171026168  0.000152853131
 41.8737  0.00451669263  0.00145825419  0.000146514873
 41.9048  0.00443705993  0.00114620324  0.000155499596
 41.9358  0.00396387962  0.00120273225  0.000159915426
 41.9668  0.00287452254  0.000775125359  0.000134723133
 41.9979  0.00206695178  0.000334845651  0.000110875451
 42.0289  0.00190236827  0.000343502081  0.000113097841
 42.0599  0.00152521813  0.000447140016  0.000117250669
 42.0909  0.000922817721  0.000200173779  9.05587011e-05
 42.122  0.000790498993  0.000218940797  8.94490828e-05
 42.153  0.000560434699  0.000200566128  9.20227812e-05
 42.184  0.000565984558  0.000223851305  0.000124953753
 42.215  0.000716056988  0.000499267839  0.0001925209
 42.2461  0.000625062754  0.000421965755  0.000210318484
 42.2771  0.000540751568  0.000253875076  0.000178570673
 42.3081  0.000142965727  9.97944604e-05  7.85460756e-05
 42.3392  1.70629675e-05  4.48142607e-05  3.66359876e-05
 42.3702  1.21964328e-05  2.88382985e-05  3.83821358e-05
 42.4012  6.85000059e-06  2.19881696e-05  3.73497692e-05
 42.4322  7.67125252e-06  1.25812791e-05  2.80452702e-05
 42.4633  7.4564749e-06  1.77788281e-05  3.92527808e-05
 42.4943  2.68791187e-06  6.28130963e-06  1.34113144e-05
 42.5253  5.31253878e-06  2.23868878e-05  3.33122755e-05
 42.5563  5.60626834e-06  1.80703598e-05  2.37746174e-05
 42.5874  8.03759432e-06  4.86646943e-05  6.30436881e-05
 42.6184  7.42480415e-06  6.07951008e-05  7.89411199e-05
 42.6494  5.82086107e-06  1.97966644e-05  2.52863812e-05
 42.6805  1.16893966e-05  2.82086006e-05  3.32924418e-05
 42.7115  9.8391735e-06  2.6160359e-05  2.89767656e-05
 42.7425  7.0789691e-06  7.29491505e-06  8.44456357e-06
 42.7735  1.43210839e-05  1.78720709e-05  2.26338657e-05
 42.8046  7.02326497e-06  7.03122114e-06  9.13707443e-06
 42.8356  9.90855642e-06  2.24148167e-05  2.94508119e-05
 42.8666  1.01472728e-05  1.19096076e-05  1.7440247e-05
 42.8976  8.54116441e-06  1.04090983e-05  1.72092129e-05
 42.9287  5.30832685e-06  2.29313117e-06  4.87692391e-06
 42.9597  4.02914627e-06  1.2372042e-06  2.28165267e-06
 42.9907  5.15126435e-06  2.91399754e-06  3.43021878e-06
 43.0218  3.94801729e-06  4.13931382e-06  4.45696382e-06
 43.0528  9.37635727e-06  6.22543955e-06  9.20223773e-06
 43.0838  5.39090915e-06  6.0146657e-06  9.07806701e-06
 43.1148  1.08939726e-05  5.20870085e-06  8.39802576e-06
 43.1459  5.76113145e-06  1.53090704e-06  4.46334783e-06
 43.1769  6.37810856e-06  1.92010467e-06  4.83812153e-06
 43.2079  2.70125016e-06  7.65120842e-07  2.87767929e-06
 43.2389  2.80792776e-06  7.59586627e-07  2.80043656e-06
 43.27  2.88034402e-06  3.79472649e-07  3.17024754e-06
 43.301  4.61112335e-06  5.66191009e-07  4.25175719e-06
 43.332  3.95355334e-06  2.13113998e-06  6.44414162e-06
 43.363  3.93222141e-06  1.11697726e-06  3.4811706e-06
 43.3941  4.4148691e-06  7.75136375e-06  1.17245972e-05
 43.4251  5.23469243e-06  6.65179011e-06  1.23901641e-05
 43.4561  6.55509767e-06  3.56900584e-06  1.01063157e-05
 43.4872  6.93475297e-06  4.26383914e-06  1.08055217e-05
 43.5182  7.12707538e-06  1.09398244e-05  1.42153271e-05
 43.5492  9.03404898e-06  7.45841403e-06  9.85806309e-06
 43.5802  1.53242439e-05  2.38849818e-05  2.99822643e-05
 43.6113  1.90739594e-05  5.73194112e-05  6.79230134e-05
 43.6423  2.63968593e-05  7.44003296e-05  8.78364494e-05
 43.6733  1.27184502e-05  1.77327722e-05  1.84927127e-05
 43.7043  1.80892059e-05  8.68154705e-05  9.75989574e-05
 43.7354  1.10067293e-05  3.3066016e-05  3.61965726e-05
 43.7664  1.88063248e-05  4.52353829e-05  4.85738688e-05
 43.7974  1.89052691e-05  3.31855728e-05  4.0906941e-05
 43.8285  9.30366435e-06  6.74357125e-06  1.11520944e-05
 43.8595  1.25684854e-05  1.10721527e-05  9.39151477e-06
 43.8905  1.36817888e-05  5.29655289e-06  1.25323158e-05
 43.9215  1.77703726e-05  3.84978389e-05  6.27637911e-05
 43.9526  2.44031633e-05  9.33806557e-05  0.000133332862
 43.9836  3.55226623e-05  0.00014648073  0.000199913214
 44.0146  6.49580089e-05  1.97280579e-05  6.92798661e-05
 44.0456  0.000185389637  5.42359722e-05  0.00022913387
 44.0767  0.000707303335  0.00032002167  0.000766883218
 44.1077  0.0014358587  0.00055751817  0.000953826504
 44.1387  0.00159309596  0.00106523704  0.000893353187
 44.1698  0.00142668373  0.000557888849  0.000726833262
 44.2008  0.00172833485  0.00066083642  0.00106916784
 44.2318  0.0022221552  0.000925935852  0.0011712022
 44.2628  0.00269573224  0.000723507121  0.000827808468
 44.2939  0.00289745124  0.000414544478  0.000383668692
 44.3249  0.00324165393  0.00062661518  0.000590772429
 44.3559  0.0033692448  0.000914893879  0.000861066433
 44.3869  0.00350700708  0.000395895225  0.00023037046
 44.418  0.00379846189  0.000504765047  0.000341874625
 44.449  0.00406758958  0.00110549422  0.00073966367
 44.48  0.00419320381  0.00139893369  0.00121485742
 44.5111  0.00407286528  0.00129375693  0.00129856634
 44.5421  0.00394375495  0.00116311505  0.000646057024
 44.5731  0.00396774663  0.000488194315  0.000131041294
 44.6041  0.00381441148  0.00226342255  0.00177137293
 44.6352  0.00325205971  0.00115334193  0.000747376567
 44.6662  0.00335485192  0.000705846304  0.000484772949
 44.6972  0.00349870138  0.00159579151  0.00150068731
 44.7282  0.00469991072  0.00562610054  0.0063192306
 44.7593  0.0050985568  0.00710092376  0.00646759391
 44.7903  0.00377384359  0.00372381011  0.00324822334
 44.8213  0.00365023105  0.00265745139  0.00272806334
 44.8523  0.00361782937  0.00303172113  0.00284588656
 44.8834  0.00486406816  0.00627344515  0.00438892165
 44.9144  0.00447568076  0.0059819406  0.00489986552
 44.9454  0.00364900812  0.00174859754  0.00176472049
 44.9765  0.00467453213  0.00190750549  0.00271347619
 45.0075  0.0039875353  0.00303316199  0.00237176211
 45.0385  0.00451077457  0.00538830212  0.00583503405
 45.0695  0.0043577272  0.00165522641  0.00165814823
 45.1006  0.00326853289  0.000438368128  0.000499124486
 45.1316  0.00423082927  0.00459057099  0.0047767291
 45.1626  0.00420164157  0.00398063313  0.00511607755
 45.1936  0.00436424034  0.00329599328  0.00369892722
 45.2247  0.00469711315  0.00429410791  0.00274389337
 45.2557  0.00549735481  0.0101882593  0.00367148431
 45.2867  0.0146638481  0.00710134108  0.00320796024
 45.3178  0.0155668481  0.0108671375  0.00407581467
 45.3488  0.0172588605  0.0130585991  0.00239977876
 45.3798  nan  nan  nan
