# X (m) TKE_avg epsilon_turb_pw_avg_Y_avg epsilon_pw_avg_Y_avg
 33.0312  6.45157668e-05  2.46819212e-06  1.41478286e-06
 33.0624  6.01581554e-05  1.26996859e-06  1.41631377e-06
 33.0936  6.91894646e-05  8.67804432e-07  1.42861196e-06
 33.1248  5.29802014e-05  8.72622503e-07  1.88704642e-06
 33.156  3.75385632e-05  1.1371699e-06  1.25309109e-05
 33.1872  4.00891674e-05  2.06785394e-06  4.13561169e-05
 33.2184  6.04537755e-05  7.91114028e-06  1.53678767e-05
 33.2496  3.87970384e-05  8.37370704e-06  2.02245331e-05
 33.2808  4.66062477e-05  4.70226521e-06  1.96226192e-05
 33.312  3.29580179e-05  2.96506619e-06  1.35387778e-05
 33.3432  3.87485985e-05  2.21035251e-06  1.35012708e-05
 33.3744  2.49882084e-05  1.18127537e-06  8.0530399e-06
 33.4056  2.73734263e-05  4.22739049e-06  1.51422827e-05
 33.4368  3.85856079e-05  5.79033871e-06  1.85951397e-05
 33.468  2.91189215e-05  5.52600134e-06  1.62892883e-05
 33.4992  3.45187545e-05  9.65450128e-06  2.64845278e-05
 33.5304  3.94057248e-05  5.15164904e-06  2.32002695e-05
 33.5616  6.19350091e-05  1.23970667e-05  4.000001e-05
 33.5928  4.9890485e-05  3.87863678e-06  2.62435675e-05
 33.624  5.58027947e-05  3.33938929e-06  2.6410121e-05
 33.6552  6.09124148e-05  5.8401034e-06  3.35075725e-05
 33.6864  8.00680754e-05  7.67140196e-06  4.27244152e-05
 33.7176  0.000105875983  8.09979002e-06  5.75293632e-05
 33.7488  0.000103792952  7.64507482e-06  6.0194978e-05
 33.78  0.000151639161  1.02154887e-05  7.88170982e-05
 33.8112  0.000119046102  8.27241459e-06  7.64990772e-05
 33.8424  0.000147702554  1.20660955e-05  7.77245966e-05
 33.8736  0.000231894467  1.74628084e-05  8.3289077e-05
 33.9048  0.000238625706  1.3545643e-05  7.59264165e-05
 33.936  0.000196086425  1.17207248e-05  7.8624983e-05
 33.9672  0.000164644042  1.03269829e-05  7.46708245e-05
 33.9984  0.000138304172  9.35012783e-06  6.56610511e-05
 34.0296  0.000111542479  6.81418299e-06  5.1826554e-05
 34.0608  0.000130137434  6.76789002e-06  5.03826242e-05
 34.0921  0.000138019632  7.62913017e-06  4.95635054e-05
 34.1233  9.77760456e-05  5.505359e-06  3.94654143e-05
 34.1545  7.42769561e-05  4.12363497e-06  3.2699523e-05
 34.1857  0.000101381616  4.95485759e-06  3.95072055e-05
 34.2169  0.000169148983  6.75150823e-06  5.45269159e-05
 34.2481  0.000129923644  6.89970306e-06  4.78918953e-05
 34.2793  0.000125037528  8.81369957e-06  5.00907065e-05
 34.3105  0.000124966987  6.16589595e-06  4.03752435e-05
 34.3417  0.000117164267  4.66140676e-06  3.40905574e-05
 34.3729  9.23361231e-05  5.5041616e-06  2.76717326e-05
 34.4041  0.000123436103  7.67542884e-06  3.3211469e-05
 34.4353  0.00014217827  6.96139642e-06  2.99999688e-05
 34.4665  0.000145199927  8.22574588e-06  2.48243377e-05
 34.4977  0.000135646955  9.89422291e-06  2.22374135e-05
 34.5289  0.000124351524  9.43328863e-06  1.91135837e-05
 34.5601  0.000119192876  8.08643349e-06  1.61959504e-05
 34.5913  0.000122058349  7.76947669e-06  1.50919976e-05
 34.6225  0.000134079576  9.03078114e-06  1.55418239e-05
 34.6537  0.000141703483  1.19547235e-05  1.57925519e-05
 34.6849  0.000163770552  1.9534867e-05  1.40640037e-05
 34.7161  0.000145100155  2.04976123e-05  1.1629792e-05
 34.7473  0.000163404216  2.25458057e-05  1.57745987e-05
 34.7785  0.00016013871  1.88768988e-05  1.4581964e-05
 34.8097  0.000120413324  1.55621609e-05  7.23615843e-06
 34.8409  0.000109441555  1.37437401e-05  6.30973836e-06
 34.8721  0.000112765149  1.05489754e-05  1.24046e-05
 34.9033  0.000113974508  1.03883305e-05  1.2580036e-05
 34.9345  0.000119937542  9.70056843e-06  1.11759064e-05
 34.9657  0.000137663769  8.5069375e-06  9.45396188e-06
 34.9969  0.000162677109  7.45736585e-06  8.70225925e-06
 35.0281  0.00018303102  8.33271577e-06  1.06222104e-05
 35.0593  0.000228448688  1.22377283e-05  9.07017616e-06
 35.0905  0.000246960066  1.22569271e-05  8.94793447e-06
 35.1217  0.000271245369  1.28122183e-05  1.0986596e-05
 35.1529  0.000290521222  1.06846237e-05  9.0616772e-06
 35.1841  0.000288309698  1.1282006e-05  1.03890002e-05
 35.2153  0.000274156488  9.5621628e-06  7.69023754e-06
 35.2465  0.000265820334  1.25036435e-05  1.14477246e-05
 35.2777  0.000275070008  1.66528715e-05  1.39186767e-05
 35.3089  0.000287227668  1.50042043e-05  7.86714722e-06
 35.3401  0.000292740589  1.72932806e-05  8.90731225e-06
 35.3713  0.000271186978  1.81816134e-05  1.80917999e-05
 35.4025  0.000281126569  1.45404917e-05  1.33734805e-05
 35.4337  0.000295512104  1.76656648e-05  9.63519241e-06
 35.4649  0.000269538906  1.76000793e-05  1.24093823e-05
 35.4961  0.000252614707  1.12039035e-05  7.63192231e-06
 35.5273  0.000231863519  7.29446598e-06  6.68143684e-06
 35.5585  0.000215997477  6.4614978e-06  5.37288131e-06
 35.5897  0.000236069855  8.69680055e-06  7.06366783e-06
 35.6209  0.000227317557  6.29561178e-06  7.35019126e-06
 35.6521  0.000220053676  4.33350944e-06  6.95836788e-06
 35.6833  0.000229200556  9.00714179e-06  9.66994497e-06
 35.7145  0.000251857112  1.4104654e-05  1.0255102e-05
 35.7457  0.00022319896  1.18115725e-05  7.61307393e-06
 35.7769  0.000189940793  6.53059837e-06  4.33886587e-06
 35.8081  0.000169234118  4.01300081e-06  4.31581112e-06
 35.8393  0.000172693296  3.09307008e-06  4.11996305e-06
 35.8705  0.000181816937  3.87054237e-06  5.00735721e-06
 35.9017  0.00019076706  5.30302505e-06  6.05949893e-06
 35.9329  0.000193144831  5.06975515e-06  5.30298326e-06
 35.9641  0.000194131737  4.17176711e-06  4.70952016e-06
 35.9953  0.000205984685  4.26532319e-06  5.18724584e-06
 36.0265  0.0002011368  4.63342972e-06  5.77738138e-06
 36.0577  0.000206808311  5.07490188e-06  6.06888961e-06
 36.0889  0.000201508269  5.51242179e-06  6.71244937e-06
 36.1201  0.000190788923  9.29806093e-06  1.08597938e-05
 36.1513  0.00019018818  1.09866067e-05  1.21061018e-05
 36.1825  0.000193899974  1.26640763e-05  1.46886861e-05
 36.2138  0.000190079945  1.68764263e-05  2.2757934e-05
 36.245  0.000210175594  4.48913202e-06  1.07534467e-05
 36.2762  0.000214163879  4.66948021e-06  1.06150362e-05
 36.3074  0.000216835134  6.5744055e-06  1.75473732e-05
 36.3386  0.000211019145  5.34630483e-06  1.1424248e-05
 36.3698  0.000204561317  9.17541725e-06  1.47423782e-05
 36.401  0.000205489688  7.39175024e-06  1.13930593e-05
 36.4322  0.000201926903  6.86400637e-06  1.18396942e-05
 36.4634  0.000203769478  6.55010077e-06  1.53136784e-05
 36.4946  0.000203095663  1.00086368e-05  2.52516648e-05
 36.5258  0.00022140758  8.11712629e-06  1.35909582e-05
 36.557  0.000242138296  1.00571357e-05  1.63539929e-05
 36.5882  0.000244384842  1.62688605e-05  2.53145716e-05
 36.6194  0.000252842016  2.36665855e-05  3.86027727e-05
 36.6506  0.000287467983  2.44809235e-05  4.66077371e-05
 36.6818  0.000306893784  1.43581043e-05  3.38296617e-05
 36.713  0.000274741812  1.29276522e-05  3.37153201e-05
 36.7442  0.000274412739  1.50224424e-05  3.31208346e-05
 36.7754  0.000282543418  2.11084054e-05  3.69357418e-05
 36.8066  0.000288493856  2.09458615e-05  3.40860057e-05
 36.8378  0.000280158  2.05864767e-05  3.45610781e-05
 36.869  0.000287908813  2.22166008e-05  3.53818332e-05
 36.9002  0.000289143969  1.97422949e-05  3.7342327e-05
 36.9314  0.000287258084  1.73086266e-05  3.94245797e-05
 36.9626  0.000300945211  1.68403686e-05  4.11317522e-05
 36.9938  0.000314907318  1.65504124e-05  3.85950099e-05
 37.025  0.000304786055  1.66024353e-05  3.95357255e-05
 37.0562  0.000292725809  1.49678254e-05  4.22404224e-05
 37.0874  0.000275278544  1.45413578e-05  4.25960586e-05
 37.1186  0.000262440422  1.39934197e-05  4.10403869e-05
 37.1498  0.000251814834  1.31395897e-05  3.88287141e-05
 37.181  0.000261512993  1.27874432e-05  3.75269633e-05
 37.2122  0.000309773383  1.35306418e-05  3.72102105e-05
 37.2434  0.000316507696  1.39113676e-05  4.04957273e-05
 37.2746  0.000328609004  1.40294102e-05  3.62348663e-05
 37.3058  0.000334207603  1.6083376e-05  3.55416935e-05
 37.337  0.000343327341  1.80008935e-05  3.93174805e-05
 37.3682  0.000421020159  2.06319798e-05  5.50107456e-05
 37.3994  0.000435451907  1.63857569e-05  6.21573278e-05
 37.4306  0.000438097321  2.04218043e-05  7.24122634e-05
 37.4618  0.000389851042  2.46467041e-05  5.96652874e-05
 37.493  0.000369542459  2.72589967e-05  5.23898914e-05
 37.5242  0.000342162277  2.23875702e-05  4.39006626e-05
 37.5554  0.000344484689  1.79647902e-05  3.80894374e-05
 37.5866  0.000416013383  2.3722826e-05  3.67026339e-05
 37.6178  0.000441515973  2.75604925e-05  3.12651684e-05
 37.649  0.000413304323  2.5444147e-05  2.503976e-05
 37.6802  0.000437916758  3.22458651e-05  2.97610023e-05
 37.7114  0.000461296376  3.42586025e-05  2.57258111e-05
 37.7426  0.000529973682  3.70955375e-05  2.28616415e-05
 37.7738  0.000571397459  3.61631369e-05  2.28037302e-05
 37.805  0.000658037442  3.59801666e-05  2.25196404e-05
 37.8362  0.000680226037  5.83098354e-05  2.72955843e-05
 37.8674  0.000650406829  6.14741056e-05  3.15140144e-05
 37.8986  0.000591909644  5.7110128e-05  3.86061483e-05
 37.9298  0.000626479486  5.05248884e-05  3.58385725e-05
 37.961  0.000600866116  4.28813597e-05  1.75663883e-05
 37.9922  0.000609975888  4.31898265e-05  2.25936822e-05
 38.0234  0.000561342639  5.6679588e-05  2.71290208e-05
 38.0546  0.000517456121  6.66664115e-05  3.63071431e-05
 38.0858  0.000517723828  4.67086997e-05  2.20152437e-05
 38.117  0.00056309971  7.80689679e-05  4.40966408e-05
 38.1482  0.000603180399  0.000150411846  0.00012522617
 38.1794  0.00059978235  0.000101735997  6.63982502e-05
 38.2106  0.000540032681  9.95139823e-05  6.67642475e-05
 38.2418  0.000507080039  5.57427538e-05  3.56035635e-05
 38.273  0.000528706387  8.0853568e-05  6.24615448e-05
 38.3042  0.000555169518  0.000144935306  0.000109577297
 38.3354  0.000649560128  0.000104674141  5.82685169e-05
 38.3667  0.000724805491  0.000134227632  8.01493872e-05
 38.3979  0.000810529552  0.000162292336  0.000109992693
 38.4291  0.000878111344  0.000159889514  0.000131179888
 38.4603  0.000950724569  0.000109628451  7.79800116e-05
 38.4915  0.0010783867  0.000119764376  5.88008073e-05
 38.5227  0.00128178538  0.000169521941  6.5440251e-05
 38.5539  0.00150019949  0.000226523188  7.38535533e-05
 38.5851  0.0019258019  0.00031739669  0.000139064275
 38.6163  0.00265221796  0.000405897179  0.000223191414
 38.6475  0.00348461003  0.000631607611  0.000299456493
 38.6787  0.00334232815  0.00101432423  0.000181363417
 38.7099  0.00199268816  0.000106408543  0.000103344224
 38.7411  0.00180529312  7.02420176e-05  7.31389966e-05
 38.7723  0.00162529976  7.23837285e-05  8.34851169e-05
 38.8035  0.0014781924  9.14869467e-05  9.72103506e-05
 38.8347  0.00140702851  0.000139677818  0.000162478958
 38.8659  0.00167036566  0.0001713383  0.000164096083
 38.8971  0.00203380999  0.000134106075  7.62756454e-05
 38.9283  0.00176168402  0.000178609099  0.000200713073
 38.9595  0.0015917361  0.000253623197  0.000304510944
 38.9907  0.0020957381  0.000159105088  9.37006407e-05
 39.0219  0.00333420906  0.000304114088  0.000191901042
 39.0531  0.00493278543  0.000588761533  0.000270399311
 39.0843  0.00565896448  0.000644020819  0.000252988618
 39.1155  0.00616048194  0.000866822009  0.000299333232
 39.1467  0.00747931714  0.00132001412  0.000513955785
 39.1779  0.00907906902  0.00163005545  0.000549162264
 39.2091  0.0100123848  0.00160253835  0.000285703872
 39.2403  0.00909449901  0.00119515148  0.000150097319
 39.2715  0.00959429945  0.00128443142  0.000234174026
 39.3027  0.00890870727  0.0013200219  0.000260195202
 39.3339  0.00840668851  0.00126837097  0.000172124497
 39.3651  0.00761733739  0.00103303541  0.000189428362
 39.3963  0.00717563891  0.000904479284  0.000148545441
 39.4275  0.00668776488  0.000887961024  0.000106692475
 39.4587  0.00591151786  0.000864383742  0.000101327899
 39.4899  0.00520868949  0.000781857862  0.000132164787
 39.5211  0.00651508079  0.00084227241  0.000214810115
 39.5523  0.0111856229  0.00135997709  0.000177654868
 39.5835  0.0180058126  0.00246729106  0.000200353416
 39.6147  0.0190868455  0.00263960833  0.000341043461
 39.6459  0.0205783562  0.00345570274  0.000297557888
 39.6771  0.0242552396  0.00363767265  0.000296283959
 39.7083  0.0273118177  0.00352407272  0.000294071119
 39.7395  0.029100717  0.00384006881  0.000290641195
 39.7707  0.030260546  0.00479107838  0.000302248313
 39.8019  0.0278021716  0.0038931559  0.000295642253
 39.8331  0.0307364525  0.00449146437  0.000357526222
 39.8643  0.0318068526  0.00478318925  0.000408797404
 39.8955  0.0280646547  0.00434521176  0.000367753985
 39.9267  0.0217303279  0.00335651156  0.000264513499
 39.9579  0.0176002061  0.0024207967  0.000199045433
 39.9891  0.0157550721  0.00203137817  0.000168249147
 40.0203  0.0201004214  0.0024392608  0.000212002353
 40.0515  0.0235955637  0.00280389593  0.00022349209
 40.0827  0.0251504736  0.00297991643  0.000207885829
 40.1139  0.0246455641  0.00315830334  0.000217785135
 40.1451  0.0231786082  0.00369467941  0.000219930854
 40.1763  0.023105967  0.00387683552  0.000235533721
 40.2075  0.0230342335  0.00412989333  0.000230759008
 40.2387  0.0232956355  0.00404918181  0.000212945598
 40.2699  0.0221641671  0.00376322594  0.00020085831
 40.3011  0.0211368764  0.00370598342  0.000194895549
 40.3323  0.0219418528  0.00347850307  0.00018281539
 40.3635  0.0179467336  0.00345012796  0.000172877151
 40.3947  0.0179154713  0.00306021203  0.000167322911
 40.4259  0.0184545496  0.00290309217  0.000151674362
 40.4571  0.0180923177  0.00306614145  0.000152218675
 40.4884  0.0155798795  0.00304902543  0.000158902482
 40.5196  0.0111978959  0.00189903978  0.000115196295
 40.5508  0.00972791268  0.00149075454  9.62731732e-05
 40.582  0.00920029475  0.00139312931  8.90536548e-05
 40.6132  0.00859990733  0.00122506332  8.37726541e-05
 40.6444  0.00823698459  0.00121811781  8.62903548e-05
 40.6756  0.00922772556  0.00154545642  0.000100485349
 40.7068  0.0137868237  0.00264098973  0.000142148034
 40.738  0.0163830467  0.00373533991  0.000189991209
 40.7692  0.0164981639  0.0036908583  0.000196970448
 40.8004  0.0157010807  0.00345506311  0.000183676055
 40.8316  0.0140350195  0.00301683782  0.000161989028
 40.8628  0.0121210181  0.00241131124  0.000151761475
 40.894  0.0101708884  0.00199091642  0.000126177525
 40.9252  0.00924129622  0.0019789484  0.000120013344
 40.9564  0.00803140334  0.00211994297  0.000122919475
 40.9876  0.00927494565  0.00268196238  0.000140802872
 41.0188  0.0119791847  0.00302646404  0.000155742587
 41.05  0.0144752307  0.00284279327  0.000159180088
 41.0812  0.0156965839  0.002790371  0.000181731792
 41.1124  0.0158164277  0.0034659031  0.000200118353
 41.1436  0.0175422581  0.00383884076  0.000214932407
 41.1748  0.0197664669  0.00464573233  0.000233244233
 41.206  0.0200135527  0.00523331981  0.000242026862
 41.2372  0.0185356807  0.00552455415  0.000257453608
 41.2684  0.0141538644  0.00331853003  0.000222930637
 41.2996  0.0124337661  0.00221701354  0.000238190635
 41.3308  0.0127111143  0.00295074477  0.000282759441
 41.362  0.0128639075  0.0035228998  0.000324136907
 41.3932  0.0134027792  0.00329040311  0.000360409653
 41.4244  0.0132048152  0.00267454048  0.000400788504
 41.4556  0.0113982195  0.00241353788  0.00039811958
 41.4868  0.00928409986  0.00176454863  0.00025125
 41.518  0.00725537713  0.000973696232  0.000172114579
 41.5492  0.00696745779  0.000545120581  0.000143798763
 41.5804  0.00779202209  0.000668188741  0.000170446535
 41.6116  0.00693846285  0.000864447272  0.000167192951
 41.6428  0.00616279209  0.000597796568  0.00013808851
 41.674  0.00579562056  0.000435717597  0.000134664459
 41.7052  0.00561269363  0.000505877423  0.000128378896
 41.7364  0.00532518805  0.000552368367  0.000128148907
 41.7676  0.00489602098  0.000481818974  0.0001330959
 41.7988  0.00467685698  0.000542313191  0.000141198154
 41.83  0.00430164489  0.000480903983  0.000152373421
 41.8612  0.00461033782  0.000452230469  0.000138521152
 41.8924  0.00456393925  0.000474103194  0.00012456808
 41.9236  0.00458912432  0.000502822498  0.000135448184
 41.9548  0.00504281656  0.000501053334  0.000139651659
 41.986  0.00557401655  0.000528410577  0.00013565798
 42.0172  0.00460662395  0.00056159251  0.000122915348
 42.0484  0.00323205116  0.000415945157  0.00011316361
 42.0796  0.002309109  0.000297781545  8.70518324e-05
 42.1108  0.00201759714  0.00027034695  7.39592715e-05
 42.142  0.00177149417  0.000221620872  5.72797624e-05
 42.1732  0.00143388589  0.000174454594  4.59819719e-05
 42.2044  0.00169843884  0.000134809504  4.48800862e-05
 42.2356  0.00191874335  0.000157818434  4.9716238e-05
 42.2668  0.00191902739  0.000143957675  5.3429266e-05
 42.298  0.00182367021  0.000118850425  5.41409373e-05
 42.3292  0.00186882792  0.000139099513  5.70874585e-05
 42.3604  0.00183753026  0.00015351578  5.45518017e-05
 42.3916  0.00175911262  0.000129168615  6.23668602e-05
 42.4228  0.00167479071  0.00012840353  6.52364497e-05
 42.454  0.00171820917  0.000121950761  7.02673121e-05
 42.4852  0.00187530463  0.00012146144  7.36292866e-05
 42.5164  0.00219976737  0.000157204149  7.8897153e-05
 42.5476  0.00225365175  0.000169524824  7.46906859e-05
 42.5788  0.00229928376  0.000123455049  7.15452315e-05
 42.61  0.00225623137  0.000132985974  6.88077233e-05
 42.6413  0.00238394771  0.000162178647  7.45712246e-05
 42.6725  0.00244762041  0.000177207841  7.54114292e-05
 42.7037  0.00280042816  0.000229683811  8.600513e-05
 42.7349  0.00327654445  0.000282064888  8.94610693e-05
 42.7661  0.00310595556  0.000320430414  8.92289551e-05
 42.7973  0.00292310752  0.000300874467  8.0266875e-05
 42.8285  0.00285726428  0.000305579908  7.86076836e-05
 42.8597  0.0028886603  0.000329768374  7.80369206e-05
 42.8909  0.00281573097  0.000324748885  6.85138254e-05
 42.9221  0.00271992951  0.000304016324  5.89207552e-05
 42.9533  0.00258670316  0.000300241601  5.48562788e-05
 42.9845  0.00300793035  0.000744868848  5.99534869e-05
 43.0157  0.00367555175  0.000873827618  6.55970573e-05
 43.0469  0.00459646499  0.000884427003  7.98846897e-05
 43.0781  0.00500745136  0.000948766121  9.20872955e-05
 43.1093  0.00438904127  0.000885180693  8.15983769e-05
 43.1405  0.00347870384  0.000616638096  5.92961324e-05
 43.1717  0.00352208978  0.000692028623  8.78455263e-05
 43.2029  0.00500838334  0.00105188329  0.000105485658
 43.2341  0.00697630236  0.00141510392  0.000101698404
 43.2653  0.00734102893  0.0017856665  0.000108346714
 43.2965  0.00541119822  0.00145251198  0.000108034092
 43.3277  0.00531255954  0.00141210652  0.000145525276
 43.3589  0.00510923786  0.00155409693  0.00011617985
 43.3901  0.00491021621  0.00152330353  0.000141614569
 43.4213  0.00526447954  0.00137011621  0.000159423971
 43.4525  0.00573315235  0.001540207  0.000178189438
 43.4837  0.00679018041  0.00136076698  0.000235858201
 43.5149  0.00900808111  0.00171854033  0.000326269101
 43.5461  0.0129272287  0.00371352273  0.000511047904
 43.5773  0.0160756951  0.00628225719  0.000795867324
 43.6085  0.0153339427  0.00722578947  0.00110440231
 43.6397  0.0109307445  0.00492190292  0.00110919103
 43.6709  0.00632840425  0.00310706641  0.000625793044
 43.7021  0.00317654731  0.00109844864  0.000353977797
 43.7333  0.00333467351  0.000746379864  0.000277773439
 43.7645  0.00243777328  0.000795621739  0.000191125935
 43.7957  0.00425190525  0.00207839763  0.000311964836
 43.8269  0.00453706287  0.00186385005  0.000219477295
 43.8581  0.00440640151  0.00133523657  0.000125399193
 43.8893  0.00611781446  0.00117856563  0.000150127705
 43.9205  0.00845725019  0.00162458275  0.000310303579
 43.9517  0.0114642581  0.0024069702  0.000422714836
 43.9829  0.0134135179  0.00254640379  0.000467754724
 44.0141  0.0124549491  0.00238016928  0.000313826951
 44.0453  0.0122427836  0.00257671876  0.000323872842
 44.0765  0.0156403219  0.00425513514  0.000388758393
 44.1077  0.0235443698  0.00649639564  0.000652093908
 44.1389  0.0318094441  0.00923260298  0.000934911264
 44.1701  0.034217373  0.0109697373  0.000834498787
 44.2013  0.0324399343  0.0107556562  0.000793999783
 44.2325  0.0297472602  0.00938268552  0.000837833343
 44.2637  0.0247452852  0.0083835077  0.000668879458
 44.2949  0.0214139654  0.00760143732  0.000550742191
 44.3261  0.021731269  0.00724299524  0.000683713383
 44.3573  0.0272459622  0.00873102098  0.000961394981
 44.3885  0.0242984793  0.00710937777  0.000477700344
 44.4197  0.0220680167  0.00619885999  0.00040597799
 44.4509  0.0228781815  0.00667253805  0.000447313626
 44.4821  0.0235515763  0.00718556397  0.000494660291
 44.5133  0.0243878233  0.00784821262  0.000542370818
 44.5445  0.0239284888  0.00684167359  0.000571099789
 44.5757  0.0221362088  0.00495194236  0.000402480042
 44.6069  0.0257857056  0.00595869291  0.000557562073
 44.6381  0.0261434346  0.00647143224  0.000575273847
 44.6693  0.0275840529  0.00786558795  0.000694091507
 44.7005  0.0285758867  0.00970514247  0.000715697832
 44.7317  0.0256568532  0.00995950918  0.000599278292
 44.763  0.0282315674  0.00940169109  0.000757492143
 44.7942  0.0316910631  0.0113295817  0.000895394167
 44.8254  0.0351740227  0.0150583175  0.00103459335
 44.8566  0.0397652129  0.019439064  0.0016102633
 44.8878  0.0447086055  0.0226057078  0.00315158938
 44.919  0.0499884598  0.0210682308  0.0066750197
 44.9502  0.0582703981  0.0420413682  0.0119901778
 44.9814  0.0681855813  0.119571078  0.0204724787
 45.0126  0.0751597977  0.134844728  0.0253341836
 45.0438  0.0750994713  0.0492449368  0.0347814691
 45.075  0.0396262877  0.0436784103  0.0174486592
 45.1062  0.027257417  0.0183653582  0.0116283418
 45.1374  0.0286949799  0.0268764571  0.0171174054
 45.1686  0.0221596116  0.0136305228  0.00909290148
 45.1998  0.0163880216  0.00644221059  0.00455866811
 45.231  0.0136861973  0.00423197528  0.00295292929
 45.2622  0.0148965328  0.00538512838  0.00349966772
 45.2934  0.0206585157  0.00853771475  0.00366854046
 45.3246  0.0255737508  0.0183764869  0.00639491881
 45.3558  nan  nan  nan
 45.387  nan  nan  nan
 45.4182  nan  nan  nan
 45.4494  nan  nan  nan
