# X (m) TKE_avg epsilon_turb_pw_avg_Y_avg epsilon_pw_avg_Y_avg
 33.0307  6.8913668e-05  1.31038736e-06  8.25090081e-07
 33.0614  7.00326283e-05  1.13315013e-06  1.33006972e-06
 33.0921  8.24837075e-05  1.88908047e-06  2.18500233e-06
 33.1227  8.34293229e-05  2.72287793e-06  2.75609997e-06
 33.1534  7.7513615e-05  5.31617037e-06  4.83337945e-06
 33.1841  7.06080887e-05  1.8873577e-06  1.25712086e-05
 33.2148  8.31344342e-05  4.0398152e-06  1.04350825e-05
 33.2455  9.11529917e-05  8.80712318e-06  2.34045899e-05
 33.2762  8.12737929e-05  6.27903545e-06  2.57152516e-05
 33.3069  6.74429879e-05  3.62118582e-06  1.97605899e-05
 33.3376  6.99894715e-05  2.90381131e-06  1.95493937e-05
 33.3682  9.02601896e-05  3.94973625e-06  2.8357434e-05
 33.3989  8.80298204e-05  7.84288577e-06  3.54813178e-05
 33.4296  6.46263306e-05  6.92884924e-06  3.11160292e-05
 33.4603  9.43560824e-05  7.53508327e-06  4.57969619e-05
 33.491  0.000108149298  9.45242755e-06  6.02242425e-05
 33.5217  8.04542084e-05  6.91169258e-06  4.07289815e-05
 33.5524  9.65388222e-05  7.02404954e-06  4.50816719e-05
 33.583  0.000128665252  7.29197693e-06  5.07773004e-05
 33.6137  0.000148565045  6.61953411e-06  5.13438073e-05
 33.6444  0.000125678469  5.13028178e-06  4.36011691e-05
 33.6751  0.000122297886  5.35011148e-06  4.54438826e-05
 33.7058  0.000105776546  5.24990837e-06  4.43514441e-05
 33.7365  9.39940802e-05  5.13674841e-06  4.52857023e-05
 33.7672  0.00011366788  5.41003472e-06  5.51658928e-05
 33.7979  0.000124885219  5.36707039e-06  6.30260953e-05
 33.8285  0.000173369646  8.44781736e-06  7.86696064e-05
 33.8592  0.000211880242  1.39079044e-05  8.71627212e-05
 33.8899  0.000247722296  1.35600139e-05  9.41594339e-05
 33.9206  0.00028135116  1.26715369e-05  8.47368046e-05
 33.9513  0.000280432303  1.2030202e-05  7.7476414e-05
 33.982  0.000167364008  1.000004e-05  6.9396995e-05
 34.0127  0.000125263195  5.79948133e-06  6.9697297e-05
 34.0433  0.00015024222  8.63343068e-06  6.47331705e-05
 34.074  0.000140002765  7.69435835e-06  5.06156203e-05
 34.1047  0.000119569138  6.63540505e-06  4.12022843e-05
 34.1354  8.94994181e-05  5.54605413e-06  3.30834011e-05
 34.1661  0.00014877369  8.34542773e-06  3.90374824e-05
 34.1968  9.21981982e-05  3.95985781e-06  2.38899815e-05
 34.2275  0.000110509397  6.77266347e-06  2.63278137e-05
 34.2582  0.000109869507  7.30839987e-06  2.4420207e-05
 34.2888  0.00010958456  6.41769511e-06  2.1536428e-05
 34.3195  0.000119116085  5.90225768e-06  1.99172089e-05
 34.3502  0.000124155984  6.21484252e-06  1.80604826e-05
 34.3809  0.000140225855  7.70188545e-06  2.04224487e-05
 34.4116  0.000159239866  1.08775693e-05  2.09223284e-05
 34.4423  0.000170708357  1.10420227e-05  1.81190254e-05
 34.473  0.000173452056  1.12856452e-05  1.68493593e-05
 34.5036  0.000179379911  1.28451942e-05  1.67842109e-05
 34.5343  0.000184587234  1.3540294e-05  1.74531018e-05
 34.565  0.000203617958  1.60146776e-05  1.94655048e-05
 34.5957  0.000186450968  1.50169612e-05  1.64226591e-05
 34.6264  0.00020893641  1.58849252e-05  1.63783318e-05
 34.6571  0.000220659127  1.59215017e-05  1.42122885e-05
 34.6878  0.000238773986  1.55378598e-05  1.07105594e-05
 34.7185  0.000275309255  1.86652876e-05  9.78955166e-06
 34.7491  0.000294813978  2.00036363e-05  9.39706904e-06
 34.7798  0.000267955649  1.753161e-05  7.61220971e-06
 34.8105  0.000264304909  1.68298734e-05  8.37259333e-06
 34.8412  0.000263871462  1.65138456e-05  9.40259472e-06
 34.8719  0.000268410654  1.89009836e-05  9.47746603e-06
 34.9026  0.000256500752  1.95940496e-05  1.5600134e-05
 34.9333  0.000249507098  1.78705082e-05  1.48148001e-05
 34.9639  0.000234166296  1.51184362e-05  1.30518674e-05
 34.9946  0.000238388248  1.19261934e-05  1.04604116e-05
 35.0253  0.000220089807  8.88539154e-06  7.427008e-06
 35.056  0.000221202615  1.09005247e-05  8.78516993e-06
 35.0867  0.000237002901  1.07446661e-05  7.77405035e-06
 35.1174  0.000231669147  1.53052911e-05  1.26358298e-05
 35.1481  0.000231566516  1.46362818e-05  1.31929719e-05
 35.1788  0.000243851819  1.36912808e-05  1.47210726e-05
 35.2094  0.000235030679  9.54088358e-06  7.45941128e-06
 35.2401  0.000239362791  1.5405996e-05  1.31061941e-05
 35.2708  0.000245102138  1.65259649e-05  8.371301e-06
 35.3015  0.000261509353  2.57436526e-05  1.3636784e-05
 35.3322  0.000270077025  1.88741386e-05  1.96799558e-05
 35.3629  0.000284213085  4.12567179e-05  1.70428661e-05
 35.3936  0.00025533439  2.23085642e-05  1.42744981e-05
 35.4242  0.000247641393  7.63801724e-06  7.35376355e-06
 35.4549  0.000246985357  6.88403431e-06  7.83349583e-06
 35.4856  0.000253044312  1.14260047e-05  1.34258007e-05
 35.5163  0.000283623468  8.24351044e-06  9.29597854e-06
 35.547  0.000287263292  9.5121308e-06  7.81871498e-06
 35.5777  0.000266490479  1.00660324e-05  8.10909792e-06
 35.6084  0.000246243503  7.170158e-06  6.12233262e-06
 35.6391  0.00024644688  6.68044632e-06  6.21667015e-06
 35.6697  0.000276593287  7.46237246e-06  6.54666292e-06
 35.7004  0.000306371585  7.74582099e-06  6.47215453e-06
 35.7311  0.000293698141  7.40866537e-06  5.8332586e-06
 35.7618  0.000249568219  6.07331974e-06  5.48222323e-06
 35.7925  0.000202320009  4.07106164e-06  5.59513576e-06
 35.8232  0.000186268251  3.73857584e-06  6.64370557e-06
 35.8539  0.000202341017  4.44252884e-06  7.65945981e-06
 35.8845  0.000213605077  4.1568055e-06  7.57763717e-06
 35.9152  0.000214688321  4.49260937e-06  8.09074375e-06
 35.9459  0.000205029194  5.20499062e-06  9.27858232e-06
 35.9766  0.000205536741  4.19810684e-06  5.79894108e-06
 36.0073  0.000210262851  3.70720474e-06  5.84987256e-06
 36.038  0.000219510923  3.66956373e-06  7.09172731e-06
 36.0687  0.000227921635  4.00399566e-06  5.83379489e-06
 36.0994  0.000233279321  1.18470236e-05  1.27861487e-05
 36.13  0.000246157861  1.70825715e-05  1.53060967e-05
 36.1607  0.000252700413  2.62300626e-05  2.40679179e-05
 36.1914  0.000270732794  1.97888365e-05  1.79652897e-05
 36.2221  0.000281358409  2.18968212e-05  2.52562935e-05
 36.2528  0.00031318911  1.64415657e-05  2.43306137e-05
 36.2835  0.000343284868  1.42996095e-05  1.97319073e-05
 36.3142  0.00039662001  1.37904443e-05  1.43114834e-05
 36.3448  0.000454919101  1.63966909e-05  1.65188772e-05
 36.3755  0.000489143589  2.50587298e-05  2.18194327e-05
 36.4062  0.000487955964  2.20161538e-05  1.58778097e-05
 36.4369  0.000471346442  1.66939408e-05  8.99443274e-06
 36.4676  0.00049506961  2.07506499e-05  1.78902063e-05
 36.4983  0.000481856258  2.40037927e-05  1.76221531e-05
 36.529  0.000423324966  1.94183735e-05  9.19802322e-06
 36.5597  0.000381783514  2.13002889e-05  1.11795161e-05
 36.5903  0.000349953517  2.49901378e-05  1.80744229e-05
 36.621  0.000351139574  3.08132901e-05  2.89528264e-05
 36.6517  0.000366784863  3.03863889e-05  3.43567073e-05
 36.6824  0.000393840817  2.30250996e-05  3.66164698e-05
 36.7131  0.000440531885  2.22796139e-05  2.327323e-05
 36.7438  0.000469445746  2.87942087e-05  2.85248977e-05
 36.7745  0.000453785223  3.24197853e-05  3.33813143e-05
 36.8051  0.000426280215  3.60103329e-05  3.98911023e-05
 36.8358  0.000377781136  2.52657054e-05  2.7259844e-05
 36.8665  0.000381894841  2.47968226e-05  3.05952436e-05
 36.8972  0.000383919937  2.95377567e-05  4.11964919e-05
 36.9279  0.000366055209  2.39274117e-05  3.32264402e-05
 36.9586  0.000378984291  2.46699593e-05  3.78957578e-05
 36.9893  0.000389415739  2.3251009e-05  4.23753161e-05
 37.02  0.00041028557  2.330143e-05  4.39074372e-05
 37.0506  0.000431288226  2.48673216e-05  4.31612224e-05
 37.0813  0.000443536632  2.90687478e-05  4.21257258e-05
 37.112  0.000435111667  2.84552219e-05  4.32506591e-05
 37.1427  0.00047016429  2.39273286e-05  4.34008768e-05
 37.1734  0.000476263778  2.32351703e-05  3.93800274e-05
 37.2041  0.000502588992  2.00025222e-05  3.60452992e-05
 37.2348  0.000593685755  3.06399765e-05  3.93352274e-05
 37.2654  0.000614551755  2.91165666e-05  3.27721833e-05
 37.2961  0.000671907336  2.92955904e-05  3.16950459e-05
 37.3268  0.000745326328  3.47885362e-05  3.59564088e-05
 37.3575  0.000711974353  3.12368622e-05  3.54028301e-05
 37.3882  0.000616224734  3.0499324e-05  3.15438774e-05
 37.4189  0.000591108535  3.18927513e-05  2.95542499e-05
 37.4496  0.000588886255  2.97570026e-05  2.81703922e-05
 37.4803  0.000549357618  2.25355079e-05  2.53200913e-05
 37.5109  0.000506849683  1.84489965e-05  2.17170388e-05
 37.5416  0.00049976359  2.02758319e-05  2.34715595e-05
 37.5723  0.000477915506  2.16502834e-05  2.4834272e-05
 37.603  0.000444820755  1.84552125e-05  2.1177771e-05
 37.6337  0.000433512933  1.59263346e-05  1.82021499e-05
 37.6644  0.000440171981  1.77298827e-05  1.78520819e-05
 37.6951  0.000499366927  2.91865755e-05  2.7091923e-05
 37.7257  0.000556251192  2.28502093e-05  1.64957535e-05
 37.7564  0.000610545018  2.61245402e-05  1.64404975e-05
 37.7871  0.000683767327  2.89772407e-05  1.59382169e-05
 37.8178  0.000744994508  3.55022833e-05  1.59540525e-05
 37.8485  0.000721933572  5.49160153e-05  1.85318262e-05
 37.8792  0.000676417323  7.29717529e-05  5.78153514e-05
 37.9099  0.000686129783  4.7535518e-05  2.78214035e-05
 37.9406  0.000689960423  3.92772049e-05  2.75330388e-05
 37.9712  0.00070153994  3.5561471e-05  1.71289021e-05
 38.0019  0.000728535585  4.21193556e-05  1.75597061e-05
 38.0326  0.000892436534  5.35446814e-05  3.23468265e-05
 38.0633  0.000998021147  5.60790457e-05  3.13871643e-05
 38.094  0.00107734337  7.66753175e-05  3.9268846e-05
 38.1247  0.00113582595  9.06292978e-05  3.91755589e-05
 38.1554  0.00117072022  8.76025229e-05  3.44584671e-05
 38.1861  0.00112008168  7.78527317e-05  2.58956829e-05
 38.2167  0.000906775165  0.000168409527  0.000133141733
 38.2474  0.000758548674  7.68490645e-05  7.25139275e-05
 38.2781  0.000714673476  7.60405185e-05  6.75653864e-05
 38.3088  0.000728970606  7.96014638e-05  4.55908086e-05
 38.3395  0.000788160051  8.94007825e-05  3.78807294e-05
 38.3702  0.000889023632  0.000159469774  0.000112111816
 38.4009  0.00108890576  0.000132434194  9.15002012e-05
 38.4315  0.001240999  0.000102004093  0.000106829675
 38.4622  0.00136058189  9.31237809e-05  0.000125294417
 38.4929  0.00143833898  0.000126206288  0.000151056529
 38.5236  0.000976903144  3.88031805e-05  6.83903673e-05
 38.5543  0.000787548312  1.62530841e-05  5.08760719e-05
 38.585  0.000749394355  1.57059262e-05  4.18074764e-05
 38.6157  0.000773567964  1.69123121e-05  4.28437556e-05
 38.6464  0.000890601934  2.73552007e-05  4.94815121e-05
 38.677  0.00105551046  3.89406579e-05  5.68199361e-05
 38.7077  0.00125424753  8.52096442e-05  0.000101508345
 38.7384  0.00160786054  5.93637412e-05  6.9111556e-05
 38.7691  0.00176244543  5.67042929e-05  5.35618689e-05
 38.7998  0.00181681876  8.2680923e-05  6.82905133e-05
 38.8305  0.00194929114  0.000148114919  0.000136805631
 38.8612  0.00202335716  0.000107165748  9.35352498e-05
 38.8918  0.00212690814  0.000144637192  0.000130199371
 38.9225  0.00237520822  0.000224732027  0.000230470739
 38.9532  0.00282212062  0.000236195391  0.000187089056
 38.9839  0.00302777932  0.000259784087  0.000189361103
 39.0146  0.00328272691  0.00021845377  0.000116854189
 39.0453  0.0035628961  0.000314426842  0.000149089694
 39.076  0.00390931741  0.000351780629  0.000212031215
 39.1067  0.00432085254  0.000396405724  0.000229316478
 39.1373  0.00464210448  0.000559796361  0.000350073631
 39.168  0.00489689669  0.000455153142  0.000181981866
 39.1987  0.00476691819  0.000559430123  0.00026869836
 39.2294  0.00542429266  0.000499145022  0.000148120749
 39.2601  0.00602713929  0.00042949851  9.56505614e-05
 39.2908  0.0068238842  0.000408650406  0.000105284692
 39.3215  0.00774756416  0.000452472926  0.000134205116
 39.3521  0.00800499629  0.00063803928  0.00012504017
 39.3828  0.00768062204  0.000685317201  0.000125364699
 39.4135  0.00729314675  0.000687632345  0.000164714082
 39.4442  0.0068724444  0.000559102343  0.000112677138
 39.4749  0.00635064625  0.000495529744  9.06875148e-05
 39.5056  0.00581716993  0.000551744254  0.000123777973
 39.5363  0.00563509264  0.000647660168  0.00012256451
 39.567  0.00706605295  0.000749793391  7.90565491e-05
 39.5976  0.00797681974  0.00090725927  8.73908601e-05
 39.6283  0.00801433559  0.000918854203  0.0001115305
 39.659  0.00817246065  0.000800793481  0.000104818337
 39.6897  0.00927409128  0.000877285747  0.000124879225
 39.7204  0.0113836725  0.00108124904  0.000123339995
 39.7511  0.0118369565  0.00114024247  0.000128219618
 39.7818  0.012408514  0.00120819906  0.000120473655
 39.8124  0.0131027165  0.0012956535  0.00013074339
 39.8431  0.0133769922  0.00157202082  0.000147039663
 39.8738  0.0146145869  0.00217318945  0.000182225737
 39.9045  0.0148120362  0.00228710339  0.000216697108
 39.9352  0.0190175805  0.00361353443  0.000336519655
 39.9659  0.0274053096  0.00562265032  0.000427713607
 39.9966  0.036372666  0.00729049245  0.000404026146
 40.0273  0.0368264642  0.00882812333  0.000444576587
 40.0579  0.0352884941  0.00843238662  0.000422860568
 40.0886  0.0330071237  0.00761988185  0.000411197458
 40.1193  0.031049653  0.00766974926  0.000405157787
 40.15  0.0296281174  0.0080774945  0.000392725378
 40.1807  0.0270130269  0.00644635279  0.000310347623
 40.2114  0.0213066175  0.00437259596  0.00024052035
 40.2421  0.0162048873  0.00323164576  0.000184969449
 40.2727  0.0110311777  0.00219497713  0.000129266003
 40.3034  0.00792036216  0.00136935048  0.000101065359
 40.3341  0.00875395527  0.00115630676  8.68855191e-05
 40.3648  0.0115493044  0.00174210004  0.000110734548
 40.3955  0.0125097373  0.00165298824  0.000123120223
 40.4262  0.0145695521  0.00169616046  0.000144348546
 40.4569  0.0175951521  0.0019930351  0.000166151362
 40.4876  0.0211078824  0.00264071003  0.000197911742
 40.5182  0.0253918578  0.00337503823  0.000246215593
 40.5489  0.0297574204  0.00468815676  0.00027403943
 40.5796  0.0306896371  0.00524703952  0.000286446908
 40.6103  0.0296202673  0.00588963474  0.000303151162
 40.641  0.0281243791  0.00649329401  0.000312406287
 40.6717  0.026766566  0.00609761054  0.000288305554
 40.7024  0.0223442367  0.00471637942  0.000233447084
 40.733  0.0223860536  0.00351485707  0.000211678291
 40.7637  0.0218370894  0.00321548412  0.000208128754
 40.7944  0.020207826  0.00329039336  0.000204097934
 40.8251  0.0183277466  0.00310668187  0.000189622361
 40.8558  0.016771364  0.00266586077  0.000185155962
 40.8865  0.0163496723  0.00265581881  0.000188123961
 40.9172  0.0173370081  0.0029481942  0.000203107359
 40.9479  0.0186790066  0.0033608782  0.000211297846
 40.9785  0.019885629  0.00370977008  0.000222254341
 41.0092  0.0211038572  0.00352647016  0.0002371428
 41.0399  0.0217256146  0.0033103478  0.000230485564
 41.0706  0.0217045754  0.00309501989  0.00024137817
 41.1013  0.0223853353  0.00351143196  0.000284277585
 41.132  0.0241193477  0.0043655023  0.000348797779
 41.1627  0.02555005  0.00463399669  0.000385097912
 41.1933  0.0246700553  0.00414708615  0.000400189523
 41.224  0.0206647937  0.00281974627  0.00029512328
 41.2547  0.0165536389  0.00161186047  0.000243902389
 41.2854  0.0159916828  0.00160917997  0.000262492005
 41.3161  0.0149930145  0.00112088897  0.000175135585
 41.3468  0.012765413  0.000960995852  0.000146613691
 41.3775  0.0116258198  0.00106685368  0.000185340143
 41.4082  0.0102400366  0.000846489546  0.000149871177
 41.4388  0.00961835094  0.000791577267  0.000165803248
 41.4695  0.00920315509  0.000738465728  0.000151533689
 41.5002  0.00939106475  0.000738885367  0.000183704683
 41.5309  0.0086294366  0.000671236445  0.000196795303
 41.5616  0.00870032615  0.000754906431  0.000206465955
 41.5923  0.00856435261  0.000903249391  0.000222815492
 41.623  0.00905022929  0.00096979442  0.000212678875
 41.6536  0.0102465642  0.00107927835  0.000228287184
 41.6843  0.00955004119  0.00115367572  0.000211140756
 41.715  0.00774653258  0.00100383779  0.000153097395
 41.7457  0.00702449629  0.00100988416  0.000136869899
 41.7764  0.00682955345  0.000804451029  0.000125441033
 41.8071  0.00733022217  0.000681789926  0.000122687234
 41.8378  0.00863968928  0.000868893549  9.11243864e-05
 41.8685  0.0105510849  0.000999104079  9.67193934e-05
 41.8991  0.0105743732  0.00130710167  0.000103254457
 41.9298  0.00938643313  0.00115514559  0.000120331298
 41.9605  0.00796474818  0.000904767734  9.58663308e-05
 41.9912  0.00726694975  0.000925305601  9.36372964e-05
 42.0219  0.0081488805  0.000891625936  8.29082092e-05
 42.0526  0.00912106553  0.000776299185  7.68360849e-05
 42.0833  0.00784376791  0.000862087716  7.59850096e-05
 42.1139  0.00650102031  0.000779273164  7.11566123e-05
 42.1446  0.00605200644  0.000607608588  6.49708646e-05
 42.1753  0.00603987151  0.000635389752  6.77441194e-05
 42.206  0.00618825894  0.000725699143  6.97792403e-05
 42.2367  0.00685365833  0.000759981012  7.26593358e-05
 42.2674  0.00565886841  0.000656889312  6.78867461e-05
 42.2981  0.00409810013  0.000472812007  5.83970642e-05
 42.3288  0.00403580658  0.000350620832  4.75117143e-05
 42.3594  0.00511421034  0.00050750277  5.94140335e-05
 42.3901  0.00511663245  0.000458130737  5.34051106e-05
 42.4208  0.00508349143  0.000486446792  6.16678251e-05
 42.4515  0.0057328278  0.000556744284  6.60606454e-05
 42.4822  0.00686300395  0.000666988278  7.51277534e-05
 42.5129  0.00712200234  0.000675749914  8.37034233e-05
 42.5436  0.00699567688  0.000664031365  7.65823326e-05
 42.5742  0.0065686272  0.000691116315  7.58819823e-05
 42.6049  0.0055788814  0.00061167831  6.84372445e-05
 42.6356  0.00462456862  0.000492612495  6.04702733e-05
 42.6663  0.0043596791  0.000394004568  5.71715674e-05
 42.697  0.00492213168  0.00040799493  6.27221039e-05
 42.7277  0.00538168199  0.000406827188  6.51760916e-05
 42.7584  0.00555174429  0.000519449666  6.68819977e-05
 42.7891  0.00520209986  0.000629918568  6.93481594e-05
 42.8197  0.00477766901  0.000653916021  7.19138318e-05
 42.8504  0.00476124037  0.000503677716  6.27336186e-05
 42.8811  0.00493459916  0.000583234999  6.23784882e-05
 42.9118  0.00466072318  0.000520928981  6.13541725e-05
 42.9425  0.00433953553  0.000486410258  6.26327442e-05
 42.9732  0.00406075394  0.000434172687  6.19832729e-05
 43.0039  0.00408070299  0.000375970585  6.41597003e-05
 43.0345  0.0041459732  0.000515667897  6.89163348e-05
 43.0652  0.00410328895  0.000528736306  6.91876382e-05
 43.0959  0.00528239797  0.000927220048  8.66431744e-05
 43.1266  0.00782486737  0.00158929128  0.000124386994
 43.1573  0.0104093384  0.00218172506  0.000155237141
 43.188  0.0100615477  0.00221074925  0.00015295647
 43.2187  0.00861318007  0.00177843996  0.000134927678
 43.2494  0.00737847834  0.00144105006  0.000116369786
 43.28  0.00729779905  0.00149166499  0.000129478674
 43.3107  0.00904366681  0.0019767972  0.000176693134
 43.3414  0.0119585591  0.00263623358  0.000228434021
 43.3721  0.0135832567  0.00310011855  0.000239096124
 43.4028  0.0117541159  0.0023205152  0.000228252006
 43.4335  0.0104125747  0.00197106181  0.000262965235
 43.4642  0.0102091249  0.00202244643  0.000330373434
 43.4948  0.0107875814  0.00228844726  0.000432109865
 43.5255  0.0110866247  0.00281466396  0.000567426745
 43.5562  0.0148276306  0.00536762243  0.000807487906
 43.5869  0.0164311478  0.0075239269  0.000996530666
 43.6176  0.0156136677  0.00737916471  0.00110771253
 43.6483  0.0125486744  0.00375086171  0.000981464031
 43.679  0.0114757985  0.00213319407  0.00100669165
 43.7097  0.00578977029  0.000976787462  0.000506644698
 43.7403  0.00543438995  0.000760418003  0.000341452774
 43.771  0.00599670236  0.000770165561  0.000294381258
 43.8017  0.00607791336  0.000718956079  0.000206840612
 43.8324  0.00567559671  0.000556280001  0.000109052046
 43.8631  0.00514877742  0.000438140564  0.000101734874
 43.8938  0.00468799085  0.000410134902  0.000138096677
 43.9245  0.00455301453  0.000520151494  0.000244037555
 43.9551  0.00503000732  0.000636666581  0.00034570607
 43.9858  0.00636176416  0.00081202523  0.000416451665
 44.0165  0.00766241574  0.000989866045  0.000330764296
 44.0472  0.00796137445  0.000990770239  0.000282997174
 44.0779  0.00881875846  0.00130075483  0.000265609798
 44.1086  0.00890924732  0.00132862528  0.000264529478
 44.1393  0.0090807274  0.00137511454  0.000265303211
 44.17  0.00985955364  0.00166471925  0.000235817804
 44.2006  0.0110898767  0.00194799196  0.000262469243
 44.2313  0.0111573441  0.00181991508  0.000229524268
 44.262  0.0118908384  0.00200671739  0.000267846366
 44.2927  0.0125314817  0.00242621336  0.000315256309
 44.3234  0.0128956777  0.00260851523  0.000326654348
 44.3541  0.0126220135  0.00219828381  0.000255180993
 44.3848  0.0129106062  0.00242935206  0.000270013779
 44.4154  0.0115312982  0.00195523729  0.000267739654
 44.4461  0.0112129077  0.00194834446  0.0002842539
 44.4768  0.0113315062  0.00189482317  0.00030695656
 44.5075  0.0117496358  0.00185999855  0.000304725818
 44.5382  0.0120883078  0.00258351057  0.000424167731
 44.5689  0.0125379832  0.00276585665  0.000390647341
 44.5996  0.0128797698  0.00295154952  0.000645089757
 44.6303  0.0131935336  0.00282371474  0.000642779654
 44.6609  0.0126976795  0.00297513495  0.000576328636
 44.6916  0.0110885268  0.00262454441  0.000525090874
 44.7223  0.0123130497  0.00258841607  0.000698200931
 44.753  0.0111310969  0.00244532081  0.0007540346
 44.7837  0.0114742755  0.00304452386  0.000896748535
 44.8144  0.0127104064  0.00426076007  0.00134598223
 44.8451  0.0168721985  0.00627799624  0.00199333276
 44.8757  0.0175020193  0.00464857897  0.00207181814
 44.9064  0.0193944054  0.00479332236  0.00220758458
 44.9371  0.0194657973  0.00707445346  0.00312045758
 44.9678  0.0158539841  0.0097501317  0.00459943276
 44.9985  nan  nan  nan
 45.0292  nan  nan  nan
 45.0599  nan  nan  nan
 45.0906  nan  nan  nan
 45.1212  nan  nan  nan
 45.1519  nan  nan  nan
 45.1826  nan  nan  nan
 45.2133  nan  nan  nan
 45.244  nan  nan  nan
