# X (m) TKE_avg epsilon_turb_pw_avg_Y_avg epsilon_pw_avg_Y_avg
 33.0308  7.3138137e-05  2.47182336e-06  1.82631909e-06
 33.0617  6.95294563e-05  2.26392703e-06  1.96480328e-06
 33.0925  7.34427144e-05  2.99998765e-06  2.61099217e-06
 33.1234  5.31785167e-05  2.2967367e-06  2.83012588e-06
 33.1542  4.31152579e-05  1.70871013e-06  6.71655944e-06
 33.185  4.73831994e-05  3.9959279e-06  2.17029478e-05
 33.2159  6.89252042e-05  2.64930303e-06  1.15562993e-05
 33.2467  6.79691528e-05  4.88184953e-06  2.51604083e-05
 33.2775  7.36692427e-05  4.80796007e-06  3.31535838e-05
 33.3084  6.08281832e-05  3.44722474e-06  2.9523595e-05
 33.3392  2.66589072e-05  2.3768269e-06  2.32210834e-05
 33.3701  6.93358062e-05  3.36095521e-06  2.6645269e-05
 33.4009  4.72882965e-05  4.62433767e-06  2.51831575e-05
 33.4317  5.60851525e-05  4.91545435e-06  3.01293601e-05
 33.4626  5.21926663e-05  4.46894134e-06  2.98660878e-05
 33.4934  6.35848076e-05  5.05737082e-06  3.5630013e-05
 33.5243  9.08931638e-05  5.31741277e-06  4.37719882e-05
 33.5551  8.74361142e-05  7.93918184e-06  4.18111204e-05
 33.5859  6.75247573e-05  8.36954604e-06  4.06637932e-05
 33.6168  5.62692291e-05  7.25756033e-06  3.40850083e-05
 33.6476  3.73330564e-05  3.20982914e-06  1.62944988e-05
 33.6785  3.7527371e-05  5.52416341e-06  1.50306899e-05
 33.7093  2.61875532e-05  4.98941838e-06  1.24262289e-05
 33.7401  2.34905745e-05  2.29655068e-06  5.60072582e-06
 33.771  2.21498146e-05  2.87697576e-06  5.16135034e-06
 33.8018  2.53945055e-05  5.23075482e-06  8.68789014e-06
 33.8326  2.41385773e-05  2.04955449e-06  5.05829274e-06
 33.8635  2.45686543e-05  8.41618265e-06  1.2006123e-05
 33.8943  2.49174219e-05  8.68202632e-06  1.38303417e-05
 33.9252  2.48310707e-05  1.83576592e-06  5.07855203e-06
 33.956  2.8226718e-05  4.86365544e-06  5.03834011e-06
 33.9868  2.75232728e-05  7.38382537e-06  8.54124102e-06
 34.0177  3.545242e-05  1.07978477e-05  1.73988931e-05
 34.0485  2.94959819e-05  7.0300912e-06  6.37476381e-06
 34.0794  3.20104422e-05  4.32477472e-06  6.94521594e-06
 34.1102  3.8518048e-05  2.25333069e-06  5.99303299e-06
 34.141  4.48903962e-05  5.03072883e-06  9.44127621e-06
 34.1719  4.73516802e-05  5.44268916e-06  1.05072693e-05
 34.2027  5.4623277e-05  4.88250624e-06  9.05919624e-06
 34.2336  5.04829473e-05  5.85260094e-06  7.38047974e-06
 34.2644  4.67932959e-05  5.90415115e-06  6.28423902e-06
 34.2952  4.96939957e-05  4.5487111e-06  5.08416796e-06
 34.3261  6.41955548e-05  4.40743354e-06  6.3812209e-06
 34.3569  7.91093707e-05  6.88233586e-06  1.07774857e-05
 34.3877  6.32434762e-05  4.0321675e-06  5.86998868e-06
 34.4186  7.11387337e-05  7.01249325e-06  6.4545339e-06
 34.4494  7.45750128e-05  6.02380988e-06  6.78136249e-06
 34.4803  8.05134434e-05  4.87979298e-06  5.28815876e-06
 34.5111  7.96081451e-05  8.14969745e-06  5.12502439e-06
 34.5419  6.27486134e-05  4.022175e-06  3.55350997e-06
 34.5728  6.24959842e-05  1.89526102e-06  3.60708534e-06
 34.6036  6.54363252e-05  1.86869147e-06  4.20929837e-06
 34.6345  6.59186332e-05  2.12251111e-06  4.5986392e-06
 34.6653  7.35410668e-05  2.5118829e-06  4.8654802e-06
 34.6961  8.23067769e-05  2.48608551e-06  4.68587372e-06
 34.727  9.98841263e-05  2.78452785e-06  4.69095667e-06
 34.7578  0.000120982085  3.64237291e-06  5.28238515e-06
 34.7887  0.000136086417  4.47636469e-06  5.42584696e-06
 34.8195  0.000148074494  4.89282079e-06  5.5854393e-06
 34.8503  0.000168111296  5.83076583e-06  5.90416831e-06
 34.8812  0.000188589418  7.93798869e-06  6.21276347e-06
 34.912  0.000186584982  8.84136624e-06  7.03133565e-06
 34.9428  0.000190716721  8.91654633e-06  7.85398995e-06
 34.9737  0.000192250123  9.87109086e-06  1.21707136e-05
 35.0045  0.000203690214  8.50861909e-06  1.10323198e-05
 35.0354  0.000201279006  7.03464523e-06  7.72373359e-06
 35.0662  0.000196912445  8.8265195e-06  1.01250735e-05
 35.097  0.000206009659  6.61258146e-06  7.05443266e-06
 35.1279  0.000203603993  1.25185933e-05  1.4042747e-05
 35.1587  0.000216793547  1.25754666e-05  1.30445867e-05
 35.1896  0.000210921957  1.02088614e-05  9.04436612e-06
 35.2204  0.000211058244  9.40680005e-06  1.04682902e-05
 35.2512  0.000195697978  1.26115656e-05  1.73007037e-05
 35.2821  0.000208638343  1.00452814e-05  1.55845138e-05
 35.3129  0.000195730093  7.67040542e-06  1.17254184e-05
 35.3438  0.000202046989  1.02941838e-05  1.95321681e-05
 35.3746  0.000189000438  1.10675176e-05  2.01254031e-05
 35.4054  0.000211744589  1.48058363e-05  2.3402683e-05
 35.4363  0.000226215537  1.4295668e-05  2.66477862e-05
 35.4671  0.000212413106  1.42056786e-05  2.72327647e-05
 35.4979  0.000214049379  1.13409633e-05  2.41983311e-05
 35.5288  0.000227237232  1.2181389e-05  3.21831643e-05
 35.5596  0.00026547049  1.66891821e-05  4.4854062e-05
 35.5905  0.000245001598  1.29483373e-05  4.67645031e-05
 35.6213  0.000243930337  1.21757632e-05  4.6479118e-05
 35.6521  0.000291442424  1.87219467e-05  4.84328251e-05
 35.683  0.000312186668  2.42146635e-05  5.18029917e-05
 35.7138  0.000292233401  1.79485852e-05  4.98402344e-05
 35.7447  0.000261665086  1.48986002e-05  4.63854752e-05
 35.7755  0.000248270133  1.11906136e-05  4.99047936e-05
 35.8063  0.000235453835  1.04381965e-05  4.71488209e-05
 35.8372  0.000220430235  1.35213706e-05  4.52387964e-05
 35.868  0.000249153433  1.50890711e-05  4.59334758e-05
 35.8988  0.000245908728  1.28324359e-05  3.73458635e-05
 35.9297  0.000273246587  1.0234315e-05  4.05281095e-05
 35.9605  0.000293432015  1.27823058e-05  4.22763513e-05
 35.9914  0.000328113371  1.59353452e-05  4.08391642e-05
 36.0222  0.000340298052  1.55195063e-05  3.79246033e-05
 36.053  0.000332555256  1.20674683e-05  3.53331966e-05
 36.0839  0.000299402587  1.04981561e-05  3.82539885e-05
 36.1147  0.000274401662  1.03054082e-05  4.01662976e-05
 36.1456  0.000301992675  1.17018082e-05  4.31930929e-05
 36.1764  0.000304430383  1.12645819e-05  3.96108468e-05
 36.2072  0.000284775044  1.17963079e-05  3.57524582e-05
 36.2381  0.000299487768  1.34979249e-05  3.72687648e-05
 36.2689  0.000300515183  1.08335951e-05  3.94406531e-05
 36.2998  0.000250671769  1.12784833e-05  3.28456101e-05
 36.3306  0.000256449263  1.21319571e-05  3.12716066e-05
 36.3614  0.00028093593  1.2497384e-05  3.00780591e-05
 36.3923  0.000246070196  1.01439991e-05  2.30518066e-05
 36.4231  0.000263727187  1.28686123e-05  2.36351446e-05
 36.4539  0.000281790148  1.61431543e-05  2.4757507e-05
 36.4848  0.000248492442  1.42335527e-05  2.22812778e-05
 36.5156  0.000257922912  1.66057853e-05  2.01110134e-05
 36.5465  0.000244762469  1.78903056e-05  1.62581809e-05
 36.5773  0.000220523356  1.72130892e-05  1.23120411e-05
 36.6081  0.000250945146  1.7116613e-05  1.18166908e-05
 36.639  0.000205524473  1.83404072e-05  1.12428757e-05
 36.6698  0.000197581099  1.3895391e-05  1.10737751e-05
 36.7007  0.000211038799  1.16976321e-05  1.1386626e-05
 36.7315  0.000209838504  8.84229256e-06  6.93126435e-06
 36.7623  0.000213310562  1.09838831e-05  8.12776782e-06
 36.7932  0.000202532677  1.62108369e-05  1.2699815e-05
 36.824  0.000203625983  2.02677814e-05  1.36175084e-05
 36.8549  0.000199406538  1.35276276e-05  8.20696252e-06
 36.8857  0.000208830987  1.83880945e-05  1.67631535e-05
 36.9165  0.000244237565  1.58032219e-05  1.38108858e-05
 36.9474  0.000270562325  1.71891948e-05  1.30792686e-05
 36.9782  0.000316533234  1.9606739e-05  1.19222304e-05
 37.009  0.000361363321  2.39322103e-05  1.64019836e-05
 37.0399  0.000362355099  4.0410992e-05  3.44078343e-05
 37.0707  0.000323451586  4.47860612e-05  3.56466668e-05
 37.1016  0.000275231555  4.53923491e-05  3.5659383e-05
 37.1324  0.00030653321  4.06599169e-05  2.34072785e-05
 37.1632  0.00029421779  2.91115472e-05  1.32637721e-05
 37.1941  0.000280101295  2.46137946e-05  9.6793093e-06
 37.2249  0.000289327824  3.22240029e-05  1.10220154e-05
 37.2558  0.000318298727  4.04055891e-05  1.35158389e-05
 37.2866  0.000352898496  4.77251464e-05  1.60366152e-05
 37.3174  0.000317214062  3.52800502e-05  2.53538597e-05
 37.3483  0.000304758141  4.80932653e-05  4.23322448e-05
 37.3791  0.000315763529  4.21409017e-05  2.41568844e-05
 37.41  0.000350779901  3.18343327e-05  2.11069795e-05
 37.4408  0.000394142151  1.73103731e-05  2.19234973e-05
 37.4716  0.000491698919  2.08246683e-05  1.97170372e-05
 37.5025  0.000526656532  2.25587816e-05  2.25740788e-05
 37.5333  0.000569137028  2.84113622e-05  2.42423106e-05
 37.5641  0.00056840204  4.20245146e-05  3.41822954e-05
 37.595  0.000570986133  3.7348937e-05  3.1501651e-05
 37.6258  0.000558045861  1.6133927e-05  1.85518951e-05
 37.6567  0.000609857307  2.57206493e-05  2.72235702e-05
 37.6875  0.000589029713  3.29765369e-05  2.76873896e-05
 37.7183  0.000564770594  3.19128047e-05  3.78297548e-05
 37.7492  0.000527166568  4.21180416e-05  5.1529424e-05
 37.78  0.000508503865  3.17158494e-05  3.02312688e-05
 37.8109  0.000492741519  6.69354702e-05  6.05905556e-05
 37.8417  0.00043507095  3.56216735e-05  4.62053743e-05
 37.8725  0.000364943626  2.39955512e-05  4.40971824e-05
 37.9034  0.000358394506  1.45312895e-05  3.09851747e-05
 37.9342  0.000365391864  1.41172339e-05  3.95930789e-05
 37.965  0.000393347307  2.39365934e-05  4.60874336e-05
 37.9959  0.000408025677  9.84841672e-05  0.000124027717
 38.0267  0.000393283028  9.23195747e-05  0.000115720852
 38.0576  0.000392756537  0.000125496837  0.000183381088
 38.0884  0.000419477086  7.03023678e-05  0.000128454457
 38.1192  0.000462317738  0.00010832286  0.000161774383
 38.1501  0.000586488354  0.000107345353  0.000170460116
 38.1809  0.000589756699  7.74993174e-05  0.000141575439
 38.2118  0.00069205109  9.9509429e-05  0.000199347651
 38.2426  0.000805721678  3.94582557e-05  0.00012172624
 38.2734  0.000942593275  5.32772293e-05  0.000160296832
 38.3043  0.000862077866  6.74356131e-05  0.000155646825
 38.3351  0.000773417674  7.10254196e-05  0.000155527935
 38.366  0.000765691886  6.86253426e-05  0.000159569099
 38.3968  0.000692814956  5.58138704e-05  0.000143761841
 38.4276  0.000644965571  4.39442971e-05  0.000140125024
 38.4585  0.000581626567  3.20138949e-05  0.000115603256
 38.4893  0.000578280199  2.85322391e-05  0.000106840808
 38.5201  0.000633651388  3.33363132e-05  0.000100024806
 38.551  0.000723327191  9.06219075e-05  0.000109012006
 38.5818  0.000838445761  0.000120230649  9.54842266e-05
 38.6127  0.000785324168  9.73832359e-05  6.38973338e-05
 38.6435  0.000871221209  0.000127508889  5.68489359e-05
 38.6743  0.00102962552  0.000302097447  6.00667928e-05
 38.7052  0.000751222395  0.000117261649  4.61413813e-05
 38.736  0.000844223746  0.000126083094  4.7750832e-05
 38.7669  0.000928204089  0.000147668172  3.60175606e-05
 38.7977  0.00112836321  0.000188586049  2.69749011e-05
 38.8285  0.0017081016  0.000367691047  3.9172753e-05
 38.8594  0.00255046499  0.000437768013  4.55801194e-05
 38.8902  0.00303380102  0.000395903779  5.57949294e-05
 38.9211  0.00304735538  0.000323022618  5.72895855e-05
 38.9519  0.00308769376  0.000330844751  5.99333103e-05
 38.9827  0.00305766461  0.000329231356  5.75089673e-05
 39.0136  0.00333609815  0.000384950583  5.49740726e-05
 39.0444  0.00310110307  0.000374489279  5.72291496e-05
 39.0752  0.00326260102  0.000367090462  7.19641724e-05
 39.1061  0.00333528488  0.000355647377  6.49370705e-05
 39.1369  0.00317935884  0.000325949129  4.55999531e-05
 39.1678  0.00327262064  0.000401969294  5.01971303e-05
 39.1986  0.00426531219  0.000644394404  9.37154037e-05
 39.2294  0.00886126423  0.00148404012  0.000117014385
 39.2603  0.0107292014  0.00207879654  0.000132259705
 39.2911  0.0119508953  0.00247346857  0.000144476059
 39.322  0.0156840848  0.00344035029  0.000185278882
 39.3528  0.0217068085  0.00629795538  0.000309252054
 39.3836  0.0242876324  0.00728521487  0.000347403487
 39.4145  0.0254095406  0.00758520419  0.000330774438
 39.4453  0.0238562018  0.00651966283  0.000297758504
 39.4762  0.0190782656  0.00484748411  0.000250587582
 39.507  0.0119767419  0.00391828459  0.000194049032
 39.5378  0.00613492228  0.00163972925  0.000119726872
 39.5687  0.00440629244  0.000952108699  8.34044092e-05
 39.5995  0.0076048259  0.00121872308  0.000128130516
 39.6303  0.0206273922  0.00327292781  0.000258981967
 39.6612  0.0431586078  0.00753619426  0.000452938139
 39.692  0.0641185176  0.0138592851  0.000693896034
 39.7229  0.0706705585  0.0196080276  0.000808524563
 39.7537  0.0679255515  0.0210148004  0.000806505498
 39.7845  0.0618042103  0.0198759596  0.000723427807
 39.8154  0.0539848167  0.0167575865  0.000607325344
 39.8462  0.0450963013  0.0134046901  0.000523861736
 39.8771  0.0421898523  0.0109634218  0.000437774055
 39.9079  0.0385913503  0.00960878268  0.000406454653
 39.9387  0.0458655236  0.0105925998  0.000501762714
 39.9696  0.0553667967  0.015066169  0.000640525326
 40.0004  0.0648660093  0.0220731963  0.000709511206
 40.0312  0.0789224377  0.0266798889  0.000812810526
 40.0621  0.0788557632  0.0246235805  0.0008843164
 40.0929  0.0751377645  0.0264545332  0.000918785884
 40.1238  0.071246571  0.0282857189  0.000911471304
 40.1546  0.063739335  0.0253426691  0.00079765545
 40.1854  0.0525531146  0.0175038411  0.000602232948
 40.2163  0.0489112458  0.0201358183  0.000543098608
 40.2471  0.0433493753  0.0199445572  0.000555940528
 40.278  0.0324226049  0.013048693  0.000427511424
 40.3088  0.024986028  0.00834941615  0.000347986163
 40.3396  0.0216882518  0.00723597753  0.000324545018
 40.3705  0.0247494524  0.0100145908  0.000385261553
 40.4013  0.0262690781  0.0140978731  0.000525090432
 40.4322  0.0236600229  0.011146953  0.000448959108
 40.463  0.025344001  0.0126300533  0.000466125879
 40.4938  0.0261520572  0.0151653925  0.000488349838
 40.5247  0.0204456459  0.012256812  0.000388321122
 40.5555  0.0148772929  0.00608773678  0.000298697676
 40.5863  0.0136281152  0.00527844134  0.000290122912
 40.6172  0.0144423358  0.00596668471  0.000354235838
 40.648  0.0132091445  0.00534850974  0.000390838222
 40.6789  0.0131369018  0.00588968227  0.000437561472
 40.7097  0.0135515195  0.00618831386  0.000388045736
 40.7405  0.0137389538  0.00686059456  0.000477781296
 40.7714  0.0141421047  0.00846708725  0.000537000468
 40.8022  0.0148739633  0.00834140243  0.000550843141
 40.8331  0.0109933224  0.00589937682  0.00047223807
 40.8639  0.012008789  0.00739664337  0.000636431524
 40.8947  0.0108132976  0.00477869572  0.000568690608
 40.9256  0.00861528995  0.00343883082  0.000477537627
 40.9564  0.00882395045  0.00305846474  0.000585642149
 40.9873  0.00875354018  0.00260995777  0.000550194285
 41.0181  0.0109334919  0.00317989771  0.000559105993
 41.0489  0.00920411744  0.00269512426  0.000383973935
 41.0798  0.00909173632  0.00413973813  0.000296723646
 41.1106  0.0059991793  0.00228000075  0.000184157774
 41.1414  0.00583153971  0.00201378176  0.000145833174
 41.1723  0.00610144049  0.00167776472  0.000111969706
 41.2031  0.00571161178  0.00087691068  8.81765242e-05
 41.234  0.00536384352  0.000666319164  7.89125131e-05
 41.2648  0.00722208865  0.00095006411  9.64832774e-05
 41.2956  0.00778380481  0.00094230579  9.66737937e-05
 41.3265  0.00670106762  0.000755959293  8.75554539e-05
 41.3573  0.00495342712  0.000554779906  6.76067902e-05
 41.3882  0.00398411676  0.000520013631  5.79825949e-05
 41.419  0.00400760301  0.000436899195  5.40463123e-05
 41.4498  0.00546413228  0.000583519038  6.34791978e-05
 41.4807  0.0063790463  0.000679412063  6.69434369e-05
 41.5115  0.00613994976  0.000671973389  6.25616245e-05
 41.5424  0.0051706082  0.000602593113  5.69017769e-05
 41.5732  0.00453470992  0.000448885372  4.99207455e-05
 41.604  0.00482002435  0.000576016949  5.91729207e-05
 41.6349  0.00732518308  0.000953295741  7.45544026e-05
 41.6657  0.00803569184  0.000959560298  7.59222293e-05
 41.6965  0.00714295721  0.000845764673  6.88708224e-05
 41.7274  0.00582826032  0.000745672015  5.83664884e-05
 41.7582  0.00577104543  0.000743484167  6.02906054e-05
 41.7891  0.0061343527  0.000808146024  6.50798243e-05
 41.8199  0.00570674649  0.000792908345  6.35257392e-05
 41.8507  0.00581722649  0.000778498482  6.25617912e-05
 41.8816  0.00670465991  0.000833247096  6.61556782e-05
 41.9124  0.00758577883  0.000944200691  7.9188181e-05
 41.9433  0.00797390858  0.000739332009  7.15126088e-05
 41.9741  0.00764889468  0.000930044518  7.88805857e-05
 42.0049  0.00605925849  0.000769314974  7.0897494e-05
 42.0358  0.00420274144  0.000570650894  5.14414847e-05
 42.0666  0.00295082547  0.00055551691  4.85520344e-05
 42.0975  0.00256795931  0.000550675914  4.91971531e-05
 42.1283  0.00252027203  0.000449255909  5.50917296e-05
 42.1591  0.0025859609  0.000412138222  5.32111394e-05
 42.19  0.00274937208  0.000528811531  5.69081668e-05
 42.2208  0.00303171073  0.000743353141  5.81850781e-05
 42.2516  0.00303592822  0.000711252341  5.71810272e-05
 42.2825  0.0024867155  0.000535365697  5.14945765e-05
 42.3133  0.00241439834  0.00038422935  5.19961035e-05
 42.3442  0.00255674396  0.00038087149  4.65913039e-05
 42.375  0.00297815601  0.000477217258  5.46021878e-05
 42.4058  0.00347819992  0.000596871456  6.27378583e-05
 42.4367  0.00361074659  0.00064633728  7.47268138e-05
 42.4675  0.00368795699  0.000822304008  7.96116712e-05
 42.4984  0.00438048355  0.000945534239  9.6913569e-05
 42.5292  0.00595845085  0.0010849254  0.000117614304
 42.56  0.00773222362  0.00167103613  0.000153376119
 42.5909  0.00821115629  0.00264921002  0.000199267863
 42.6217  0.00637897744  0.00229722907  0.000187173246
 42.6525  0.00657244118  0.00182601214  0.000231129945
 42.6834  0.00747243678  0.00301561002  0.000328440991
 42.7142  0.0085331489  0.00428897316  0.000475153147
 42.7451  0.00803699652  0.00323581524  0.000599119772
 42.7759  0.00605916024  0.00202190151  0.000631945805
 42.8067  0.00206701472  0.000997114463  0.000292636064
 42.8376  0.00106851932  0.000237541879  8.43101686e-05
 42.8684  0.00090337081  6.67984701e-05  5.39111168e-05
 42.8993  0.00104234091  8.67248123e-05  6.97987528e-05
 42.9301  0.00109459962  0.00013839348  7.47303391e-05
 42.9609  0.000966562631  9.67201389e-05  6.1256486e-05
 42.9918  0.00112380488  0.000178168125  7.93019362e-05
 43.0226  0.0010474675  0.000171675382  8.32650703e-05
 43.0535  0.00109890531  0.000164248988  9.54470135e-05
 43.0843  0.00104434576  0.000132369301  0.000100955305
 43.1151  0.00115918589  8.27972865e-05  0.000114152659
 43.146  0.00122843825  4.14008901e-05  0.00010411978
 43.1768  0.00121998247  4.8303322e-05  0.000125314728
 43.2076  0.00133118257  2.8828782e-05  0.000106178354
 43.2385  0.00141581793  4.21696254e-05  0.000122278485
 43.2693  0.00143361128  6.30546143e-05  0.0001322566
 43.3002  0.00140554085  8.96540678e-05  0.000132540222
 43.331  0.00146465561  6.81672598e-05  0.000131204617
 43.3618  0.00149909074  4.76845335e-05  0.000114348591
 43.3927  0.0015102909  5.57234247e-05  0.000135623657
 43.4235  0.00162614177  6.72487108e-05  0.000162678736
 43.4544  0.00174650418  6.4402618e-05  0.000171183087
 43.4852  0.00180155617  8.40402089e-05  0.000176443675
 43.516  0.0018897049  7.52251114e-05  0.000184720618
 43.5469  0.00175313649  6.96783847e-05  0.000179955057
 43.5777  0.00188788082  0.000108958675  0.00021023133
 43.6086  0.00191150133  0.000158702201  0.000223335597
 43.6394  0.00182699357  0.000158066248  0.000204438007
 43.6702  0.00187667939  0.000199370385  0.000190084974
 43.7011  0.00181650565  0.000186708212  0.000153630021
 43.7319  0.0022306176  0.000308286084  0.000166224002
 43.7627  0.00189995049  0.00027144418  0.000120281013
 43.7936  0.00197358743  0.000200753988  9.6026043e-05
 43.8244  0.00205839265  0.000391378495  9.24083987e-05
 43.8553  0.001444477  0.000256106953  5.88534101e-05
 43.8861  0.00150802187  0.000466547293  6.98203002e-05
 43.9169  0.00142677056  0.000421736813  7.59828686e-05
 43.9478  0.00127183723  0.000180458928  8.05699262e-05
 43.9786  0.0013516649  0.000305239232  7.61321557e-05
 44.0095  0.000882371043  0.000206254742  3.77548069e-05
 44.0403  0.000889674458  0.000143504895  3.89873212e-05
 44.0711  0.00102547612  0.000144732778  4.55838147e-05
 44.102  0.00212262841  0.000496348391  0.000116569524
 44.1328  0.0108141419  0.00696232996  0.000520285542
 44.1637  0.0374129792  0.0320176145  0.00176555858
 44.1945  0.0446945662  0.0339353103  0.00256693513
 44.2253  0.0482513743  0.028662538  0.00299732182
 44.2562  0.0352850135  0.01447141  0.00285958054
 44.287  0.0182328166  0.00512835785  0.00152752192
 44.3178  0.0157753211  0.00691163731  0.00082387052
 44.3487  0.0180401587  0.00536371868  0.00164811859
 44.3795  0.035601852  0.0117655959  0.0009953652
 44.4104  0.0537796596  0.0276567104  0.00168109683
 44.4412  0.0785943363  0.0731015356  0.00359535067
 44.472  0.122086776  0.175128737  0.00825202058
 44.5029  0.208389067  0.341881283  0.0125863042
 44.5337  0.336111936  0.408372371  0.0192295626
 44.5646  0.305536559  0.372910661  0.011246528
 44.5954  0.220585152  0.210720178  0.00709355804
 44.6262  0.182695427  0.145397307  0.00522231194
 44.6571  0.181073121  0.142834854  0.0055695534
 44.6879  0.179875575  0.125545912  0.00495023897
 44.7188  0.137423247  0.110976005  0.0127086171
 44.7496  0.12774498  0.121130487  0.0155577442
 44.7804  0.129728589  0.13851525  0.0254195206
 44.8113  0.136206896  0.171333991  0.036201488
 44.8421  0.143509273  0.173517496  0.047554774
 44.8729  0.13456294  0.180412715  0.0543629402
 44.9038  0.161256645  0.207407207  0.060271563
 44.9346  0.208189452  0.219535983  0.0581698981
 44.9655  0.233149599  0.263074212  0.0619768443
 44.9963  0.167729619  0.305223377  0.0570538553
 45.0271  0.13444816  0.150881317  0.0459204533
 45.058  0.124404767  0.122623406  0.0379033263
 45.0888  0.0136400796  0.0174130979  0.0100279856
 45.1197  0.012324338  0.0303143597  0.00968694234
 45.1505  0.00500641492  0.0020730342  0.00144311711
 45.1813  0.00486011635  0.00361447444  0.00184552678
 45.2122  0.00541322516  0.00255625214  0.00183271726
 45.243  0.00644136128  0.00279031635  0.00158058355
 45.2738  0.00695068877  0.00204887725  0.00114408327
 45.3047  nan  nan  nan
