# X (m) TKE_avg epsilon_turb_pw_avg_Y_avg epsilon_pw_avg_Y_avg
 33.0308  6.04270279e-05  2.55428269e-06  1.22650328e-06
 33.0617  6.15317973e-05  1.68299807e-06  1.230444e-06
 33.0925  7.11776438e-05  8.28804519e-07  1.16939484e-06
 33.1233  6.36571292e-05  4.12272101e-07  1.48791591e-06
 33.1541  5.12422198e-05  3.84446472e-07  4.39675399e-06
 33.185  5.08310441e-05  8.50009977e-07  1.29966066e-05
 33.2158  5.33199785e-05  1.30332834e-06  7.04328749e-06
 33.2466  5.47444008e-05  4.05056853e-06  1.27921943e-05
 33.2774  4.17284568e-05  1.71744157e-06  1.33606964e-05
 33.3083  3.43222738e-05  8.89446873e-07  8.20626789e-06
 33.3391  3.22615498e-05  4.84949215e-07  4.38490288e-06
 33.3699  3.00296453e-05  3.62224125e-07  3.1136022e-06
 33.4008  2.91177249e-05  1.02190693e-06  5.66142735e-06
 33.4316  3.09007388e-05  1.62917581e-06  6.18077329e-06
 33.4624  3.0289175e-05  1.79661355e-06  5.13246362e-06
 33.4932  3.13804985e-05  4.30047681e-06  1.03146739e-05
 33.5241  3.23200714e-05  2.07058407e-06  7.41243231e-06
 33.5549  3.51539826e-05  5.5388137e-06  1.17874027e-05
 33.5857  3.16160753e-05  1.80852457e-06  6.70182273e-06
 33.6165  3.45832136e-05  1.48301713e-06  8.85836247e-06
 33.6474  4.19209385e-05  2.52274139e-06  1.39813991e-05
 33.6782  4.34573964e-05  3.65479863e-06  1.44640481e-05
 33.709  5.00429068e-05  5.02753923e-06  1.83143523e-05
 33.7399  5.92449174e-05  4.85523472e-06  2.09484248e-05
 33.7707  6.70579311e-05  4.98824668e-06  2.40178855e-05
 33.8015  6.83255822e-05  3.53496592e-06  2.43568596e-05
 33.8323  8.69117009e-05  6.1414711e-06  3.44121829e-05
 33.8632  9.64941281e-05  6.58932552e-06  3.45495634e-05
 33.894  7.77933834e-05  5.68211695e-06  2.92988888e-05
 33.9248  8.25876427e-05  5.25300076e-06  3.14353801e-05
 33.9556  6.27127191e-05  5.9499075e-06  3.30740437e-05
 33.9865  6.91020865e-05  9.67828782e-06  4.43431729e-05
 34.0173  9.71632731e-05  1.03062262e-05  5.34793835e-05
 34.0481  0.000132371341  1.59224617e-05  7.77381579e-05
 34.0789  0.000170170925  1.59237532e-05  0.000109891319
 34.1098  0.000130879972  8.91605055e-06  8.82758126e-05
 34.1406  0.000143661151  7.23857749e-06  8.2195531e-05
 34.1714  0.000138213057  8.06336973e-06  7.8525357e-05
 34.2023  0.00013217575  7.20957406e-06  7.29308642e-05
 34.2331  0.000140988713  7.82089796e-06  6.59703623e-05
 34.2639  0.000141354468  9.13197672e-06  5.38508646e-05
 34.2947  0.000143387565  8.0036151e-06  4.17309931e-05
 34.3256  0.000140224316  5.55579884e-06  3.42262487e-05
 34.3564  0.000148370746  6.30237714e-06  3.9374283e-05
 34.3872  0.000143082091  6.6834996e-06  3.78580947e-05
 34.418  0.000145021514  7.22265339e-06  4.10938767e-05
 34.4489  0.000135830109  7.83629561e-06  3.630806e-05
 34.4797  0.000169211169  8.19165253e-06  3.64158254e-05
 34.5105  0.00019884067  8.25167808e-06  3.59521567e-05
 34.5414  0.000202534041  8.74102657e-06  3.13990768e-05
 34.5722  0.000188577064  8.91092121e-06  2.5298091e-05
 34.603  0.000205291882  9.16127276e-06  2.68966985e-05
 34.6338  0.000208641676  9.41507185e-06  2.5288476e-05
 34.6647  0.00026795567  1.72997679e-05  3.37754478e-05
 34.6955  0.000280031496  2.33523722e-05  3.35089398e-05
 34.7263  0.000278851932  1.69824558e-05  2.89060055e-05
 34.7571  0.000277709608  1.4175249e-05  3.1276102e-05
 34.788  0.000283335531  1.41176079e-05  3.24230621e-05
 34.8188  0.000268285464  1.87669051e-05  2.89645979e-05
 34.8496  0.000282338474  2.76865244e-05  2.85732223e-05
 34.8805  0.000321651571  3.20715559e-05  2.54666551e-05
 34.9113  0.000281272563  3.03009416e-05  1.82129794e-05
 34.9421  0.000248278382  2.48954397e-05  1.3119866e-05
 34.9729  0.000247341524  2.47134008e-05  1.13606528e-05
 35.0038  0.00024763691  2.28527613e-05  9.15347548e-06
 35.0346  0.000195456264  1.54648844e-05  6.30722308e-06
 35.0654  0.000184118505  1.25029032e-05  7.87699878e-06
 35.0962  0.000181021705  1.03356476e-05  5.20725056e-06
 35.1271  0.000191635044  1.19850619e-05  7.43817751e-06
 35.1579  0.000199189411  1.38785688e-05  1.13115389e-05
 35.1887  0.000200622887  8.63866116e-06  6.63437152e-06
 35.2196  0.000215449066  9.0917556e-06  5.18473817e-06
 35.2504  0.000228877394  1.91169186e-05  1.69168404e-05
 35.2812  0.000250523964  1.72196034e-05  1.14331604e-05
 35.312  0.0002513255  1.35416587e-05  6.73808108e-06
 35.3429  0.000254555805  1.58436362e-05  1.33446653e-05
 35.3737  0.000276618589  1.79916027e-05  1.49450247e-05
 35.4045  0.000286547577  1.64366006e-05  1.13622244e-05
 35.4353  0.000314738445  1.89922765e-05  1.32179088e-05
 35.4662  0.000320094669  2.33868929e-05  1.54736518e-05
 35.497  0.000329459356  2.25656382e-05  7.37086682e-06
 35.5278  0.000322375351  2.48353894e-05  1.06342406e-05
 35.5587  0.000310662839  2.28174354e-05  1.54405526e-05
 35.5895  0.000359394935  3.19676955e-05  2.8193061e-05
 35.6203  0.000330284828  1.96597394e-05  1.25905487e-05
 35.6511  0.000286680091  2.24291698e-05  2.01722133e-05
 35.682  0.000270855662  1.53579136e-05  1.12507144e-05
 35.7128  0.000272250373  1.477781e-05  1.14353277e-05
 35.7436  0.000310944629  1.37625875e-05  1.11248548e-05
 35.7744  0.000382548152  1.65140751e-05  1.45016757e-05
 35.8053  0.000382265446  1.67424098e-05  1.04280533e-05
 35.8361  0.000343394019  1.85109896e-05  1.44444056e-05
 35.8669  0.000309405607  1.04410542e-05  1.09537587e-05
 35.8978  0.000288755163  1.07771091e-05  9.27685937e-06
 35.9286  0.000314648313  1.35816444e-05  1.25877452e-05
 35.9594  0.000307507691  2.02066801e-05  1.77490029e-05
 35.9902  0.000293017576  1.26264576e-05  9.5111685e-06
 36.0211  0.000279008761  1.18301981e-05  8.84403332e-06
 36.0519  0.000282250202  1.05842505e-05  7.81445009e-06
 36.0827  0.000313994309  7.52027101e-06  4.72413698e-06
 36.1135  0.000348859829  1.01412922e-05  6.80592483e-06
 36.1444  0.000399602273  1.51143688e-05  7.86379368e-06
 36.1752  0.000444818445  1.96104018e-05  8.50002737e-06
 36.206  0.000462632342  2.27181824e-05  7.31262289e-06
 36.2368  0.000448246313  2.31457304e-05  7.07666931e-06
 36.2677  0.000432736474  1.94680277e-05  7.63977365e-06
 36.2985  0.00045680149  1.43726603e-05  6.58760101e-06
 36.3293  0.000465791991  1.44510313e-05  6.39882185e-06
 36.3602  0.000443019087  1.53233816e-05  7.90848011e-06
 36.391  0.000402690682  1.43018958e-05  9.31943082e-06
 36.4218  0.000383137425  1.21030904e-05  7.65724373e-06
 36.4526  0.00034284247  1.06293337e-05  6.97932675e-06
 36.4835  0.000331751952  9.52004988e-06  7.92420892e-06
 36.5143  0.000335719209  9.54191653e-06  6.45012915e-06
 36.5451  0.000344598159  1.0741396e-05  8.10920191e-06
 36.5759  0.000388161001  1.38110337e-05  1.14147348e-05
 36.6068  0.000383112314  2.33871636e-05  2.36552804e-05
 36.6376  0.000351724505  2.29582851e-05  2.56986338e-05
 36.6684  0.000324447594  1.25639506e-05  1.29168356e-05
 36.6993  0.000304962773  1.15037989e-05  1.71521349e-05
 36.7301  0.000308764309  1.35398831e-05  2.20871549e-05
 36.7609  0.000313274175  1.88736081e-05  1.97880621e-05
 36.7917  0.000319084918  2.80471759e-05  3.29274536e-05
 36.8226  0.000338093374  1.85556265e-05  2.02985069e-05
 36.8534  0.000348417259  2.24319773e-05  2.42863314e-05
 36.8842  0.000348134023  1.95632428e-05  2.1714044e-05
 36.915  0.000351604487  2.47810499e-05  3.36301661e-05
 36.9459  0.000398838854  2.85568742e-05  3.90350565e-05
 36.9767  0.000407696421  2.92952071e-05  2.86254904e-05
 37.0075  0.000433393866  3.5643492e-05  4.78060933e-05
 37.0384  0.00041771435  3.11964538e-05  4.68072969e-05
 37.0692  0.000437706584  2.66698534e-05  4.59211496e-05
 37.1  0.000532212604  2.96701876e-05  5.07022543e-05
 37.1308  0.000541180913  4.02845486e-05  7.28309238e-05
 37.1617  0.000589723874  3.96133191e-05  6.55795154e-05
 37.1925  0.000598581846  3.96838471e-05  6.18889654e-05
 37.2233  0.000562160157  3.93632751e-05  6.32818807e-05
 37.2541  0.000500316328  3.60462126e-05  6.4637483e-05
 37.285  0.000473905051  2.93041092e-05  5.9187989e-05
 37.3158  0.000485687422  3.58862449e-05  6.4901762e-05
 37.3466  0.000494239731  2.22643468e-05  5.24272221e-05
 37.3775  0.000509519127  3.08687027e-05  6.01180838e-05
 37.4083  0.000482159543  2.63799406e-05  6.01551718e-05
 37.4391  0.000448640627  2.39479216e-05  6.17155169e-05
 37.4699  0.000467319016  2.23952459e-05  6.75377527e-05
 37.5008  0.000517110436  2.1110272e-05  6.75619601e-05
 37.5316  0.000564793626  2.35437985e-05  6.35276653e-05
 37.5624  0.000622660455  3.06100933e-05  7.04059495e-05
 37.5932  0.000622909171  2.98262046e-05  6.21139666e-05
 37.6241  0.000724789683  4.57769546e-05  7.06905841e-05
 37.6549  0.000879999404  6.46031122e-05  7.05999849e-05
 37.6857  0.00081297124  5.28530334e-05  6.67137145e-05
 37.7166  0.000819508567  4.78590243e-05  5.95233553e-05
 37.7474  0.000858007634  5.41932017e-05  5.86437652e-05
 37.7782  0.000847271711  5.62576969e-05  5.23579754e-05
 37.809  0.000999546512  6.72913677e-05  6.37469336e-05
 37.8399  0.000951759344  6.58698437e-05  5.57050529e-05
 37.8707  0.000829689423  5.14438384e-05  5.12882439e-05
 37.9015  0.000747188837  4.30558185e-05  5.09791305e-05
 37.9323  0.000717727216  4.74767248e-05  5.23658172e-05
 37.9632  0.000615250471  4.26695773e-05  4.22975058e-05
 37.994  0.000636091739  5.03689309e-05  4.76731291e-05
 38.0248  0.000668898844  4.11553298e-05  5.21285377e-05
 38.0556  0.000717841681  4.11210979e-05  5.46244919e-05
 38.0865  0.000750056541  4.82862803e-05  5.35056636e-05
 38.1173  0.000842114092  6.70166616e-05  5.99234568e-05
 38.1481  0.000950451841  8.75688404e-05  6.59879132e-05
 38.179  0.000881477086  6.58852093e-05  4.80662239e-05
 38.2098  0.000826089802  6.04655784e-05  3.90203049e-05
 38.2406  0.000823971327  5.94403656e-05  3.83705954e-05
 38.2714  0.000871618256  4.86898671e-05  3.17299838e-05
 38.3023  0.000957898752  6.96753399e-05  4.18438501e-05
 38.3331  0.000942623705  0.000100507314  5.15734188e-05
 38.3639  0.000943220392  0.000106946781  6.94639774e-05
 38.3947  0.000804936559  0.000108141918  7.48052119e-05
 38.4256  0.000745758792  0.000105373962  8.54954874e-05
 38.4564  0.000673245263  6.83551431e-05  5.39917345e-05
 38.4872  0.000697415869  0.000129275878  0.000140393436
 38.5181  0.000676629368  5.83947286e-05  6.07606212e-05
 38.5489  0.000708455175  3.66951741e-05  2.67855773e-05
 38.5797  0.000770124411  6.1303501e-05  6.86416867e-05
 38.6105  0.000808450364  9.40701712e-05  0.000132467661
 38.6414  0.000849836061  5.4666622e-05  2.75103692e-05
 38.6722  0.000894629457  8.26828005e-05  2.56051961e-05
 38.703  0.000933179663  6.53207098e-05  2.935907e-05
 38.7338  0.00102995878  0.000111888935  7.21012482e-05
 38.7647  0.00107254886  9.03863345e-05  4.49396247e-05
 38.7955  0.00113419118  0.000120291995  5.79744145e-05
 38.8263  0.00141044125  0.000151556749  8.85999248e-05
 38.8572  0.00166296096  0.000169028472  0.000117271822
 38.888  0.00251171284  0.000422647288  0.000264198592
 38.9188  0.00365096968  0.000565302681  0.000300924715
 38.9496  0.00642934026  0.00133033428  0.000595887238
 38.9805  0.00824122014  0.0016333295  0.00135877689
 39.0113  0.0161034033  0.00167013589  0.00141302733
 39.0421  0.00827296596  0.000715464213  0.000487128228
 39.0729  0.00484470844  0.000219171854  0.000119270132
 39.1038  0.00480917172  0.0002848754  0.000189519325
 39.1346  0.00460834666  0.000311578929  0.000129304225
 39.1654  0.00476756172  0.000320779801  0.000145654033
 39.1963  0.00620142117  0.000373639605  0.000155411234
 39.2271  0.00705364842  0.000448692587  0.000145674106
 39.2579  0.00749347051  0.000484083307  0.000178708584
 39.2887  0.007650175  0.000440427195  0.000197866946
 39.3196  0.0075127843  0.000456069362  0.000260042653
 39.3504  0.0073225327  0.000535152779  0.000185234457
 39.3812  0.00827298139  0.000550482698  0.000161588858
 39.412  0.00871575197  0.000588575555  0.00013240178
 39.4429  0.00864100126  0.000612865882  0.000123724553
 39.4737  0.00845902808  0.000676552349  0.000197865917
 39.5045  0.00928286087  0.000827900528  0.000225874007
 39.5354  0.00950513893  0.00105130187  0.000370415278
 39.5662  0.0109301787  0.00103855797  0.000179942537
 39.597  0.0107424361  0.000910789506  0.000127264939
 39.6278  0.00951175352  0.000839818564  0.000176640524
 39.6587  0.00894879416  0.000824852683  0.000122255279
 39.6895  0.00795593804  0.000835575686  0.000114165274
 39.7203  0.00753776663  0.000693902325  0.000101762697
 39.7511  0.00733189234  0.000611100907  9.15108332e-05
 39.782  0.00727995604  0.000565001091  8.52446863e-05
 39.8128  0.00737313342  0.000520161181  8.77808464e-05
 39.8436  0.0076325645  0.000469257988  0.000104822682
 39.8745  0.00826048928  0.000528470718  0.000136341186
 39.9053  0.00906253261  0.000538790115  0.000139115482
 39.9361  0.0104223443  0.000605863332  0.000138738782
 39.9669  0.012173706  0.00068649193  0.000136245883
 39.9978  0.0137563366  0.000763048831  0.000144107769
 40.0286  0.0147489739  0.000988460389  0.000162211011
 40.0594  0.0148041464  0.000917832483  0.000135981132
 40.0902  0.0119775488  0.000903791128  0.000124601562
 40.1211  0.00922300306  0.000843535467  9.85583041e-05
 40.1519  0.00789791671  0.000807996071  0.000103939225
 40.1827  0.00771952844  0.00087810002  0.000102738373
 40.2135  0.00770678402  0.00086578918  9.51873896e-05
 40.2444  0.00643026605  0.000670947333  7.87704666e-05
 40.2752  0.00503160884  0.000452990926  6.59859414e-05
 40.306  0.00428426833  0.000345697565  6.03274315e-05
 40.3369  0.00448825371  0.00039676678  5.9619224e-05
 40.3677  0.00509638337  0.0004769078  6.66215398e-05
 40.3985  0.00748723763  0.000762293331  8.00874214e-05
 40.4293  0.0133525  0.00150042402  0.00012131906
 40.4602  0.0209011725  0.00241014739  0.000176320451
 40.491  0.0272416412  0.00335312872  0.000210747471
 40.5218  0.0287487216  0.00395972361  0.000233981655
 40.5526  0.0317376213  0.00396837036  0.000249349677
 40.5835  0.0310514629  0.00437827639  0.000258053339
 40.6143  0.0287667122  0.00534553476  0.000299183821
 40.6451  0.0263016344  0.00541432342  0.000295606203
 40.676  0.024988728  0.00407996929  0.000241086921
 40.7068  0.0260095113  0.00368377926  0.000253235099
 40.7376  0.0257207179  0.0045196406  0.000265324885
 40.7684  0.0232181243  0.00372042207  0.000228956472
 40.7993  0.0191338543  0.00271757887  0.000178824628
 40.8301  0.0149452787  0.00207242415  0.000145029134
 40.8609  0.0120593173  0.00164378249  0.000128360574
 40.8917  0.010980674  0.0014620802  0.000124428366
 40.9226  0.0120343306  0.00170039168  0.000134465744
 40.9534  0.0128760427  0.00185220006  0.000140500759
 40.9842  0.0130114917  0.00195620098  0.00015423549
 41.0151  0.0134429628  0.00218998367  0.000171922744
 41.0459  0.0149357674  0.00221680116  0.000158868081
 41.0767  0.0147285632  0.0026779635  0.00017285516
 41.1075  0.0153441875  0.00275633601  0.000183090131
 41.1384  0.0167114159  0.00291109674  0.000193416877
 41.1692  0.0178786975  0.00298844652  0.000185765154
 41.2  0.0182890884  0.00310259637  0.000197480464
 41.2308  0.0155142683  0.00264808977  0.000173852667
 41.2617  0.0165120883  0.00268207137  0.000190453807
 41.2925  0.0182470794  0.00289776556  0.000192440223
 41.3233  0.0191808114  0.0030009023  0.000200089367
 41.3542  0.0192074443  0.00285548769  0.000205986357
 41.385  0.0193072948  0.00245294952  0.00020555132
 41.4158  0.0189854539  0.00293053735  0.000220618603
 41.4466  0.0192265923  0.00402292541  0.000270104895
 41.4775  0.0180961554  0.00451753091  0.000300501197
 41.5083  0.0190319695  0.00473966808  0.000320670679
 41.5391  0.0218298648  0.00373158576  0.000309106419
 41.5699  0.0308362547  0.0039881091  0.000348961675
 41.6008  0.0315692428  0.00850442998  0.000529145874
 41.6316  0.0293816749  0.0094560799  0.000639370463
 41.6624  0.0265999951  0.00959351  0.000663965075
 41.6933  0.0198469086  0.00891217031  0.00067170447
 41.7241  0.0165474001  0.00723080983  0.000709070353
 41.7549  0.0149227285  0.0047807627  0.000561540806
 41.7857  0.0128305802  0.00515877297  0.000472866592
 41.8166  0.00979645766  0.00363922088  0.000316009357
 41.8474  0.00745886545  0.00164170279  0.000220851814
 41.8782  0.00438887551  0.000421608811  0.000111969354
 41.909  0.00396947644  0.000381367202  0.000149611538
 41.9399  0.00364825889  0.000331924146  0.000155950103
 41.9707  0.0032077948  0.000299233776  0.000132778185
 42.0015  0.0028571605  0.000260857484  0.000131876597
 42.0323  0.00285107392  0.000277412102  9.87534403e-05
 42.0632  0.00332838182  0.000475356434  0.000111797935
 42.094  0.00349022055  0.000481206059  8.59366194e-05
 42.1248  0.00326910915  0.00033064026  6.8062869e-05
 42.1557  0.00298999919  0.000272784207  6.41011308e-05
 42.1865  0.00305844518  0.000279863936  7.5650768e-05
 42.2173  0.00372779034  0.000315634077  7.84087651e-05
 42.2481  0.00446208743  0.000393734632  8.62770195e-05
 42.279  0.00393732463  0.000340906637  8.84709069e-05
 42.3098  0.00389141444  0.000340097351  9.65436009e-05
 42.3406  0.00430730516  0.000376222509  8.96118029e-05
 42.3714  0.00470077213  0.000417887681  0.000117566382
 42.4023  0.00487690765  0.000424349428  0.000103539339
 42.4331  0.00548786918  0.000625145268  9.75650145e-05
 42.4639  0.00626761626  0.000669615727  8.22098654e-05
 42.4948  0.00541676978  0.000568483199  6.49343286e-05
 42.5256  0.0041566281  0.000430881613  6.46830838e-05
 42.5564  0.00363963784  0.000333740292  5.40217288e-05
 42.5872  0.00335255818  0.000247176236  4.81007072e-05
 42.6181  0.00340087659  0.00023363691  5.08344388e-05
 42.6489  0.00403899147  0.000365669106  5.80596155e-05
 42.6797  0.004443536  0.000486776717  6.95639931e-05
 42.7105  0.00435359622  0.000512965783  6.3274796e-05
 42.7414  0.00368464778  0.00042030989  5.5939947e-05
 42.7722  0.00278397788  0.000270946259  4.90332828e-05
 42.803  0.00275860923  0.000288631095  4.96718911e-05
 42.8339  0.00313125965  0.000356442725  5.79229723e-05
 42.8647  0.0036479672  0.000411860535  6.51510988e-05
 42.8955  0.00360321137  0.000368798813  6.32261667e-05
 42.9263  0.0027405557  0.000298353272  6.38024041e-05
 42.9572  0.00248964571  0.000205801566  5.603738e-05
 42.988  0.00301545909  0.0002263077  6.03690338e-05
 43.0188  0.00313687899  0.000235405543  6.31846824e-05
 43.0496  0.00310151764  0.000245311527  6.75285902e-05
 43.0805  0.00339482296  0.000299340862  6.87558812e-05
 43.1113  0.00402170325  0.000519638775  8.59443535e-05
 43.1421  0.00475925765  0.000631137081  9.06835484e-05
 43.173  0.00519310426  0.00063633313  8.94256411e-05
 43.2038  0.00576895569  0.000626315608  8.7094284e-05
 43.2346  0.00598461836  0.000694714184  8.9686108e-05
 43.2654  0.00503570204  0.0008304136  9.07327601e-05
 43.2963  0.00397118346  0.000520353949  7.5547398e-05
 43.3271  0.00562752535  0.000544029013  9.13453195e-05
 43.3579  0.00712955904  0.000816349517  9.7053371e-05
 43.3887  0.00735944867  0.000953611418  0.0001047763
 43.4196  0.0064552612  0.000822075696  0.00011091727
 43.4504  0.00594507062  0.00104408381  0.000121757517
 43.4812  0.005966252  0.0010320065  0.000112152588
 43.5121  0.00476301435  0.000812870465  9.93442158e-05
 43.5429  0.00447445479  0.000758730556  0.000105549631
 43.5737  0.00575151647  0.000990820487  0.00012500694
 43.6045  0.00868633765  0.0017504657  0.000163209913
 43.6354  0.00990526998  0.00254073002  0.000218200671
 43.6662  0.00998369563  0.00271397277  0.000208145106
 43.697  0.0102868985  0.00309874483  0.000228711448
 43.7278  0.0141104745  0.00506206557  0.000336778213
 43.7587  0.0217151574  0.00881607476  0.000485340809
 43.7895  0.0228253399  0.0107126883  0.000571424528
 43.8203  0.0193883921  0.00696456226  0.000495436384
 43.8512  0.0195331779  0.00723457695  0.000594493073
 43.882  0.0216700923  0.00881193934  0.000862244232
 43.9128  0.0253045664  0.00968216972  0.00125640943
 43.9436  0.0275591746  0.00910298205  0.00162449627
 43.9745  0.0247942244  0.0110344673  0.0020706322
 44.0053  0.0207731267  0.00829626371  0.00216468671
 44.0361  0.0153956613  0.0052973031  0.00186207526
 44.0669  0.0116509526  0.00462160894  0.00119407302
 44.0978  0.00832932035  0.00374066009  0.000552210501
 44.1286  0.00705204666  0.00170709364  0.000290508687
 44.1594  0.0069106297  0.00162396718  0.000325172106
 44.1902  0.00661368844  0.00149165203  0.000561020295
 44.2211  0.00641138136  0.00103330643  0.000325903739
 44.2519  0.0064549758  0.000794775012  0.000342769813
 44.2827  0.00740759748  0.000888950523  0.000430575607
 44.3136  0.00756622831  0.00105110896  0.000389748636
 44.3444  0.00776934833  0.00155748353  0.000720269617
 44.3752  0.00771771938  0.00134471131  0.000205497662
 44.406  0.00746642648  0.00148382475  0.000278905453
 44.4369  0.00633969772  0.00105159369  0.000324658227
 44.4677  0.00582939787  0.00103959455  0.000450945899
 44.4985  0.00660943558  0.0013748012  0.000347446688
 44.5293  0.00680944762  0.00136459206  0.000300595584
 44.5602  0.00740283861  0.00136164953  0.000234286634
 44.591  0.00722838184  0.00126449697  0.000409462197
 44.6218  0.00868874182  0.00165369339  0.00054732669
 44.6527  0.00886533283  0.00163065582  0.000475971634
 44.6835  0.00953515208  0.00179364698  0.000326047719
 44.7143  0.00736614604  0.00155265062  0.000628903206
 44.7451  0.00666462197  0.00163198493  0.00066263628
 44.776  0.00694411864  0.00201250732  0.000809823175
 44.8068  0.00747750978  0.00242798037  0.0010452858
 44.8376  0.00829387662  0.00213574914  0.00116175448
 44.8684  0.00829481953  0.00188188958  0.00141265823
 44.8993  0.00990574589  0.00234856238  0.00200778074
 44.9301  0.0134934416  0.00383953855  0.00329808055
 44.9609  0.0180936666  0.00618317484  0.0042517389
 44.9918  0.0205841446  0.0132824074  0.00768101725
 45.0226  0.00839225635  0.00466444435  0.00406344351
 45.0534  nan  nan  nan
 45.0842  0.00815978367  0.00486503012  0.00345853887
 45.1151  nan  nan  nan
 45.1459  nan  nan  nan
 45.1767  nan  nan  nan
 45.2075  nan  nan  nan
 45.2384  nan  nan  nan
 45.2692  0.00666176427  0.00318083753  0.00233948112
 45.3  nan  nan  nan
