# X (m) TKE_avg epsilon_turb_pw_avg_Y_avg epsilon_pw_avg_Y_avg
 33.0307  7.90176319e-05  1.93836855e-06  1.9920191e-06
 33.0615  6.03641977e-05  1.45034689e-06  2.53680915e-06
 33.0922  6.82988978e-05  2.04797652e-06  4.33863385e-06
 33.123  5.43981843e-05  1.40251698e-06  3.06680642e-06
 33.1537  4.54968406e-05  4.06746377e-07  1.94806331e-06
 33.1844  4.95524508e-05  6.40968276e-07  5.44708488e-06
 33.2152  4.60170026e-05  1.27623458e-06  3.74492858e-06
 33.2459  4.43785336e-05  3.07140951e-06  9.9957757e-06
 33.2766  3.23621035e-05  1.81764209e-06  1.10750678e-05
 33.3074  3.57002786e-05  2.23813433e-06  1.51097037e-05
 33.3381  3.17835959e-05  9.59283863e-07  1.40031413e-05
 33.3689  4.14657392e-05  2.0307022e-06  1.66726725e-05
 33.3996  2.99506896e-05  3.54757303e-06  1.35073943e-05
 33.4303  2.91487625e-05  3.74253548e-06  9.48103756e-06
 33.4611  2.54558964e-05  2.69825413e-06  6.9030769e-06
 33.4918  2.49340538e-05  1.61948003e-06  4.77224644e-06
 33.5226  2.5032688e-05  2.11725492e-06  5.37579511e-06
 33.5533  2.47853878e-05  2.13695972e-06  4.35815269e-06
 33.584  2.67070187e-05  3.11514089e-06  4.9482998e-06
 33.6148  2.51022956e-05  2.60697872e-06  5.24609075e-06
 33.6455  2.3178451e-05  5.86356666e-07  2.78996169e-06
 33.6763  2.54064629e-05  1.98111995e-06  4.5703346e-06
 33.707  2.56908408e-05  2.02763351e-06  4.42143946e-06
 33.7377  2.43256449e-05  1.85492965e-06  4.29820336e-06
 33.7685  2.55586137e-05  1.49036004e-06  3.86218585e-06
 33.7992  2.96795097e-05  9.29766557e-07  3.50881342e-06
 33.8299  2.99715058e-05  1.17436094e-06  4.14060359e-06
 33.8607  3.08656817e-05  9.10158478e-07  3.97011511e-06
 33.8914  3.32349937e-05  1.42093045e-06  4.28628618e-06
 33.9222  3.27901214e-05  1.46851799e-06  4.17832386e-06
 33.9529  3.25975866e-05  1.17346713e-06  3.48877851e-06
 33.9836  3.47645923e-05  9.74713516e-07  3.37250293e-06
 34.0144  3.81919397e-05  9.05948018e-07  3.40249032e-06
 34.0451  4.5644708e-05  9.00164913e-07  3.66097617e-06
 34.0759  5.09290922e-05  1.6772273e-06  5.61093572e-06
 34.1066  5.60155981e-05  2.80058231e-06  6.87887614e-06
 34.1373  5.49063301e-05  3.17395619e-06  6.05201363e-06
 34.1681  6.31522091e-05  3.33564003e-06  6.56592399e-06
 34.1988  6.70996687e-05  4.17734606e-06  6.15294019e-06
 34.2295  7.83703718e-05  5.16912577e-06  8.44479337e-06
 34.2603  8.15207353e-05  5.42305934e-06  9.33460606e-06
 34.291  9.56330294e-05  4.43099642e-06  7.45282172e-06
 34.3218  9.94363908e-05  6.2892413e-06  9.88509681e-06
 34.3525  0.000109994678  5.33459816e-06  7.20850387e-06
 34.3832  0.000119008161  6.72995971e-06  8.87711326e-06
 34.414  0.00013204835  6.68960533e-06  8.37319906e-06
 34.4447  0.000164099621  8.81697236e-06  1.02098065e-05
 34.4755  0.000167474834  1.06432388e-05  1.09569922e-05
 34.5062  0.000171364192  1.071141e-05  1.07108338e-05
 34.5369  0.000170045424  8.52937509e-06  8.91352217e-06
 34.5677  0.000164234272  8.1079926e-06  9.65236039e-06
 34.5984  0.000179512122  8.51168598e-06  1.05413081e-05
 34.6291  0.000169931418  7.589802e-06  9.23789646e-06
 34.6599  0.000187950555  7.90682471e-06  9.87977373e-06
 34.6906  0.000184180719  8.16881456e-06  8.61276881e-06
 34.7214  0.000179290593  8.67791981e-06  9.56904783e-06
 34.7521  0.0001683633  6.95975633e-06  8.67065499e-06
 34.7828  0.000189007145  7.01827624e-06  1.11015433e-05
 34.8136  0.000217407128  9.53592963e-06  1.81421509e-05
 34.8443  0.000254719878  1.35017468e-05  2.46641235e-05
 34.8751  0.000303675721  1.85197656e-05  3.21848005e-05
 34.9058  0.000284234709  2.04915708e-05  3.15579074e-05
 34.9365  0.00026037719  2.08431301e-05  3.36759828e-05
 34.9673  0.000270093751  2.20578041e-05  3.78504025e-05
 34.998  0.000275854719  2.89413104e-05  4.37520885e-05
 35.0288  0.000236734793  2.18790881e-05  3.33890222e-05
 35.0595  0.000233757733  1.7180404e-05  3.37378921e-05
 35.0902  0.000247718978  1.34176728e-05  3.26505369e-05
 35.121  0.000270071471  1.6975192e-05  3.80399996e-05
 35.1517  0.00031583968  1.94062044e-05  4.10029281e-05
 35.1824  0.000316264468  1.77358533e-05  3.48656276e-05
 35.2132  0.000322165352  1.34721743e-05  3.5659464e-05
 35.2439  0.000344712375  1.64459569e-05  4.80288306e-05
 35.2747  0.000332821557  1.34409876e-05  4.53736761e-05
 35.3054  0.000329372829  1.12073943e-05  4.30554424e-05
 35.3361  0.000338473109  1.12042449e-05  4.69847823e-05
 35.3669  0.000330544061  1.1601018e-05  4.93346794e-05
 35.3976  0.000285070399  9.05190011e-06  4.32173437e-05
 35.4284  0.000253821089  8.37499093e-06  4.0147663e-05
 35.4591  0.000260268511  1.51848516e-05  4.44415704e-05
 35.4898  0.00029222806  2.4263795e-05  4.85487828e-05
 35.5206  0.000316902372  2.11838353e-05  4.3377099e-05
 35.5513  0.000386037723  2.37596163e-05  4.56506315e-05
 35.582  0.000359674212  2.32132484e-05  4.02289004e-05
 35.6128  0.000361413002  2.09667912e-05  3.93795837e-05
 35.6435  0.000347498779  1.83926221e-05  3.66735532e-05
 35.6743  0.000387482011  2.40668283e-05  4.1514972e-05
 35.705  0.000361501385  2.91444442e-05  3.8402498e-05
 35.7357  0.00037001362  2.61972969e-05  3.92362689e-05
 35.7665  0.000368186394  2.36412517e-05  3.72726415e-05
 35.7972  0.000394468694  2.44587355e-05  4.095374e-05
 35.828  0.000361335467  2.14132353e-05  3.94192998e-05
 35.8587  0.000352519111  1.84794864e-05  3.87758376e-05
 35.8894  0.000383021797  2.42400317e-05  3.76179549e-05
 35.9202  0.000400423194  2.64604571e-05  2.99557348e-05
 35.9509  0.000412569124  3.08715515e-05  2.57389397e-05
 35.9816  0.000376002268  3.19847347e-05  2.25390289e-05
 36.0124  0.000388922787  3.60335181e-05  2.42951392e-05
 36.0431  0.000293473925  2.50914233e-05  1.34349374e-05
 36.0739  0.000256338325  1.6989105e-05  9.34803448e-06
 36.1046  0.000246613728  1.90953121e-05  1.24732939e-05
 36.1353  0.000280614597  2.18571404e-05  1.6770932e-05
 36.1661  0.000333873239  2.46442897e-05  1.98623609e-05
 36.1968  0.000402261859  2.11008127e-05  1.2028955e-05
 36.2276  0.000394514845  2.17668556e-05  1.498801e-05
 36.2583  0.000395238622  1.85441158e-05  1.8199356e-05
 36.289  0.000429933158  1.59120847e-05  1.41397599e-05
 36.3198  0.00048609473  1.90624042e-05  1.82243205e-05
 36.3505  0.000544733846  1.99561438e-05  1.26250724e-05
 36.3813  0.000549165508  3.02075145e-05  1.86551978e-05
 36.412  0.000524684079  2.57874127e-05  1.40559159e-05
 36.4427  0.000512221721  2.85156625e-05  1.4270988e-05
 36.4735  0.000510245191  3.47359519e-05  2.9301832e-05
 36.5042  0.000541755734  4.01423543e-05  2.86622974e-05
 36.5349  0.000575485469  4.77172564e-05  1.24188089e-05
 36.5657  0.000486749788  4.50290461e-05  1.72307193e-05
 36.5964  0.000513894545  4.54293321e-05  2.42970782e-05
 36.6272  0.00051993898  4.29570916e-05  3.3148381e-05
 36.6579  0.000490809552  2.63890373e-05  2.34048848e-05
 36.6886  0.000438552965  3.48905355e-05  2.70135372e-05
 36.7194  0.000357684484  2.37910067e-05  2.29796912e-05
 36.7501  0.000326075829  1.36294609e-05  1.20733551e-05
 36.7809  0.000335109311  1.45968922e-05  1.3462541e-05
 36.8116  0.000345679571  1.37588925e-05  1.39899743e-05
 36.8423  0.000358452771  1.91419435e-05  1.65431644e-05
 36.8731  0.000340401649  2.41714491e-05  1.52445367e-05
 36.9038  0.000327524791  1.61544493e-05  1.37007982e-05
 36.9345  0.000327850844  1.51884001e-05  1.4335102e-05
 36.9653  0.000319923087  1.04657619e-05  9.83050565e-06
 36.996  0.000302365072  8.86236047e-06  8.12287687e-06
 37.0268  0.000290631421  8.27570835e-06  8.00962314e-06
 37.0575  0.000281670196  8.00779602e-06  7.89395949e-06
 37.0882  0.000289013529  8.59001633e-06  8.6254578e-06
 37.119  0.000293951829  8.32685923e-06  1.07874186e-05
 37.1497  0.000294832747  8.31560225e-06  1.25553821e-05
 37.1805  0.00030725427  9.15222831e-06  1.38554489e-05
 37.2112  0.000310171137  9.72661286e-06  1.46427179e-05
 37.2419  0.000296364225  1.11304511e-05  1.71570133e-05
 37.2727  0.000267676337  1.02282319e-05  1.75186446e-05
 37.3034  0.000246352584  1.1050013e-05  1.85738103e-05
 37.3342  0.000256989406  1.19963214e-05  2.13757652e-05
 37.3649  0.000251666666  8.85307759e-06  1.556135e-05
 37.3956  0.00026715861  2.56942829e-05  3.4172769e-05
 37.4264  0.000267511842  2.46700075e-05  3.12931318e-05
 37.4571  0.00028647096  1.80199907e-05  2.59706775e-05
 37.4878  0.000289414978  1.49273332e-05  2.32199747e-05
 37.5186  0.000265690957  1.08251215e-05  1.92830493e-05
 37.5493  0.000272988331  1.08926274e-05  2.36091331e-05
 37.5801  0.000294147445  3.89571737e-05  7.15683692e-05
 37.6108  0.00031726544  4.33749271e-05  5.79477317e-05
 37.6415  0.000360647405  2.18567423e-05  3.56928766e-05
 37.6723  0.000416555231  2.64013069e-05  4.86091625e-05
 37.703  0.000453036384  3.41704303e-05  6.07861836e-05
 37.7338  0.000442744611  1.44286858e-05  2.84112442e-05
 37.7645  0.000480763588  4.85734534e-05  6.50936525e-05
 37.7952  0.000481249886  3.99189448e-05  5.42074503e-05
 37.826  0.000501736736  3.39979537e-05  4.99370686e-05
 37.8567  0.000506448789  3.37091372e-05  5.18788707e-05
 37.8874  0.000524374099  3.6331809e-05  6.59927432e-05
 37.9182  0.000621120295  3.87359414e-05  4.51615742e-05
 37.9489  0.000624065524  4.0293438e-05  4.42987053e-05
 37.9797  0.000567511289  3.96548904e-05  3.88280723e-05
 38.0104  0.000644133341  4.71246554e-05  4.72181312e-05
 38.0411  0.000708480101  5.45314834e-05  5.25171053e-05
 38.0719  0.000494215745  3.4376734e-05  2.54950429e-05
 38.1026  0.000487517339  5.00874387e-05  2.37521933e-05
 38.1334  0.00055411687  5.71033891e-05  3.14111498e-05
 38.1641  0.000501040272  3.99278725e-05  2.82964848e-05
 38.1948  0.000459204517  2.93349366e-05  2.51093139e-05
 38.2256  0.000496241967  3.69934411e-05  3.60035295e-05
 38.2563  0.000500945455  4.09419348e-05  3.16045325e-05
 38.287  0.000474149131  3.34385864e-05  2.5655415e-05
 38.3178  0.000503933947  4.50153441e-05  3.10917065e-05
 38.3485  0.000541943529  5.47050142e-05  3.91711173e-05
 38.3793  0.000468563134  3.65147797e-05  3.38731728e-05
 38.41  0.000509577988  3.08253691e-05  3.20971355e-05
 38.4407  0.000530692042  2.39721111e-05  3.22864731e-05
 38.4715  0.000542477331  2.42964362e-05  3.52017638e-05
 38.5022  0.000611128194  2.87865985e-05  4.28638903e-05
 38.533  0.000667978737  3.23572144e-05  4.77866977e-05
 38.5637  0.000718651299  3.76342919e-05  4.51223612e-05
 38.5944  0.00078914098  3.46133949e-05  4.85113934e-05
 38.6252  0.000862970318  3.64609339e-05  4.69364995e-05
 38.6559  0.00090987378  3.48956085e-05  4.45021319e-05
 38.6867  0.000934521414  3.56719062e-05  4.44629305e-05
 38.7174  0.000893019011  4.09063184e-05  4.66193184e-05
 38.7481  0.000882524541  5.98562868e-05  6.88412206e-05
 38.7789  0.00101255638  5.20275021e-05  5.43070154e-05
 38.8096  0.00112030219  4.3276304e-05  4.50407231e-05
 38.8403  0.00120824887  4.82160007e-05  4.64783308e-05
 38.8711  0.00127272002  6.30367389e-05  5.32208305e-05
 38.9018  0.00128652757  9.59240816e-05  8.85679606e-05
 38.9326  0.00117890768  5.58604157e-05  4.33697483e-05
 38.9633  0.00107463335  8.69745049e-05  6.47947554e-05
 38.994  0.00111084556  0.000107346253  8.51980213e-05
 39.0248  0.00135500307  0.000119880954  8.66587235e-05
 39.0555  0.00153050152  0.000150841847  0.000108095317
 39.0863  0.00170768418  0.000160868779  0.000133051316
 39.117  0.00213494189  0.000153359403  9.58800263e-05
 39.1477  0.00303901355  0.000236679674  0.000113883875
 39.1785  0.00447907972  0.000314963383  0.000142067832
 39.2092  0.00598023735  0.000357617008  0.000138628778
 39.2399  0.00626905627  0.000519473448  0.000196904984
 39.2707  0.00703847545  0.00052098806  0.000172702025
 39.3014  0.00777894593  0.00054853024  0.000197560717
 39.3322  0.00857695945  0.000706415831  0.000281446783
 39.3629  0.0099630872  0.000840769341  0.000218050253
 39.3936  0.0121076306  0.00101023284  0.000187103483
 39.4244  0.0129337339  0.00134684142  0.000199008961
 39.4551  0.0143669002  0.0016548061  0.000244588261
 39.4859  0.0170519571  0.00198505171  0.000310403561
 39.5166  0.0201987717  0.00263401485  0.000413285986
 39.5473  0.0236017114  0.00435709189  0.000671568808
 39.5781  0.029283196  0.0107240154  0.00132076359
 39.6088  0.0321202686  0.008359139  0.001290894
 39.6396  0.0290260943  0.00750816704  0.000788432833
 39.6703  0.0190528922  0.00424733644  0.000353284216
 39.701  0.0155983948  0.00188919741  0.00019463745
 39.7318  0.0160777236  0.00179308299  0.000173098258
 39.7625  0.0152527699  0.00153731014  0.000168451419
 39.7932  0.0145496505  0.00143981167  0.000166729917
 39.824  0.0138469628  0.00146451752  0.000202789669
 39.8547  0.0131676562  0.00137122952  0.000196067429
 39.8855  0.0130129575  0.00124122429  0.000225843219
 39.9162  0.0134876355  0.00120236304  0.00021340736
 39.9469  0.0140224107  0.0011130717  0.000219333006
 39.9777  0.014443645  0.000828670805  0.000144151348
 40.0084  0.014414257  0.000843094716  0.00014741655
 40.0392  0.0136584749  0.00115379708  0.000272412137
 40.0699  0.0123886004  0.00107720005  0.000176356731
 40.1006  0.0107964296  0.0011353536  0.000279941994
 40.1314  0.011256269  0.00114705955  0.000254904103
 40.1621  0.0120437234  0.001284826  0.000180791178
 40.1928  0.012352134  0.00144118162  0.000208076879
 40.2236  0.0122138055  0.00129383774  0.00010095889
 40.2543  0.0107854564  0.00113284188  0.000125685244
 40.2851  0.0104806894  0.00120651354  0.000103387934
 40.3158  0.00930875683  0.00129681523  0.000144952534
 40.3465  0.00835634606  0.00146702598  0.000115379648
 40.3773  0.00877933605  0.00167384846  0.000138325219
 40.408  0.011640206  0.00165158184  0.000134693549
 40.4388  0.0117784031  0.00173053321  0.000180554942
 40.4695  0.0114201795  0.0019188673  0.000169857371
 40.5002  0.0105000486  0.00180739808  0.000134840436
 40.531  0.00917114562  0.00148171646  0.000122981709
 40.5617  0.00789975031  0.00116619711  0.000112543456
 40.5924  0.00671760387  0.000947788726  9.98621089e-05
 40.6232  0.00799849007  0.000814773803  0.000104862018
 40.6539  0.00819214289  0.000910125747  0.000105273743
 40.6847  0.00799515199  0.000939458342  0.000106855002
 40.7154  0.00851282109  0.000966787323  0.000118836194
 40.7461  0.0102206351  0.00118367114  0.000146191527
 40.7769  0.0110949475  0.00137933277  0.000163568174
 40.8076  0.0115061764  0.0014087396  0.000167655029
 40.8384  0.0115058589  0.00153924863  0.000186095197
 40.8691  0.0111996526  0.00163250234  0.000150152704
 40.8998  0.0103238844  0.00138003087  0.000119064015
 40.9306  0.00983564546  0.00116438228  0.000115299021
 40.9613  0.0107356235  0.000974103381  0.00010981065
 40.9921  0.0110487264  0.00109807445  0.000123105664
 41.0228  0.0109298663  0.00121773147  0.000144866571
 41.0535  0.0103993196  0.0011929943  0.000147800359
 41.0843  0.00929862166  0.001088784  9.72882244e-05
 41.115  0.00889501366  0.00117334112  0.000106749442
 41.1457  0.00890427403  0.00124597937  0.00011970187
 41.1765  0.00873330411  0.00119660999  0.000125734888
 41.2072  0.00865878749  0.00108537439  0.000125505753
 41.238  0.00908523675  0.00101775507  0.000121162352
 41.2687  0.0103042677  0.00112829016  0.000131134624
 41.2994  0.011024515  0.00128213985  0.000130025594
 41.3302  0.0124547579  0.00150217091  0.000141792104
 41.3609  0.0131218473  0.00157990024  0.000158276554
 41.3917  0.0126411265  0.00144644487  0.000144312876
 41.4224  0.0115039051  0.00135343494  0.0001377898
 41.4531  0.0106060402  0.00135544715  0.000123325814
 41.4839  0.010868118  0.00130110291  0.000112044987
 41.5146  0.0104661062  0.00128385461  0.000114683948
 41.5453  0.00886130885  0.0010664466  0.000104552268
 41.5761  0.00684447374  0.000833240854  9.02619557e-05
 41.6068  0.00733473227  0.000963162103  9.99139208e-05
 41.6376  0.00869119439  0.00119237068  0.000110719707
 41.6683  0.00960864188  0.00132470232  0.000116749032
 41.699  0.00992643905  0.00143570841  0.000121944731
 41.7298  0.00967353723  0.00148617064  0.00012388058
 41.7605  0.00907935742  0.0013527774  0.000116915976
 41.7913  0.00914427203  0.00143573521  0.000108492075
 41.822  0.00909330224  0.00152748957  0.00011171208
 41.8527  0.00900907619  0.00161052301  0.000115738063
 41.8835  0.0086614258  0.00168586754  0.000125087972
 41.9142  0.00806480367  0.0018077727  0.00013538825
 41.9449  0.00781052401  0.00197644846  0.000132565226
 41.9757  0.008563596  0.00171604748  0.000127653704
 42.0064  0.00809845891  0.00201299925  0.000144268562
 42.0372  0.0074176505  0.00210209085  0.000147785406
 42.0679  0.00770012536  0.00216497997  0.000150026737
 42.0986  0.00943215019  0.00313992697  0.000189526297
 42.1294  0.0109007998  0.00357860542  0.000235015463
 42.1601  0.0138606064  0.00457739257  0.000256001064
 42.1909  0.015579915  0.00570932268  0.000291407343
 42.2216  0.0142655695  0.00576597952  0.00032314725
 42.2523  0.011905623  0.0047051892  0.000334355105
 42.2831  0.0108917318  0.00458473796  0.000389899973
 42.3138  0.00849634455  0.00309133362  0.000292028751
 42.3446  0.00469503022  0.00135940372  0.00021919362
 42.3753  0.0035964714  0.000762856648  0.000232612779
 42.406  0.00354088543  0.000666423896  0.00022673327
 42.4368  0.00268967835  0.000916679361  0.00021121197
 42.4675  0.00203859791  0.000459831278  0.000132497161
 42.4982  0.00230711549  0.000818755703  0.000100208178
 42.529  0.00204435319  0.000535183286  9.9946596e-05
 42.5597  0.00177354434  0.000143318194  7.57692608e-05
 42.5905  0.00165283605  0.000114991707  0.000114057615
 42.6212  0.00182482417  0.000112294896  0.000128519648
 42.6519  0.00201428784  0.000107773966  0.000102061233
 42.6827  0.00198027151  0.00011860849  0.000111405374
 42.7134  0.00200364247  0.000118152221  0.000108604874
 42.7442  0.00205185717  0.000110199066  8.35378374e-05
 42.7749  0.00217343703  0.000136839468  8.53445711e-05
 42.8056  0.00215278745  0.00015674165  6.83828208e-05
 42.8364  0.00200073829  0.000142125422  7.48271751e-05
 42.8671  0.00207046109  0.000131292035  6.77300704e-05
 42.8978  0.00214782869  0.000137434655  6.79984978e-05
 42.9286  0.00230055825  0.000148532898  5.85833956e-05
 42.9593  0.00229455867  0.000160192521  5.763272e-05
 42.9901  0.00223396102  0.000135346946  5.27888614e-05
 43.0208  0.00245854649  0.000132099455  5.25404916e-05
 43.0515  0.00249826771  0.000125927688  5.20539808e-05
 43.0823  0.0022549137  0.00011882018  5.08068463e-05
 43.113  0.00234363548  0.000156262384  6.49283353e-05
 43.1438  0.0029136445  0.000205271958  5.84813146e-05
 43.1745  0.00295462027  0.00022312344  6.34453375e-05
 43.2052  0.00269489146  0.000201671619  5.51607332e-05
 43.236  0.00238852196  0.000168869587  5.87584862e-05
 43.2667  0.00246700938  0.000148156151  7.18319505e-05
 43.2975  0.00270709529  0.000153394077  8.07628513e-05
 43.3282  0.00280987202  0.000164656225  7.74251593e-05
 43.3589  0.00289745208  0.000169845964  7.92067295e-05
 43.3897  0.00300323889  0.000172823564  8.44481674e-05
 43.4204  0.00302539369  0.000167749093  8.15558376e-05
 43.4511  0.0029861176  0.00016293873  8.0813834e-05
 43.4819  0.00263747886  0.000164694776  7.87332243e-05
 43.5126  0.00274167182  0.000200016701  8.0495959e-05
 43.5434  0.00345408892  0.000338966308  9.11514947e-05
 43.5741  0.00385328559  0.000421870765  9.51705461e-05
 43.6048  0.00330931525  0.000325180656  8.92229244e-05
 43.6356  0.00381931328  0.000395871692  9.25150268e-05
 43.6663  0.00410781046  0.00040388186  0.000104840094
 43.6971  0.00431989396  0.000409577522  0.000110451636
 43.7278  0.00458450526  0.000453419333  0.00011811111
 43.7585  0.00487827249  0.000505311752  0.000111817349
 43.7893  0.00509735104  0.000545189596  0.000101228385
 43.82  0.00464776452  0.000503645058  9.29153999e-05
 43.8507  0.00539162121  0.000565777002  8.99919564e-05
 43.8815  0.00690763403  0.000843749418  0.000114866922
 43.9122  0.00883089581  0.00121682644  0.000151701813
 43.943  0.0116824071  0.00174840497  0.000196442873
 43.9737  0.0118877531  0.0021523602  0.000243030195
 44.0044  0.0110302535  0.00186900957  0.000212699333
 44.0352  0.0109150713  0.00192421714  0.000237518556
 44.0659  0.0114794368  0.00226436142  0.000259564597
 44.0967  0.0123427149  0.00294516424  0.000355946634
 44.1274  0.0139962389  0.00423308887  0.000515215701
 44.1581  0.0205631772  0.00598684232  0.000721450962
 44.1889  0.0380257632  0.0145044746  0.000962460299
 44.2196  0.0663871399  0.0325410755  0.00189494316
 44.2503  0.0926090228  0.0543281189  0.00329451466
 44.2811  0.0952169727  0.0671589815  0.00449500757
 44.3118  0.105620431  0.09506334  0.00482287782
 44.3426  0.111672401  0.105770885  0.0065788043
 44.3733  0.0996737352  0.0733702904  0.00539630771
 44.404  0.0683320247  0.0242122839  0.00514468614
 44.4348  0.0612711346  0.0253200821  0.00579944783
 44.4655  0.0323978561  0.0232194419  0.00655667683
 44.4963  0.0257154166  0.021425638  0.00553918065
 44.527  0.0171691878  0.0137802165  0.00346786938
 44.5577  0.0096540855  0.00625239096  0.00187675144
 44.5885  0.00548544463  0.00389146354  0.00292036526
 44.6192  0.00636925576  0.00820233755  0.00664409572
 44.65  0.00572589947  0.00400778736  0.00323973762
 44.6807  0.00540526531  0.00216049534  0.00181552986
 44.7114  0.00458102698  0.012169343  0.0104462875
 44.7422  0.00617779274  0.00859866469  0.00531393044
 44.7729  0.00718912749  0.00699822893  0.00546981495
 44.8036  0.00497613213  0.0036961498  0.0031289352
 44.8344  0.00731674175  0.00290831161  0.00244770619
 44.8651  0.00617822491  0.00928591177  0.00733163637
 44.8959  nan  nan  nan
 44.9266  0.00452396552  0.00563517143  0.00513744441
 44.9573  0.00843538612  0.00352084638  0.0028948935
 44.9881  nan  nan  nan
 45.0188  nan  nan  nan
 45.0496  nan  nan  nan
 45.0803  nan  nan  nan
 45.111  nan  nan  nan
 45.1418  nan  nan  nan
 45.1725  nan  nan  nan
 45.2032  nan  nan  nan
 45.234  nan  nan  nan
 45.2647  0.00541168287  0.00174252683  0.00111942316
