# X (m) TKE_avg epsilon_turb_pw_avg_Y_avg epsilon_pw_avg_Y_avg
 33.0312  5.63508732e-05  0.136203853  0.0191067918
 33.0624  3.9890001e-05  0.0162861671  0.00301400377
 33.0936  4.38233322e-05  0.00277580644  0.000518527068
 33.1248  4.38000963e-05  2.52659966e-06  8.237798e-06
 33.156  5.34327321e-05  6.46781349e-06  1.41567716e-05
 33.1872  9.11942386e-05  4.42104284e-06  2.36489001e-05
 33.2184  0.000197119782  1.20423385e-05  3.66119523e-05
 33.2496  3.83512657e-05  8.55729042e-06  4.81826485e-05
 33.2808  3.7102329e-05  1.00081883e-05  8.86386441e-05
 33.312  5.55484522e-05  1.08334773e-05  0.000109645104
 33.3432  9.31100946e-05  1.89617137e-05  0.000112015268
 33.3744  0.000164203127  4.22860338e-05  0.000105511674
 33.4056  0.000167912891  1.49356529e-05  7.95978093e-05
 33.4368  0.000100413828  5.99683974e-06  5.43240926e-05
 33.468  0.000105856495  5.2959208e-06  5.15823903e-05
 33.4991  0.000107373547  6.33385786e-06  5.43940898e-05
 33.5303  7.34881297e-05  5.86520416e-06  4.60710571e-05
 33.5615  9.15114412e-05  5.29557269e-06  4.6510766e-05
 33.5927  0.000108718261  5.19437939e-06  4.23766813e-05
 33.6239  9.99642398e-05  3.72325479e-06  4.25559653e-05
 33.6551  0.000178548287  5.0421512e-06  6.83359763e-05
 33.6863  0.000263867206  1.10767913e-05  9.20074082e-05
 33.7175  0.000270531551  1.6799951e-05  0.000107219378
 33.7487  0.000244877297  1.2652403e-05  0.000125693272
 33.7799  0.00013210789  1.06349728e-05  9.86027221e-05
 33.8111  0.000106939548  7.60408254e-06  6.25457686e-05
 33.8423  0.000117141119  1.1999647e-05  3.58209776e-05
 33.8735  7.97778665e-05  1.15738122e-05  1.89082905e-05
 33.9047  0.000101036045  7.82515055e-06  1.6929494e-05
 33.9359  8.04265928e-05  6.10449902e-06  1.20462258e-05
 33.9671  7.38163113e-05  9.06132796e-06  1.17605527e-05
 33.9983  4.28553719e-05  7.51284051e-06  9.11606701e-06
 34.0295  3.47820898e-05  4.65236581e-06  5.11172643e-06
 34.0607  2.80487911e-05  2.97479413e-06  3.97697069e-06
 34.0919  2.9140104e-05  3.41930795e-06  4.84861723e-06
 34.1231  2.85080647e-05  1.67645181e-06  3.59380475e-06
 34.1543  3.45672255e-05  2.92373167e-06  5.68563618e-06
 34.1855  4.31766116e-05  8.30770872e-06  8.76142467e-06
 34.2167  4.59940071e-05  7.20650446e-06  7.7883608e-06
 34.2479  5.51840439e-05  7.19354478e-06  8.87264522e-06
 34.2791  6.46856516e-05  9.88202547e-06  9.80747515e-06
 34.3103  5.80403011e-05  6.13680774e-06  7.77155727e-06
 34.3415  6.45842929e-05  4.58231079e-06  5.26520304e-06
 34.3727  6.37315445e-05  4.86115793e-06  5.4474646e-06
 34.4039  6.85719236e-05  5.04027241e-06  6.05858517e-06
 34.435  7.39929674e-05  7.24578585e-06  9.31556499e-06
 34.4662  8.42704308e-05  9.05471624e-06  1.0147743e-05
 34.4974  9.81451401e-05  2.05791095e-05  1.28619062e-05
 34.5286  0.000101074643  2.06859636e-05  1.3855965e-05
 34.5598  8.61209967e-05  8.75385931e-06  6.17697985e-06
 34.591  9.15527449e-05  5.42632011e-06  4.17378498e-06
 34.6222  9.85180194e-05  7.32732854e-06  5.84683092e-06
 34.6534  0.00012301836  2.27741976e-05  9.76600341e-06
 34.6846  0.000127346314  2.09084641e-05  7.81015559e-06
 34.7158  9.93188997e-05  1.11334615e-05  6.50144227e-06
 34.747  0.000102754888  1.28213252e-05  8.94067987e-06
 34.7782  9.68778757e-05  5.34855082e-06  6.24225563e-06
 34.8094  0.000103357992  3.15570359e-06  5.17164078e-06
 34.8406  0.00013185714  3.80758119e-06  6.60280294e-06
 34.8718  0.000164124915  7.10224296e-06  1.07303665e-05
 34.903  0.000189251346  8.6839991e-06  9.65309038e-06
 34.9342  0.000216107285  8.94479375e-06  8.41156093e-06
 34.9654  0.000243465439  8.30379091e-06  7.01920401e-06
 34.9966  0.000251730353  7.26248967e-06  6.09158978e-06
 35.0278  0.000255542687  7.2783017e-06  6.73003205e-06
 35.059  0.000251567178  6.8908943e-06  6.32628461e-06
 35.0902  0.000248352837  9.18442113e-06  6.83103447e-06
 35.1214  0.000237830698  1.14224259e-05  6.4997319e-06
 35.1526  0.000226529054  1.22884508e-05  5.19255454e-06
 35.1838  0.000215747678  9.48363715e-06  4.65366522e-06
 35.215  0.000207344684  7.35215286e-06  4.57010058e-06
 35.2462  0.000202459005  5.32180246e-06  3.63760805e-06
 35.2774  0.000203005269  4.55672434e-06  4.8603711e-06
 35.3086  0.000199574935  5.25668177e-06  6.11710992e-06
 35.3398  0.000212229885  6.62887383e-06  5.82088725e-06
 35.3709  0.000215609049  5.46775635e-06  5.100481e-06
 35.4021  0.000218543697  4.52219832e-06  6.63097266e-06
 35.4333  0.000202356084  4.5239221e-06  7.20514453e-06
 35.4645  0.000199471275  5.46734766e-06  8.65834849e-06
 35.4957  0.000188846201  5.69155598e-06  6.6110888e-06
 35.5269  0.000179379858  5.76012846e-06  7.33740218e-06
 35.5581  0.000174133077  6.71304276e-06  8.30371555e-06
 35.5893  0.000184080411  4.32016851e-06  7.50746424e-06
 35.6205  0.000198849406  5.24595468e-06  1.23981653e-05
 35.6517  0.000204872097  6.05962898e-06  1.1195227e-05
 35.6829  0.000216829759  7.40025178e-06  1.28775092e-05
 35.7141  0.000217244597  6.80599465e-06  1.30960392e-05
 35.7453  0.000191928252  5.28917379e-06  1.27875492e-05
 35.7765  0.000192804532  5.54778338e-06  1.40176319e-05
 35.8077  0.000185161214  8.22918531e-06  1.63868766e-05
 35.8389  0.000173393255  1.17731537e-05  2.0770594e-05
 35.8701  0.000195054522  1.01415929e-05  2.43736873e-05
 35.9013  0.000193784875  7.36388051e-06  2.20603034e-05
 35.9325  0.000209811323  7.1713177e-06  2.02819552e-05
 35.9637  0.000212369614  8.29190048e-06  2.08145652e-05
 35.9949  0.000238421916  8.21967397e-06  2.28381506e-05
 36.0261  0.000261101024  8.44806945e-06  2.50758059e-05
 36.0573  0.000256334356  7.59321877e-06  2.03513361e-05
 36.0885  0.000267058119  1.08903723e-05  2.50980647e-05
 36.1197  0.000276254059  2.57126146e-05  4.44713425e-05
 36.1509  0.000270782078  2.37749137e-05  4.33933963e-05
 36.1821  0.00025561435  1.71980258e-05  3.90951617e-05
 36.2133  0.000264106208  2.8060919e-05  5.65926093e-05
 36.2445  0.000260099069  1.1996604e-05  4.00420668e-05
 36.2757  0.00022827513  1.02141378e-05  3.55163308e-05
 36.3069  0.000252237988  1.52677034e-05  4.9539502e-05
 36.338  0.000243852987  1.41482769e-05  4.51673753e-05
 36.3692  0.000263059325  1.66906779e-05  4.89541443e-05
 36.4004  0.000259295955  1.45193716e-05  4.65844936e-05
 36.4316  0.000238121105  1.22169527e-05  4.516534e-05
 36.4628  0.000217611305  1.10051805e-05  4.19627357e-05
 36.494  0.000280746772  1.46010072e-05  5.25302749e-05
 36.5252  0.000333976855  1.77616733e-05  4.47430993e-05
 36.5564  0.000360062527  2.05149277e-05  4.11873707e-05
 36.5876  0.000357050495  2.201027e-05  3.8684673e-05
 36.6188  0.000363501343  2.36490934e-05  4.15828208e-05
 36.65  0.000359114254  1.93358014e-05  3.72513261e-05
 36.6812  0.000309037679  2.26968346e-05  3.18767247e-05
 36.7124  0.000336615608  2.29536486e-05  2.92229564e-05
 36.7436  0.000330949388  2.10957704e-05  2.54155481e-05
 36.7748  0.000299495063  1.94613346e-05  2.12938762e-05
 36.806  0.000276855477  1.82372592e-05  1.84904466e-05
 36.8372  0.000287796442  1.78770919e-05  1.80760748e-05
 36.8684  0.000285451759  1.52133446e-05  1.54176138e-05
 36.8996  0.000292990275  1.56399059e-05  1.57596979e-05
 36.9308  0.000273858086  1.36651678e-05  1.30988063e-05
 36.962  0.000322274559  1.47188682e-05  1.61056054e-05
 36.9932  0.000335506043  1.41310799e-05  1.71942897e-05
 37.0244  0.00037545443  1.86674063e-05  2.34669371e-05
 37.0556  0.000345977403  2.02586969e-05  2.02013432e-05
 37.0868  0.000348084527  2.28434684e-05  2.43884536e-05
 37.118  0.000363333238  2.81576874e-05  2.65861241e-05
 37.1492  0.000312189509  2.15593465e-05  2.18938982e-05
 37.1804  0.000310771233  1.59679076e-05  2.245186e-05
 37.2116  0.000336253775  2.01541396e-05  2.58955913e-05
 37.2428  0.000339888443  3.01393456e-05  2.97169705e-05
 37.2739  0.000335839629  2.75976597e-05  2.54979557e-05
 37.3051  0.000344842166  2.97654751e-05  2.74457517e-05
 37.3363  0.000330429697  3.10958708e-05  2.86798126e-05
 37.3675  0.000285722606  2.920386e-05  2.63509174e-05
 37.3987  0.000274487485  2.70922847e-05  2.59482139e-05
 37.4299  0.000257658025  2.85192921e-05  2.15060706e-05
 37.4611  0.000248258998  1.67004488e-05  1.23961705e-05
 37.4923  0.000253100811  1.44686943e-05  1.16323088e-05
 37.5235  0.000274856485  1.9034678e-05  1.0963365e-05
 37.5547  0.000287083792  2.7208741e-05  1.57312607e-05
 37.5859  0.000290025709  3.35849022e-05  2.73625639e-05
 37.6171  0.000336552369  4.31826697e-05  3.51340093e-05
 37.6483  0.000405254839  2.43230899e-05  1.59495046e-05
 37.6795  0.000482319464  5.29212343e-05  4.4652352e-05
 37.7107  0.000577127809  6.59112154e-05  4.52071109e-05
 37.7419  0.00062622398  4.97040447e-05  2.42339128e-05
 37.7731  0.000711732744  6.41711732e-05  4.08713877e-05
 37.8043  0.000722555193  5.4615588e-05  2.52115279e-05
 37.8355  0.000790462676  6.13034992e-05  3.04505401e-05
 37.8667  0.000814333979  9.62524827e-05  6.71434485e-05
 37.8979  0.000837454894  0.000134521129  0.000114629992
 37.9291  0.000893905963  0.000105709451  0.000102416436
 37.9603  0.000940053844  7.43586925e-05  4.37738097e-05
 37.9915  0.000930565324  7.9683015e-05  6.48123281e-05
 38.0227  0.000902383162  8.16893657e-05  5.36103291e-05
 38.0539  0.000918815296  5.85156091e-05  4.71542076e-05
 38.0851  0.000891348289  5.12530051e-05  5.38337993e-05
 38.1163  0.000837036464  5.07708845e-05  5.23941769e-05
 38.1475  0.000894453105  0.000101879976  7.37994024e-05
 38.1787  0.000724890582  6.03151138e-05  6.2512975e-05
 38.2099  0.000605176242  3.20540134e-05  5.01314234e-05
 38.241  0.0005598838  2.79902866e-05  5.23596438e-05
 38.2722  0.000523406009  3.36091587e-05  6.51146132e-05
 38.3034  0.000482486331  3.93953745e-05  6.8794533e-05
 38.3346  0.000403754414  3.6521126e-05  6.30521337e-05
 38.3658  0.000382812179  1.91104984e-05  3.81733502e-05
 38.397  0.000392130578  1.83466236e-05  3.67720933e-05
 38.4282  0.000444915431  1.77785429e-05  4.08344937e-05
 38.4594  0.000474128581  2.43175601e-05  6.54795021e-05
 38.4906  0.000577526456  5.30353387e-05  8.16380155e-05
 38.5218  0.000731324306  7.52434937e-05  6.61819539e-05
 38.553  0.000691345694  7.13394286e-05  8.53329141e-05
 38.5842  0.000673653817  7.54730972e-05  8.55186118e-05
 38.6154  0.000730455472  8.40212171e-05  4.56493387e-05
 38.6466  0.000939143661  0.000106286348  3.34407504e-05
 38.6778  0.00141179175  0.000185282543  3.99037696e-05
 38.709  0.00200233718  0.000284602047  0.00011105827
 38.7402  0.00225189859  0.000274584963  0.000140386046
 38.7714  0.00227678243  0.000225944706  5.19463506e-05
 38.8026  0.00241094291  0.000267417659  4.24373894e-05
 38.8338  0.00230083305  0.000259664123  6.51003575e-05
 38.865  0.0023065041  0.000225525634  7.31320147e-05
 38.8962  0.00242703807  0.000235900438  7.55475303e-05
 38.9274  0.0021238093  0.0002847806  0.000130969799
 38.9586  0.00208241314  0.0003236335  0.000159059446
 38.9898  0.00228540287  0.000246831865  6.70595091e-05
 39.021  0.00257960621  0.000268026199  0.000108304577
 39.0522  0.00227772338  0.000200771372  0.00010638115
 39.0834  0.00239558633  0.000219181778  7.5540912e-05
 39.1146  0.00275752418  0.000310589727  8.78572875e-05
 39.1458  0.00437890327  0.000610083729  0.00014781128
 39.1769  0.00667791756  0.00101543435  0.000196932468
 39.2081  0.00793644279  0.00119569096  0.000152584667
 39.2393  0.0077660891  0.00127334896  0.00011297401
 39.2705  0.0101374204  0.00179610823  0.000148268421
 39.3017  0.0125879003  0.002261287  0.000174111893
 39.3329  0.013619595  0.00266510504  0.000191425265
 39.3641  0.0135721385  0.00289733655  0.000220435214
 39.3953  0.0141495361  0.00292500383  0.000200972998
 39.4265  0.0127095899  0.00264125606  0.000177828186
 39.4577  0.0109053781  0.00217483995  0.000141693255
 39.4889  0.00999038824  0.00224489165  0.000144045797
 39.5201  0.00804645408  0.00181892712  0.000126779913
 39.5513  0.00626824081  0.00134016196  9.71843144e-05
 39.5825  0.00547712967  0.000899352047  8.78858833e-05
 39.6137  0.00962089586  0.00130365957  0.000146110321
 39.6449  0.0183213205  0.00312741983  0.000264274908
 39.6761  0.0286078474  0.0045154653  0.000311927011
 39.7073  0.0368821896  0.00544572508  0.000335126186
 39.7385  0.0410173011  0.00678171827  0.000377213392
 39.7697  0.0410210563  0.00912919274  0.000441994769
 39.8009  0.0364273609  0.00963540414  0.000426601786
 39.8321  0.0402381153  0.00787312654  0.000396828465
 39.8633  0.0424938708  0.00719224005  0.000383268818
 39.8945  0.0381404511  0.00625554849  0.000351133372
 39.9257  0.028702962  0.00452092699  0.00029524235
 39.9569  0.02525483  0.00427533284  0.000284578555
 39.9881  0.0306062241  0.00474637084  0.000262698668
 40.0193  0.0300772363  0.00467860874  0.000275016897
 40.0505  0.0286914611  0.00500492002  0.000298995395
 40.0817  0.0289284523  0.00625564393  0.000331648474
 40.1128  0.0328564129  0.008410734  0.000382785715
 40.144  0.0424813827  0.0109245187  0.000437329038
 40.1752  0.0441268378  0.0123511625  0.000457889518
 40.2064  0.0408446164  0.0107234794  0.000432741254
 40.2376  0.0357481171  0.00923059765  0.000365497981
 40.2688  0.0313004369  0.00818137635  0.000322275436
 40.3  0.0279152883  0.00648774371  0.000286384707
 40.3312  0.0269458837  0.00595044261  0.000254128482
 40.3624  0.0244486938  0.0057647974  0.000235456043
 40.3936  0.0211582481  0.00494532453  0.000207933518
 40.4248  0.017098288  0.00407345717  0.000179095391
 40.456  0.0141668695  0.0037353047  0.000166607945
 40.4872  0.0109685568  0.00272081682  0.000141378129
 40.5184  0.00960818103  0.00215488011  0.000135792979
 40.5496  0.0143494067  0.00313229125  0.000166584165
 40.5808  0.0196762027  0.00529573367  0.000223719927
 40.612  0.02098644  0.00705523922  0.00027199284
 40.6432  0.0206088329  0.0081045805  0.000304874981
 40.6744  0.0184408339  0.00702207266  0.000263280131
 40.7056  0.0182365445  0.00667081086  0.000250484499
 40.7368  0.0172518761  0.00488927641  0.000234310054
 40.768  0.0162425487  0.0042126882  0.00021897084
 40.7992  0.0154240554  0.00395079037  0.000223451531
 40.8304  0.0146069568  0.00350241034  0.000235512863
 40.8616  0.0149265032  0.00319427683  0.000259424776
 40.8928  0.0154575704  0.00395349548  0.000311870764
 40.924  0.0123877775  0.00282123138  0.000306886312
 40.9552  0.0097547694  0.00207064705  0.000265638847
 40.9864  0.00848837437  0.00181219606  0.000231233912
 41.0176  0.00810437098  0.00156902144  0.000208397285
 41.0488  0.00904487552  0.00138975755  0.000197363987
 41.0799  0.00848560759  0.00127699616  0.000182433346
 41.1111  0.00855089729  0.00107613046  0.000193601266
 41.1423  0.00904899504  0.00102480894  0.000195488523
 41.1735  0.00885546831  0.000970100691  0.000205961046
 41.2047  0.00823853291  0.000986099297  0.000227155682
 41.2359  0.00893092241  0.00130545679  0.000249397361
 41.2671  0.0098717501  0.00124795079  0.000254788483
 41.2983  0.00942435449  0.00152215947  0.000306109884
 41.3295  0.0073209485  0.00110647526  0.000282265446
 41.3607  0.00661661953  0.000991322734  0.000328152471
 41.3919  0.00638286381  0.00106300031  0.000339494128
 41.4231  0.00758704656  0.00102878766  0.000309091651
 41.4543  0.00728519071  0.000806622429  0.000265083452
 41.4855  0.00755025074  0.00101503749  0.000294420375
 41.5167  0.00642711101  0.000830853916  0.000237275489
 41.5479  0.00577347585  0.00113382052  0.000202262114
 41.5791  0.00616421142  0.00200306152  0.000218770454
 41.6103  0.00692201223  0.00259112065  0.000202818644
 41.6415  0.00723510436  0.00248918246  0.000162989654
 41.6727  0.00638494936  0.00167547196  0.000116915425
 41.7039  0.00562625685  0.0010413172  8.6203415e-05
 41.7351  0.00505839364  0.000619344952  6.58038116e-05
 41.7663  0.0048439834  0.000543443916  6.29142713e-05
 41.7975  0.00468665635  0.000527172402  6.11543242e-05
 41.8287  0.00440337139  0.000448049206  5.87682799e-05
 41.8599  0.00434621118  0.000523849523  5.50179026e-05
 41.8911  0.00484874236  0.000605897291  5.76631372e-05
 41.9223  0.00522064958  0.000552014927  6.00244772e-05
 41.9535  0.00554273374  0.000472728786  5.9548809e-05
 41.9847  0.00631223912  0.000557480389  6.29329814e-05
 42.0158  0.00588610374  0.000539935742  6.11993462e-05
 42.047  0.003817772  0.000361771031  4.69182771e-05
 42.0782  0.00255023303  0.000271747724  4.06758467e-05
 42.1094  0.00216123064  0.000267750418  4.04427805e-05
 42.1406  0.00187636111  0.000243217593  3.79581802e-05
 42.1718  0.00189918892  0.000222903658  3.85612005e-05
 42.203  0.00185936172  0.000191581495  4.36177374e-05
 42.2342  0.00233436263  0.000243990425  4.8984133e-05
 42.2654  0.00246026043  0.000255973972  5.29572978e-05
 42.2966  0.0022222181  0.00022874021  5.34410815e-05
 42.3278  0.00214464844  0.000236863682  5.40958714e-05
 42.359  0.00231818093  0.000257974944  6.39209219e-05
 42.3902  0.00197963796  0.000179274724  6.29822117e-05
 42.4214  0.00183091796  0.00015409543  5.42491119e-05
 42.4526  0.0020423906  0.00021148554  5.22677392e-05
 42.4838  0.00223552245  0.000270890773  5.13013677e-05
 42.515  0.00234507168  0.00028343836  5.12203898e-05
 42.5462  0.00242483679  0.000258404201  6.31215426e-05
 42.5774  0.0026326005  0.000311948978  6.05904175e-05
 42.6086  0.00269566406  0.000347768342  6.27210414e-05
 42.6398  0.0027511577  0.000374895094  6.55188799e-05
 42.671  0.00320764792  0.000459671758  6.26106172e-05
 42.7022  0.00418900444  0.000663863282  7.36516056e-05
 42.7334  0.00469253151  0.000801481622  8.21552641e-05
 42.7646  0.00436215041  0.00075168678  8.19817411e-05
 42.7958  0.00377536182  0.000720926403  7.57415254e-05
 42.827  0.00367242074  0.000822031191  7.46471256e-05
 42.8582  0.00431128138  0.00107926041  9.56365801e-05
 42.8894  0.0052593268  0.00120644398  9.8560056e-05
 42.9206  0.00797792853  0.0021642929  0.000135932876
 42.9518  0.00792434167  0.00305385392  0.000155799633
 42.9829  0.00777881501  0.00319715346  0.000174063888
 43.0141  0.0092938944  0.00344993295  0.000205879551
 43.0453  0.011767838  0.00487949337  0.000267937754
 43.0765  0.0116432256  0.00830126043  0.000384138967
 43.1077  0.00973081226  0.00396106251  0.000332903954
 43.1389  0.010530377  0.00524124602  0.000421720959
 43.1701  0.00826251102  0.00445212988  0.00047851751
 43.2013  0.00596372402  0.00247062536  0.000531737183
 43.2325  0.00435426793  0.00139338187  0.000474889573
 43.2637  0.00485459121  0.0019995905  0.000732896949
 43.2949  0.00424068099  0.00167419248  0.000658470716
 43.3261  0.00379552063  0.00160563282  0.000664971667
 43.3573  0.00212292593  0.000883122945  0.000339069009
 43.3885  0.00246277447  0.00123249752  0.000350009822
 43.4197  0.00202629183  0.0010803198  0.000275515229
 43.4509  0.00147607719  0.000419319697  0.000172035962
 43.4821  0.0014016557  0.000145664639  0.00010798057
 43.5133  0.0014360152  8.13854276e-05  0.00010668637
 43.5445  0.00147989393  8.39886284e-05  0.000114128152
 43.5757  0.00144973736  8.22533695e-05  0.000109981088
 43.6069  0.0016415982  9.27085459e-05  0.000124415077
 43.6381  0.00171787279  0.000110536387  0.000135490803
 43.6693  0.00151634131  9.35225988e-05  0.000114471511
 43.7005  0.00145406512  8.2282783e-05  8.88709177e-05
 43.7317  0.00141382234  9.97374511e-05  8.53488361e-05
 43.7629  0.00139614847  0.000116227479  7.29020024e-05
 43.7941  0.00148714045  0.000154963943  8.04017765e-05
 43.8253  0.00190939591  0.000254220467  6.48221699e-05
 43.8565  0.00165575772  0.000203810037  6.49822793e-05
 43.8877  0.00142429254  0.000157849736  5.92279349e-05
 43.9188  0.00122546944  0.000226753696  7.78345578e-05
 43.95  0.00151633893  0.000389636316  0.000122808869
 43.9812  0.00279969707  0.00074337469  0.000174513828
 44.0124  0.00486627595  0.00129861434  0.000121146683
 44.0436  0.0129422836  0.00481294494  0.000335605735
 44.0748  0.0242044344  0.0103361907  0.000586068011
 44.106  0.0296813787  0.0134008256  0.000734907836
 44.1372  0.0298306618  0.0128255509  0.000875660663
 44.1684  0.0324909854  0.013673655  0.00133608668
 44.1996  0.0429163172  0.0230325503  0.00207031359
 44.2308  0.0515229069  0.0272010325  0.00210663401
 44.262  0.0556628411  0.0326215587  0.00187721048
 44.2932  0.0634664506  0.0400439143  0.00188864029
 44.3244  0.0760282081  0.0456566285  0.0020015726
 44.3556  0.0771762872  0.0486337959  0.00250523763
 44.3868  0.0525031933  0.0278504973  0.00177305537
 44.418  0.0330895607  0.0166631882  0.00137468533
 44.4492  0.0240859319  0.0118614781  0.00107545291
 44.4804  0.024917251  0.00911991934  0.00106499458
 44.5116  0.0376463747  0.0122223511  0.000964557616
 44.5428  0.0498791493  0.0214093067  0.00135353941
 44.574  0.0610029111  0.0275156151  0.00113498342
 44.6052  0.0717139819  0.0352283555  0.00147340689
 44.6364  0.0883520111  0.0370421189  0.00158377706
 44.6676  0.0968936368  0.0400520801  0.00164320788
 44.6988  0.0906215372  0.0482102249  0.00213639176
 44.73  0.0809562478  0.0535816473  0.00301902259
 44.7612  0.0815625015  0.0455951904  0.00329911251
 44.7924  0.0821707678  0.0430021248  0.00380442656
 44.8236  0.0752749494  0.0484415956  0.00632200088
 44.8547  0.0758808355  0.0486200387  0.0107434988
 44.8859  0.0866639167  0.0408534482  0.0203504696
 44.9171  0.0687984267  0.0461152973  0.0167893419
 44.9483  0.0716276559  0.0404021342  0.0165726313
 44.9795  0.0712027102  0.0704261224  0.0265906795
 45.0107  0.0455164243  0.0444227907  0.0185307488
 45.0419  0.0492784474  0.0270396678  0.0187039475
 45.0731  0.0476189591  0.0714694107  0.0329703576
 45.1043  0.0280415245  0.0069545712  0.00799069153
 45.1355  0.0497227016  0.110151135  0.0585733047
 45.1667  0.0512485563  0.0859525565  0.0567184757
 45.1979  0.0312250885  0.0410626946  0.0306196683
 45.2291  0.0280934222  0.0232875552  0.0201689638
 45.2603  0.0367118167  0.0356483833  0.0302518577
 45.2915  0.0452996046  0.0671527659  0.0386370185
 45.3227  nan  nan  nan
 45.3539  nan  nan  nan
 45.3851  nan  nan  nan
 45.4163  nan  nan  nan
 45.4475  0.0577244786  0.0551081097  0.0356037898
