# X (m) TKE_avg epsilon_turb_pw_avg_Y_avg epsilon_pw_avg_Y_avg
 33.03  3.05684489e-05  0.0978165116  0.0192821079
 33.0601  2.00697678e-05  0.0128723868  0.00430030657
 33.0901  2.75139321e-05  0.0031789046  0.00106726087
 33.1201  4.44710412e-05  1.45462125e-06  6.26636431e-06
 33.1502  6.14096434e-05  2.29177675e-06  1.10724092e-05
 33.1802  7.31586424e-05  3.71598164e-06  1.58636524e-05
 33.2103  0.000147966582  5.63243421e-06  1.70252413e-05
 33.2403  0.000183646727  9.4387013e-06  3.94550112e-05
 33.2703  8.64234901e-05  1.35372546e-05  7.11077196e-05
 33.3004  0.000168874805  1.19353872e-05  8.58654351e-05
 33.3304  0.00018522551  1.14601062e-05  0.000123334144
 33.3604  0.000165153599  1.17034481e-05  0.00012237741
 33.3905  0.000135801169  1.41631736e-05  0.000107650716
 33.4205  0.000190012542  1.67106793e-05  0.000106950505
 33.4505  0.000128476223  7.19473111e-06  7.05159756e-05
 33.4806  0.000137940351  7.07155659e-06  6.7926615e-05
 33.5106  0.000101543763  6.18264165e-06  5.0530936e-05
 33.5407  7.49384556e-05  4.61075568e-06  3.78285948e-05
 33.5707  8.53270451e-05  3.75425017e-06  3.81763181e-05
 33.6007  0.000116653515  4.10200291e-06  4.3647343e-05
 33.6308  6.88018382e-05  2.54323006e-06  3.8692233e-05
 33.6608  9.60307897e-05  2.72874742e-06  5.38803329e-05
 33.6908  0.000113412823  4.26176418e-06  6.71458565e-05
 33.7209  0.000122524986  8.32384701e-06  8.47873067e-05
 33.7509  0.000222461053  1.91739647e-05  0.000142181569
 33.7809  0.000326630287  1.64202089e-05  0.00016378329
 33.811  0.000211563987  1.51816412e-05  0.000147555888
 33.841  0.000186357853  1.12815875e-05  0.000113768592
 33.8711  0.000114284423  6.44693735e-06  7.06323688e-05
 33.9011  7.78724416e-05  5.08998465e-06  5.43938191e-05
 33.9311  7.41100564e-05  6.6352347e-06  5.1879693e-05
 33.9612  6.80750293e-05  4.31765784e-06  3.42182983e-05
 33.9912  6.1441921e-05  4.74911423e-06  2.86262842e-05
 34.0212  6.98991781e-05  6.84150266e-06  2.96082835e-05
 34.0513  0.000120212112  5.40042339e-06  2.70691055e-05
 34.0813  7.53415719e-05  5.03409423e-06  2.47701646e-05
 34.1113  4.99453369e-05  3.70435147e-06  2.18976339e-05
 34.1414  6.57260168e-05  6.758873e-06  2.95779808e-05
 34.1714  8.70458442e-05  7.51615105e-06  2.84658764e-05
 34.2015  4.29956987e-05  4.4731539e-06  1.50646526e-05
 34.2315  4.49149234e-05  4.73249784e-06  1.34037577e-05
 34.2615  3.41293387e-05  5.59445689e-06  9.37480603e-06
 34.2916  3.53017515e-05  6.73006429e-06  7.2815368e-06
 34.3216  2.97768148e-05  4.84342182e-06  5.02253591e-06
 34.3516  3.24801847e-05  3.25363664e-06  4.92990543e-06
 34.3817  2.96970336e-05  1.640482e-06  3.60479351e-06
 34.4117  3.00681488e-05  5.35683185e-06  7.70761394e-06
 34.4417  2.88808583e-05  8.07821363e-06  1.08162933e-05
 34.4718  3.23188902e-05  2.85144131e-06  5.7026953e-06
 34.5018  4.04570353e-05  6.22783878e-06  1.00648111e-05
 34.5319  3.9324476e-05  3.28408204e-06  8.22102872e-06
 34.5619  4.11319001e-05  2.60355935e-06  6.56642901e-06
 34.5919  4.08999341e-05  1.75291472e-06  6.04240705e-06
 34.622  4.79481379e-05  3.06810463e-06  7.96903317e-06
 34.652  5.06171226e-05  4.34314463e-06  6.49218036e-06
 34.682  6.29798227e-05  4.61298411e-06  7.06213843e-06
 34.7121  7.38265611e-05  3.53270664e-06  8.14915051e-06
 34.7421  9.60996505e-05  5.91554707e-06  9.02915657e-06
 34.7721  0.000106293396  8.86883274e-06  8.44338423e-06
 34.8022  0.000130873444  1.78948656e-05  1.18750496e-05
 34.8322  0.000158699796  2.01837019e-05  1.82537509e-05
 34.8623  0.000136954575  2.16236646e-05  1.59026177e-05
 34.8923  0.000166139801  3.96532067e-05  1.67527547e-05
 34.9223  0.000170833446  2.65243834e-05  1.48279334e-05
 34.9524  0.0001313545  4.78561574e-06  9.18128633e-06
 34.9824  0.000119651161  3.31999378e-06  8.75941285e-06
 35.0124  0.000111179636  3.03125891e-06  1.01687071e-05
 35.0425  0.000102440634  3.02207867e-06  9.38694511e-06
 35.0725  9.86587049e-05  2.64796864e-06  7.97081354e-06
 35.1025  9.9952653e-05  2.48640522e-06  7.77345829e-06
 35.1326  9.80244289e-05  2.0718008e-06  7.41415789e-06
 35.1626  9.53653205e-05  2.64575412e-06  8.47741761e-06
 35.1927  8.08136155e-05  2.2684077e-06  8.9200075e-06
 35.2227  7.66696831e-05  2.4742684e-06  1.04729462e-05
 35.2527  7.22486467e-05  1.49230187e-06  7.93832147e-06
 35.2828  7.24864918e-05  2.57665482e-06  1.06401635e-05
 35.3128  7.33880902e-05  3.64833058e-06  1.42423861e-05
 35.3428  7.3288419e-05  1.99268387e-06  1.13484682e-05
 35.3729  7.2302385e-05  1.36209516e-06  1.03085388e-05
 35.4029  7.63449163e-05  2.53220357e-06  1.24741738e-05
 35.4329  7.01986677e-05  4.65240027e-06  1.81085762e-05
 35.463  7.00588812e-05  2.90856803e-06  1.42250012e-05
 35.493  7.67896591e-05  2.91731544e-06  1.71955516e-05
 35.5231  8.23844078e-05  2.32830718e-06  1.25178118e-05
 35.5531  8.62126396e-05  9.45172617e-06  1.85857843e-05
 35.5831  7.21645727e-05  8.97463682e-06  2.53930174e-05
 35.6132  7.21504027e-05  4.42805295e-06  1.94577418e-05
 35.6432  7.46424459e-05  9.73383047e-06  3.00724652e-05
 35.6732  6.98491111e-05  6.98250741e-06  1.92031337e-05
 35.7033  7.55493564e-05  6.74120987e-06  2.16558426e-05
 35.7333  7.00066915e-05  5.02683005e-06  2.1439566e-05
 35.7633  8.13623188e-05  6.54314e-06  3.15625296e-05
 35.7934  8.5390998e-05  8.92296441e-06  3.14582694e-05
 35.8234  8.67353012e-05  1.75243295e-05  3.9114877e-05
 35.8535  8.46757485e-05  3.25766505e-05  5.68159275e-05
 35.8835  0.000100548028  1.73254608e-05  5.99608059e-05
 35.9135  0.000105492398  9.42574062e-06  5.19298814e-05
 35.9436  9.78707599e-05  7.48608134e-06  4.32440116e-05
 35.9736  0.00012711939  1.34895462e-05  5.96941489e-05
 36.0036  0.000103816283  9.76083277e-06  6.13324838e-05
 36.0337  0.000142396784  9.96586288e-06  7.50998332e-05
 36.0637  0.000163672225  7.17100992e-06  7.17148933e-05
 36.0938  0.000168191764  1.83030232e-05  8.28155185e-05
 36.1238  0.000200174746  2.68074708e-05  9.34314325e-05
 36.1538  0.000209365841  4.95176131e-05  0.000139533934
 36.1839  0.000213860911  1.75090168e-05  0.000116562852
 36.2139  0.000185914898  2.47278424e-05  0.000127028969
 36.2439  0.00020928994  2.3867755e-05  0.000152599963
 36.274  0.000171117275  1.44995549e-05  0.000146035591
 36.304  0.000147119441  1.46108271e-05  0.000130605469
 36.334  0.000234128832  2.06757184e-05  0.000155413637
 36.3641  0.000227392508  1.75835869e-05  0.000136736881
 36.3941  0.000209006701  1.74798857e-05  0.000126865133
 36.4242  0.000329713009  1.39069557e-05  0.000141931966
 36.4542  0.000284978966  1.09734792e-05  0.000128247864
 36.4842  0.000240979839  9.56269355e-06  0.000140136713
 36.5143  0.000148547167  6.48601006e-06  0.000119598616
 36.5443  0.000155522224  1.1294119e-05  0.000131393692
 36.5743  0.00018163428  1.60181082e-05  0.000120750564
 36.6044  0.000238563667  2.12439515e-05  0.000144702603
 36.6344  0.000369073571  1.96992256e-05  0.000151614243
 36.6644  0.00024771303  1.28124733e-05  0.000123350833
 36.6945  0.000273188368  1.68340586e-05  0.000149226742
 36.7245  0.000261400414  2.03304379e-05  0.000148990367
 36.7546  0.000350869984  1.45659711e-05  0.000135454006
 36.7846  0.000193413027  8.87345861e-06  9.95027307e-05
 36.8146  0.000194328234  8.97634574e-06  0.000107128074
 36.8447  0.000251016619  1.16475716e-05  0.000113854722
 36.8747  0.000361386214  1.45137379e-05  0.000111518346
 36.9047  0.000380564783  1.81989054e-05  0.000145546375
 36.9348  0.000494691753  3.42499683e-05  0.000151586559
 36.9648  0.000473738776  4.01348714e-05  0.000133748222
 36.9948  0.000404040135  3.61171763e-05  0.000101293251
 37.0249  0.000355367013  2.58043169e-05  6.86196517e-05
 37.0549  0.000232326853  2.91374947e-05  5.42555043e-05
 37.085  0.000177181568  2.00904654e-05  4.70622482e-05
 37.115  0.000269617116  2.1476119e-05  5.14505197e-05
 37.145  0.000200188291  1.68926195e-05  3.71953998e-05
 37.1751  0.000201614086  2.22525019e-05  3.19302095e-05
 37.2051  0.000111318915  1.5157445e-05  1.9841339e-05
 37.2351  8.25511959e-05  1.01149897e-05  1.46170333e-05
 37.2652  7.2144103e-05  8.31904115e-06  1.33082227e-05
 37.2952  5.28114752e-05  7.88748311e-06  1.24576465e-05
 37.3252  5.21142521e-05  1.26602244e-05  1.70503285e-05
 37.3553  4.79865969e-05  1.48569856e-05  2.39935724e-05
 37.3853  4.09446814e-05  1.02602628e-05  1.52264967e-05
 37.4154  3.96415178e-05  4.42335034e-06  1.02194273e-05
 37.4454  4.02232415e-05  2.58927348e-06  8.20219205e-06
 37.4754  4.20293433e-05  1.81268308e-06  8.25161175e-06
 37.5055  4.86491664e-05  2.03116757e-06  8.55199383e-06
 37.5355  4.77843424e-05  2.3020391e-06  8.21665189e-06
 37.5655  5.09925114e-05  1.27087469e-05  2.1919583e-05
 37.5956  5.10560686e-05  1.04126953e-05  1.82103515e-05
 37.6256  5.21464532e-05  2.18882454e-05  3.45518973e-05
 37.6556  4.29688817e-05  2.08156248e-06  1.48778991e-05
 37.6857  4.26895436e-05  2.3922316e-05  4.08353289e-05
 37.7157  3.94686743e-05  1.47032678e-05  2.92536577e-05
 37.7458  4.12048003e-05  1.05846811e-05  2.59679491e-05
 37.7758  4.97261816e-05  1.12925725e-05  2.93273575e-05
 37.8058  5.68339229e-05  5.59299888e-06  1.95916089e-05
 37.8359  5.57184525e-05  4.40613525e-06  1.82319201e-05
 37.8659  5.08900445e-05  1.50529641e-05  3.23974462e-05
 37.8959  5.25829472e-05  3.1510681e-05  5.19932755e-05
 37.926  6.20383956e-05  2.69042815e-05  4.73274189e-05
 37.956  6.36075941e-05  6.96513768e-06  2.63975665e-05
 37.986  5.29952813e-05  8.66228197e-06  2.71459807e-05
 38.0161  4.26820136e-05  8.34329075e-06  2.70317536e-05
 38.0461  3.43859633e-05  8.27697415e-06  3.36066686e-05
 38.0762  3.61914847e-05  1.58816504e-05  6.39356368e-05
 38.1062  2.88703103e-05  3.80736138e-05  7.30094385e-05
 38.1362  3.69679692e-05  2.80224506e-05  5.2402542e-05
 38.1663  3.92570969e-05  2.91207045e-05  4.94981075e-05
 38.1963  3.68803675e-05  5.22963364e-05  7.76973576e-05
 38.2263  3.71807504e-05  4.47600717e-05  8.0156724e-05
 38.2564  4.18252992e-05  5.30154606e-05  0.000111018575
 38.2864  3.30637391e-05  1.70967229e-05  3.80556036e-05
 38.3164  3.58246418e-05  2.4437009e-05  4.37491241e-05
 38.3465  4.58177001e-05  2.93815277e-05  5.3971022e-05
 38.3765  6.46092246e-05  3.02859832e-05  6.20313942e-05
 38.4066  6.3372836e-05  3.0533166e-05  6.25897966e-05
 38.4366  9.17317816e-05  2.49230987e-05  9.01669994e-05
 38.4666  5.82478933e-05  1.95726219e-05  7.63303555e-05
 38.4967  7.78425009e-05  3.54353881e-05  0.000130844664
 38.5267  0.000103433629  2.38178572e-05  0.000111936481
 38.5567  7.77341637e-05  1.20059482e-05  7.73302819e-05
 38.5868  8.20214342e-05  1.1874546e-05  8.90877446e-05
 38.6168  0.000107147667  7.68512186e-06  7.29351524e-05
 38.6468  0.00017428026  7.59184134e-06  9.45146152e-05
 38.6769  0.00013025258  8.59294226e-06  0.000100341129
 38.7069  0.000118030838  2.53844364e-05  0.000112976153
 38.737  0.000119794679  5.07096921e-05  0.000147642685
 38.767  0.000170246639  2.19141009e-05  0.000126739119
 38.797  0.000147776012  1.72579105e-05  0.000109913461
 38.8271  0.000145583367  1.83547293e-05  0.000101350345
 38.8571  0.000225094385  2.18958566e-05  0.000118392152
 38.8871  0.000186006463  1.92412689e-05  0.000115239022
 38.9172  0.000125776309  2.15379487e-05  0.000122771278
 38.9472  4.88401926e-05  1.76605058e-05  0.00010617594
 38.9772  4.41269666e-05  2.23853706e-05  0.000117812755
 39.0073  0.000139551365  3.2567003e-05  0.00014040154
 39.0373  0.000121307474  1.76651373e-05  0.000101920932
 39.0674  0.000223148471  1.7361474e-05  0.000111549254
 39.0974  0.000280437338  1.37286179e-05  0.00011843454
 39.1274  0.000125325711  1.06777638e-05  9.40469374e-05
 39.1575  0.000175151357  1.69378997e-05  0.000107378517
 39.1875  0.000254260771  1.91938871e-05  0.000103501759
 39.2175  0.000219121784  1.50651738e-05  9.0846494e-05
 39.2476  0.000217438102  1.12518644e-05  9.13537847e-05
 39.2776  0.000158191179  1.02770036e-05  8.01969735e-05
 39.3076  0.000196912799  8.60374807e-06  9.01387763e-05
 39.3377  0.000272975982  1.11290143e-05  0.000102167525
 39.3677  0.000253709172  1.49469039e-05  0.000109090978
 39.3978  0.000278338868  2.40776698e-05  0.000130602443
 39.4278  0.000269250678  2.73109716e-05  0.000113434707
 39.4578  0.000253650423  1.54262822e-05  9.34705747e-05
 39.4879  0.000210660947  1.29456683e-05  8.73341534e-05
 39.5179  0.000160828505  1.58494199e-05  7.51781713e-05
 39.5479  0.000227858479  2.02449606e-05  7.83670337e-05
 39.578  0.00018128883  1.01369158e-05  5.76113224e-05
 39.608  0.000223028247  2.43632853e-05  8.1277915e-05
 39.638  0.00021323948  1.494126e-05  6.87589227e-05
 39.6681  0.000302702131  1.05700458e-05  7.69649066e-05
 39.6981  0.000377295222  2.90546817e-05  0.000103369343
 39.7282  0.00049602558  7.29274937e-05  0.000139621781
 39.7582  0.000684778976  4.91992011e-05  0.000144921654
 39.7882  0.000325605214  2.05324667e-05  9.85135822e-05
 39.8183  0.000323758123  4.78678082e-05  0.00013398621
 39.8483  0.000303357064  8.53728188e-05  0.000128252109
 39.8783  0.000984077151  0.000307384298  0.000190014785
 39.9084  0.000791408181  0.000322256756  0.000151154967
 39.9384  0.000490046213  0.000207216343  7.36180939e-05
 39.9684  0.000250310202  8.62414564e-05  2.51354884e-05
 39.9985  0.000173105978  1.51101228e-05  1.3684422e-05
 40.0285  0.000217574506  3.92900828e-05  2.35576563e-05
 40.0586  0.000214855941  2.29333705e-05  5.70211668e-05
 40.0886  0.000246730447  4.15634014e-05  0.00011225091
 40.1186  0.000314356945  9.21506569e-05  0.000170605996
 40.1487  0.000252196302  4.16312733e-05  8.10959634e-05
 40.1787  0.000185534351  3.48839517e-05  3.92154541e-05
 40.2087  0.000280333325  8.81502309e-05  0.000164072666
 40.2388  0.000536060874  0.000125190581  0.000198864204
 40.2688  0.00070023633  0.000137596723  0.000280083869
 40.2988  0.000702340968  0.000207075511  0.000426172982
 40.3289  0.000438272481  8.97693503e-05  0.000208974624
 40.3589  0.000350220784  7.7351145e-05  9.16824631e-05
 40.389  0.00031073311  4.3964117e-05  0.00012243529
 40.419  0.000906916732  0.000101585613  0.00050943948
 40.449  0.000620180542  7.57358379e-05  0.000566363457
 40.4791  0.000549255798  0.000170464647  0.00076783748
 40.5091  0.000262772013  5.81417407e-05  0.000399278371
 40.5391  4.02834349e-05  6.5303986e-06  7.56655823e-05
 40.5692  1.31352885e-05  4.79576416e-06  1.5244169e-05
 40.5992  1.5095983e-05  4.72923563e-06  1.38114499e-05
 40.6292  1.04416761e-05  4.2556312e-06  1.30322787e-05
 40.6593  1.10336309e-05  4.79830456e-06  1.21523379e-05
 40.6893  1.55017997e-05  5.26071241e-06  1.36550036e-05
 40.7194  2.3119258e-05  7.19431736e-06  1.68192012e-05
 40.7494  1.56891647e-05  9.24899984e-06  1.72369293e-05
 40.7794  2.02469385e-05  1.58605294e-05  2.83860662e-05
 40.8095  2.28895272e-05  8.52904037e-06  2.02043392e-05
 40.8395  2.01307542e-05  6.65487691e-06  1.9037273e-05
 40.8695  3.07493013e-05  4.99521738e-06  1.50296328e-05
 40.8996  2.67675279e-05  3.60112629e-06  1.17645079e-05
 40.9296  2.07495793e-05  4.85248495e-06  1.28719678e-05
 40.9596  1.44425065e-05  5.31386846e-06  1.20545531e-05
 40.9897  1.82641882e-05  1.03199807e-05  1.88469124e-05
 41.0197  2.519759e-05  1.52072343e-05  2.5759361e-05
 41.0498  2.14952291e-05  1.65836476e-05  2.60758543e-05
 41.0798  1.99575646e-05  1.95016161e-06  1.00017291e-05
 41.1098  2.18110883e-05  7.42926058e-06  1.65830687e-05
 41.1399  2.63409962e-05  1.24380527e-05  2.26227083e-05
 41.1699  2.34949638e-05  2.22264881e-05  3.13001725e-05
 41.1999  2.45454998e-05  3.20061304e-05  4.13791521e-05
 41.23  2.3620722e-05  2.09001836e-05  3.62162756e-05
 41.26  1.7958925e-05  1.25620243e-05  2.55335826e-05
 41.29  2.03152315e-05  2.10463245e-05  4.29766978e-05
 41.3201  2.16654901e-05  1.03128426e-05  2.15472848e-05
 41.3501  2.25749902e-05  3.09884305e-05  4.86252708e-05
 41.3802  5.53096469e-05  3.55399762e-05  5.60826273e-05
 41.4102  4.12829299e-05  1.51737028e-05  2.98103942e-05
 41.4402  7.0287019e-05  1.70338884e-05  3.90258879e-05
 41.4703  9.39818097e-05  1.91648917e-05  5.31662224e-05
 41.5003  5.39920194e-05  1.26198276e-05  3.96497722e-05
 41.5303  5.19281124e-05  1.21918224e-05  3.6560258e-05
 41.5604  5.32246444e-05  6.04058312e-06  2.36832677e-05
 41.5904  7.34996222e-05  1.01403976e-05  3.10209158e-05
 41.6204  4.76488815e-05  1.00073449e-05  2.50405968e-05
 41.6505  2.98092515e-05  7.10455167e-06  1.66503163e-05
 41.6805  4.61894655e-05  6.24567796e-06  1.45588123e-05
 41.7106  2.5283542e-05  3.79764501e-06  8.12600283e-06
 41.7406  1.2420339e-05  1.9837091e-06  4.15803326e-06
 41.7706  1.29400139e-05  1.77040722e-06  3.21757596e-06
 41.8007  8.90174726e-06  1.17240953e-06  2.0130119e-06
 41.8307  1.05257252e-05  1.93871495e-06  2.1347246e-06
 41.8607  7.76597225e-06  8.23342822e-07  2.69919609e-06
 41.8908  8.56549647e-06  1.15295277e-06  4.41827064e-06
 41.9208  1.20363418e-05  6.61720371e-06  1.16874023e-05
 41.9509  1.16277037e-05  6.1475753e-06  1.07922925e-05
 41.9809  1.22392962e-05  1.24699658e-05  1.97951882e-05
 42.0109  1.08662242e-05  8.21476363e-06  1.50250782e-05
 42.041  1.04710427e-05  6.25437176e-06  1.14524302e-05
 42.071  9.68403807e-06  1.00406495e-05  1.78315629e-05
 42.101  9.599061e-06  9.35883361e-06  1.84407982e-05
 42.1311  1.35058062e-05  9.11009589e-06  1.60555707e-05
 42.1611  9.64358416e-06  9.98097145e-06  1.83070402e-05
 42.1911  6.43643847e-06  1.04801736e-05  2.1450019e-05
 42.2212  5.39179682e-06  2.87167684e-06  1.17982733e-05
 42.2512  4.82580843e-06  4.85327313e-06  1.19968299e-05
 42.2813  6.17507345e-06  1.35474092e-05  2.01550526e-05
 42.3113  4.88202524e-06  1.10763039e-05  1.857224e-05
 42.3413  5.71089352e-06  1.0349047e-05  1.4977984e-05
 42.3714  7.78609709e-06  1.54949333e-05  2.3276254e-05
 42.4014  8.6932322e-06  2.01956692e-05  2.82195127e-05
 42.4314  7.92695967e-06  7.71688044e-06  1.65099465e-05
 42.4615  7.87334376e-06  1.06484335e-05  2.1848153e-05
 42.4915  5.11946623e-06  3.36314553e-06  7.01688802e-06
 42.5215  5.65531785e-06  1.26441339e-05  1.68744355e-05
 42.5516  8.71294891e-06  4.22074855e-05  5.22921683e-05
 42.5816  6.08412722e-06  4.08678047e-05  4.73810608e-05
 42.6117  5.30359472e-06  3.72513876e-05  4.20442484e-05
 42.6417  3.36224584e-06  1.0511822e-05  1.24832818e-05
 42.6717  3.27427225e-06  9.3653457e-06  1.10899868e-05
 42.7018  3.2895549e-06  5.89667544e-06  6.82435631e-06
 42.7318  3.10887557e-06  2.43235202e-06  5.07743143e-06
 42.7618  3.48123899e-06  4.13101334e-06  6.64304796e-06
 42.7919  2.90121125e-06  2.78951141e-06  5.08208009e-06
 42.8219  2.35852924e-06  8.78672627e-07  3.11332868e-06
 42.8519  2.27862811e-06  1.99329991e-06  3.98724615e-06
 42.882  2.41908496e-06  6.4793861e-07  3.3435958e-06
 42.912  1.96707202e-06  1.71533956e-07  3.15606713e-06
 42.9421  1.85931145e-06  1.8192701e-07  3.21659862e-06
 42.9721  2.09423845e-06  2.86185315e-07  3.4643048e-06
 43.0021  2.45754188e-06  5.60534712e-07  4.13207581e-06
 43.0322  2.40669434e-06  1.60302727e-06  5.84628753e-06
 43.0622  3.20174636e-06  1.60566349e-06  7.32721662e-06
 43.0922  3.68566959e-06  3.51420726e-06  7.3669689e-06
 43.1223  3.08190592e-06  3.15636113e-06  6.78415999e-06
 43.1523  3.92638364e-06  6.63822464e-06  1.18475843e-05
 43.1823  4.68351049e-06  1.10893118e-05  1.78860119e-05
 43.2124  3.52974092e-06  2.28817793e-06  4.50859247e-06
 43.2424  2.65864185e-06  5.00485275e-06  9.63432217e-06
 43.2725  4.8201373e-06  1.19267895e-05  1.81316266e-05
 43.3025  9.73596612e-06  2.09153533e-05  2.90305219e-05
 43.3325  1.18823868e-05  3.87512581e-05  6.10994167e-05
 43.3626  8.10333723e-06  1.37160862e-05  1.71670437e-05
 43.3926  9.17734287e-06  3.34933127e-05  4.10550346e-05
 43.4226  1.12683377e-05  3.96992172e-05  5.16023839e-05
 43.4527  1.42777775e-05  3.28699484e-05  4.70186593e-05
 43.4827  1.73600993e-05  3.26736338e-05  4.73027998e-05
 43.5127  1.29222222e-05  1.57435128e-05  1.48938109e-05
 43.5428  1.12960283e-05  1.6766582e-05  1.58537087e-05
 43.5728  1.01213121e-05  1.22047453e-05  1.3652671e-05
 43.6029  1.25488219e-05  3.3524901e-05  3.92625319e-05
 43.6329  1.29235287e-05  3.50705647e-05  4.33086669e-05
 43.6629  7.91807288e-06  1.04571568e-05  1.43875163e-05
 43.693  8.12669838e-06  1.53563109e-05  2.10915796e-05
 43.723  1.21901986e-05  8.99465571e-06  1.45146575e-05
 43.753  1.23390102e-05  8.80374938e-06  1.39025835e-05
 43.7831  1.02634124e-05  7.23421418e-06  1.00683827e-05
 43.8131  1.15871007e-05  3.98877128e-06  6.25962957e-06
 43.8431  8.58294801e-06  2.80163615e-06  3.6523499e-06
 43.8732  5.79988891e-06  1.99835878e-06  2.43466463e-06
 43.9032  5.14213148e-06  2.95989446e-06  2.72507554e-06
 43.9333  8.45807336e-06  8.43009689e-06  9.22902864e-06
 43.9633  7.89144465e-06  6.12769173e-06  6.72170732e-06
 43.9933  1.06161927e-05  4.89861222e-06  6.37701475e-06
 44.0234  1.9021834e-05  2.74949758e-06  7.13275611e-06
 44.0534  1.79483834e-05  2.25352605e-06  7.76111183e-06
 44.0834  1.72870751e-05  2.32924156e-06  6.80321259e-06
 44.1135  2.07800102e-05  2.46156489e-06  6.63381847e-06
 44.1435  3.74007563e-05  8.30081122e-06  1.41239438e-05
 44.1735  5.56973205e-05  9.45884969e-06  1.98956701e-05
 44.2036  0.000100177636  9.59921868e-06  2.50604912e-05
 44.2336  0.000164390932  1.32447168e-05  3.11238016e-05
 44.2637  0.000271364157  3.82709071e-05  5.03024383e-05
 44.2937  0.00147071381  0.000542918482  0.000121205514
 44.3237  0.00444962025  0.0018720953  0.000258416295
 44.3538  0.00956931367  0.00485883485  0.000386774883
 44.3838  0.0265213074  0.0180520641  0.00109299317
 44.4138  0.0242627832  0.0162074136  0.00139187158
 44.4439  0.0246157099  0.0173928721  0.00193042649
 44.4739  0.0331280282  0.0234141506  0.00293522285
 44.5039  0.0343628736  0.0231270042  0.00251614135
 44.534  0.0318571412  0.0208498509  0.00312447389
 44.564  0.0225070877  0.0125211613  0.00191089525
 44.5941  0.0215009719  0.0118901709  0.00251858659
 44.6241  0.0220545314  0.0124042538  0.00281903492
 44.6541  0.0272673068  0.0155063203  0.00417015434
 44.6842  0.02149087  0.0134606452  0.00303018503
 44.7142  0.0162060699  0.00852884803  0.00547197036
 44.7442  0.0124911599  0.00575420861  0.00453285488
 44.7743  0.0115187317  0.00538349844  0.00410953184
 44.8043  0.0109469498  0.00578161679  0.00367768617
 44.8343  0.0103565599  0.0038718304  0.00166322524
 44.8644  0.0192596817  0.0344934154  0.0278051006
 44.8944  0.0208369901  0.0302672243  0.0156890983
 44.9245  0.0187776969  0.035095983  0.0266779788
 44.9545  0.0142928265  0.0121106725  0.00881646275
 44.9845  nan  nan  nan
