# X (m) TKE_avg epsilon_turb_pw_avg_Y_avg epsilon_pw_avg_Y_avg
 33.0309  3.64518924e-05  6.49605507e-07  1.24590194e-06
 33.0618  3.85460536e-05  1.07172541e-06  1.92007371e-06
 33.0927  4.61632655e-05  1.74943715e-06  3.41361668e-06
 33.1235  4.14115709e-05  1.41032523e-06  4.44712873e-06
 33.1544  4.71921077e-05  1.68630893e-06  8.73737555e-06
 33.1853  4.76327902e-05  2.50048999e-06  1.75504947e-05
 33.2162  7.06222606e-05  2.16844432e-06  1.41911635e-05
 33.2471  6.21179517e-05  3.91204246e-06  3.16227985e-05
 33.278  8.42028434e-05  6.01414837e-06  4.89107275e-05
 33.3088  9.31587205e-05  6.08548689e-06  4.90156633e-05
 33.3397  8.55963445e-05  4.20043437e-06  3.82869007e-05
 33.3706  3.85273842e-05  2.55879391e-06  2.96894122e-05
 33.4015  2.82719809e-05  3.12088588e-06  2.71313088e-05
 33.4324  4.67767964e-05  3.14418631e-06  2.87533519e-05
 33.4633  5.39243817e-05  3.03899032e-06  3.16561234e-05
 33.4942  5.3216938e-05  4.15004798e-06  3.73764142e-05
 33.525  8.05655814e-05  4.74967759e-06  4.61762604e-05
 33.5559  0.000102980772  6.98258355e-06  6.05038114e-05
 33.5868  8.36286107e-05  5.24891414e-06  5.30426542e-05
 33.6177  6.48326543e-05  4.26814622e-06  4.19211461e-05
 33.6486  4.84561341e-05  3.50933319e-06  3.00598943e-05
 33.6795  3.66971136e-05  2.97610613e-06  1.8818662e-05
 33.7104  4.24944864e-05  2.90198736e-06  1.45273289e-05
 33.7412  2.4768269e-05  2.45309762e-06  1.0973529e-05
 33.7721  2.65276718e-05  2.86099682e-06  1.04099833e-05
 33.803  2.24167612e-05  1.59635762e-06  6.19724161e-06
 33.8339  2.0528286e-05  3.06456302e-06  6.01727458e-06
 33.8648  2.16986593e-05  4.71288995e-06  4.13915849e-06
 33.8957  2.02893024e-05  3.51597679e-06  5.4704181e-06
 33.9265  2.09558576e-05  3.79042296e-06  3.29676952e-06
 33.9574  2.03180754e-05  3.36382017e-06  3.92256093e-06
 33.9883  2.37039873e-05  2.98851328e-06  5.80349082e-06
 34.0192  2.28851473e-05  4.81138986e-06  7.78256032e-06
 34.0501  1.97956835e-05  4.41171289e-06  5.59061035e-06
 34.081  2.16473301e-05  3.51484902e-06  4.29621203e-06
 34.1119  2.40712289e-05  1.79274836e-06  3.44479706e-06
 34.1427  2.86728737e-05  2.67842282e-06  5.03393094e-06
 34.1736  2.91002286e-05  6.30345409e-06  9.15554951e-06
 34.2045  2.9897852e-05  3.97129169e-06  6.91563696e-06
 34.2354  3.24806471e-05  3.73259285e-06  5.79780967e-06
 34.2663  3.824564e-05  5.65231122e-06  6.50793206e-06
 34.2972  5.06228873e-05  6.45432056e-06  7.13469957e-06
 34.3281  6.42219344e-05  6.10175959e-06  7.8620917e-06
 34.3589  5.94806817e-05  4.73812979e-06  8.52857454e-06
 34.3898  4.86730273e-05  4.12863952e-06  4.58549742e-06
 34.4207  4.65543138e-05  5.92530479e-06  7.4908734e-06
 34.4516  4.78420581e-05  6.94171014e-06  9.16755754e-06
 34.4825  5.82304774e-05  7.19194138e-06  5.74934443e-06
 34.5134  6.85720213e-05  1.12569432e-05  7.91376383e-06
 34.5442  8.35976095e-05  1.49296758e-05  1.17199813e-05
 34.5751  8.6591068e-05  7.85632364e-06  7.11653228e-06
 34.606  9.38144063e-05  1.83194132e-05  1.49512335e-05
 34.6369  0.000118247121  3.36309411e-05  1.70173426e-05
 34.6678  9.38065234e-05  1.18260463e-05  8.74105293e-06
 34.6987  8.54764708e-05  3.23363798e-06  5.66801251e-06
 34.7296  0.000106424623  5.21607832e-06  5.10944856e-06
 34.7604  0.000114227715  3.70198835e-06  7.72394207e-06
 34.7913  0.000130798158  4.67932992e-06  8.47044231e-06
 34.8222  0.000144837026  6.22704674e-06  7.51724569e-06
 34.8531  0.000137371199  5.79899102e-06  5.90685378e-06
 34.884  0.000145656034  2.49428904e-06  5.05924899e-06
 34.9149  0.000146515205  2.57822175e-06  5.9589506e-06
 34.9457  0.000159395922  4.69470261e-06  7.2993957e-06
 34.9766  0.000159556528  6.63172439e-06  8.24551339e-06
 35.0075  0.000157525787  6.34497127e-06  7.40617309e-06
 35.0384  0.000149487096  4.70137149e-06  8.79962058e-06
 35.0693  0.000162297375  4.40777656e-06  7.11781117e-06
 35.1002  0.000172794449  4.98477691e-06  8.40922516e-06
 35.1311  0.000201054892  5.21084848e-06  9.20356988e-06
 35.1619  0.000219735765  7.65142652e-06  1.49244056e-05
 35.1928  0.000227159624  7.44382392e-06  1.33196701e-05
 35.2237  0.000215781897  8.13565685e-06  1.04646826e-05
 35.2546  0.000188298525  1.13113111e-05  1.78941255e-05
 35.2855  0.000181283426  9.41562133e-06  1.80802257e-05
 35.3164  0.000159377123  6.15081664e-06  1.32281654e-05
 35.3473  0.000159226033  5.42426308e-06  1.2386563e-05
 35.3781  0.000175141052  8.987481e-06  2.18818946e-05
 35.409  0.000166837912  9.90448445e-06  2.15593642e-05
 35.4399  0.000179471144  6.80603607e-06  1.53854214e-05
 35.4708  0.000179551405  9.11116477e-06  2.59108989e-05
 35.5017  0.000179734692  4.9487229e-06  1.72428135e-05
 35.5326  0.000187856772  7.68391501e-06  2.2642125e-05
 35.5634  0.000213890874  1.32870151e-05  3.18554926e-05
 35.5943  0.000222268674  8.27315278e-06  2.89323028e-05
 35.6252  0.00024303254  1.03308387e-05  4.31819715e-05
 35.6561  0.000273206029  1.02366688e-05  4.19053359e-05
 35.687  0.000190576366  9.15998844e-06  3.52352088e-05
 35.7179  0.000226947334  9.17296726e-06  4.22321794e-05
 35.7488  0.000216229349  9.55088481e-06  4.76154357e-05
 35.7796  0.000221714691  1.28178649e-05  6.22950038e-05
 35.8105  0.000267297813  1.92023998e-05  7.06731154e-05
 35.8414  0.000269867453  2.36227252e-05  7.61335739e-05
 35.8723  0.000234548666  1.64562848e-05  7.54676831e-05
 35.9032  0.000256923836  1.47508649e-05  8.03350827e-05
 35.9341  0.000235886885  1.74186651e-05  8.23004559e-05
 35.965  0.000253370969  1.24645838e-05  7.11884472e-05
 35.9958  0.000258814466  9.89102353e-06  7.16270605e-05
 36.0267  0.000262373478  9.41548146e-06  7.23703877e-05
 36.0576  0.000270871254  9.11246293e-06  6.92526532e-05
 36.0885  0.000284322097  1.08252619e-05  7.16731266e-05
 36.1194  0.000297750203  2.00617918e-05  7.3518006e-05
 36.1503  0.000296195501  1.91630612e-05  7.34368449e-05
 36.1811  0.000302628713  1.50435789e-05  7.32048087e-05
 36.212  0.000302968144  1.74876141e-05  8.07990485e-05
 36.2429  0.00025617856  9.60971242e-06  7.3206737e-05
 36.2738  0.000225105727  8.09469769e-06  7.7796287e-05
 36.3047  0.000196374473  1.0875893e-05  8.0331675e-05
 36.3356  0.000231921893  1.49723431e-05  7.8554312e-05
 36.3665  0.000231648368  1.631275e-05  6.28007112e-05
 36.3973  0.000352525976  1.89206877e-05  6.71234143e-05
 36.4282  0.000380252847  1.56169512e-05  6.36775786e-05
 36.4591  0.00042744239  2.03423478e-05  6.86014145e-05
 36.49  0.000355156476  4.17245161e-05  7.82251359e-05
 36.5209  0.000376442798  3.58701065e-05  5.96601671e-05
 36.5518  0.000393769991  3.3231337e-05  4.79002801e-05
 36.5827  0.000352021795  2.66001065e-05  3.82514315e-05
 36.6135  0.000467706832  2.87698399e-05  4.07139588e-05
 36.6444  0.000385610788  3.37029283e-05  3.76603457e-05
 36.6753  0.000320194299  2.94316125e-05  2.85900949e-05
 36.7062  0.00022312942  2.02529298e-05  1.82905078e-05
 36.7371  0.000213406019  2.12953892e-05  1.4427518e-05
 36.768  0.000157893729  2.19807524e-05  1.29168358e-05
 36.7988  0.000143689561  1.74140091e-05  1.25917622e-05
 36.8297  0.000150937381  1.58904132e-05  1.22766608e-05
 36.8606  0.000153492637  9.85854246e-06  7.95091057e-06
 36.8915  0.000156210154  1.72418707e-05  1.81384909e-05
 36.9224  0.000154910784  2.44653643e-05  2.73753683e-05
 36.9533  0.000174377557  1.44646306e-05  1.24988029e-05
 36.9842  0.000161858944  1.52003837e-05  1.27946582e-05
 37.015  0.000165593396  2.5820448e-05  2.97361281e-05
 37.0459  0.000155139824  2.6458948e-05  2.69914006e-05
 37.0768  0.000147290492  2.8556788e-05  3.14512728e-05
 37.1077  0.000151273734  2.53806608e-05  2.93045532e-05
 37.1386  0.000174078117  2.29896901e-05  1.84448754e-05
 37.1695  0.000162753605  1.51575381e-05  1.04482876e-05
 37.2003  0.000155250123  1.79308589e-05  1.24881515e-05
 37.2312  0.000167020696  1.72890787e-05  1.26511174e-05
 37.2621  0.000154253311  1.44551305e-05  1.19324129e-05
 37.293  0.000151912533  1.50960917e-05  1.34929641e-05
 37.3239  0.000165696656  2.44910198e-05  2.13654853e-05
 37.3548  0.000157838262  2.80427164e-05  3.78904832e-05
 37.3857  0.000169189489  2.56447657e-05  2.92522579e-05
 37.4165  0.000248462447  3.18787037e-05  2.74544351e-05
 37.4474  0.000309277951  3.88368389e-05  2.35429565e-05
 37.4783  0.000378973917  5.65301917e-05  2.61574579e-05
 37.5092  0.000473409069  4.64565246e-05  3.10420418e-05
 37.5401  0.000583330945  6.22320483e-05  3.21515411e-05
 37.571  0.000533194536  8.49700567e-05  5.85516434e-05
 37.6019  0.000439589833  6.00469233e-05  4.71860817e-05
 37.6327  0.000288463965  3.81388535e-05  3.25979243e-05
 37.6636  0.000146220498  1.13421904e-05  3.51569812e-05
 37.6945  0.000147970034  3.08835038e-05  3.88651728e-05
 37.7254  0.000143513804  2.30479044e-05  4.65887867e-05
 37.7563  0.000130814636  1.16619621e-05  3.40616781e-05
 37.7872  0.000114865179  1.13308915e-05  3.30754252e-05
 37.818  0.000123465429  2.63934896e-05  5.015426e-05
 37.8489  0.000161302068  2.67151953e-05  5.98195141e-05
 37.8798  0.000124811199  5.90584491e-06  2.80495157e-05
 37.9107  0.000113099001  4.52289421e-06  3.47106139e-05
 37.9416  0.000106130333  4.72493842e-06  4.54080797e-05
 37.9725  0.000125203573  2.94093227e-05  6.03408217e-05
 38.0034  0.000111210023  7.60137741e-05  9.61101152e-05
 38.0342  0.000121600745  9.25932747e-05  0.000118998841
 38.0651  0.000130091851  2.44614096e-05  5.8261561e-05
 38.096  0.00011494319  4.34803294e-05  8.30801599e-05
 38.1269  0.000133594268  6.11498971e-05  0.000101003452
 38.1578  0.000143537523  5.52489679e-05  9.99104342e-05
 38.1887  0.000231692881  5.21619541e-05  0.000111211114
 38.2196  0.00023486613  0.000117299363  0.000207361216
 38.2504  0.00030446482  4.51211563e-05  0.000133437607
 38.2813  0.000318275657  5.11643425e-05  0.000148031941
 38.3122  0.000365347906  5.8383706e-05  0.000157646704
 38.3431  0.000376018749  5.78332628e-05  0.000165290086
 38.374  0.000375506311  6.05521102e-05  0.000173966788
 38.4049  0.000466176191  6.37569464e-05  0.000202613495
 38.4357  0.000405395012  5.5733505e-05  0.000243267806
 38.4666  0.000350120163  4.38280117e-05  0.000216485445
 38.4975  0.000452424602  4.37906347e-05  0.000216106814
 38.5284  0.000438887983  3.25489054e-05  0.000174428344
 38.5593  0.000351859959  3.58735975e-05  0.000163307421
 38.5902  0.000345506623  3.95242532e-05  0.000223296281
 38.6211  0.000289972375  2.00960755e-05  0.000143112744
 38.6519  0.000245612069  1.74087888e-05  0.000129185338
 38.6828  0.000300443764  2.45583397e-05  0.000143822772
 38.7137  0.000258112576  4.07848223e-05  0.000131580872
 38.7446  0.000366475906  4.46104975e-05  0.000155182148
 38.7755  0.000237530879  1.60536008e-05  0.000101579465
 38.8064  0.000147499506  1.32384403e-05  9.91888261e-05
 38.8372  0.000169586887  2.78328689e-05  0.000126807258
 38.8681  0.000202288657  3.87690407e-05  0.000121691539
 38.899  0.000280519275  2.78982029e-05  0.000121526412
 38.9299  0.000334304342  2.43787416e-05  0.000120524447
 38.9608  0.000262215087  2.21185914e-05  0.00010057374
 38.9917  0.000186586842  1.56315513e-05  7.78797937e-05
 39.0226  0.000173230372  2.09465333e-05  8.27367498e-05
 39.0534  0.000248809124  2.63419278e-05  8.60088524e-05
 39.0843  0.000228084597  1.44364803e-05  6.16845251e-05
 39.1152  0.000320060308  2.23274519e-05  5.86397513e-05
 39.1461  0.000397021543  2.61354463e-05  4.9398272e-05
 39.177  0.000336337337  2.14899432e-05  3.28564324e-05
 39.2079  0.00038648901  2.61748739e-05  3.70008852e-05
 39.2388  0.000382392245  2.88253138e-05  4.64586204e-05
 39.2696  0.000308993639  1.68627488e-05  4.06431968e-05
 39.3005  0.000304388228  1.86283995e-05  4.32327256e-05
 39.3314  0.0002825155  1.96352534e-05  4.54246913e-05
 39.3623  0.000317240497  2.18251513e-05  5.19992112e-05
 39.3932  0.000311853768  2.81830186e-05  5.1280101e-05
 39.4241  0.000433728108  0.000105257397  8.49503307e-05
 39.4549  0.000653272744  0.00010265003  6.20066044e-05
 39.4858  0.000919305258  0.00013279058  5.49293221e-05
 39.5167  0.000930142848  0.000165511048  8.01180589e-05
 39.5476  0.000905176496  0.000174779205  8.07622689e-05
 39.5785  0.00113564436  0.000242180445  6.86562131e-05
 39.6094  0.000692795492  0.000145454911  5.01301206e-05
 39.6403  0.000834346844  0.000202146214  7.01786753e-05
 39.6711  0.00273265731  0.000913522234  0.000117779379
 39.702  0.00561013067  0.00150110428  0.000205880817
 39.7329  0.0102307616  0.0019833451  0.000337844102
 39.7638  0.0126744983  0.00343231154  0.000372687637
 39.7947  0.00917085728  0.00352456855  0.000337570699
 39.8256  0.00431450505  0.00163306649  0.000176151342
 39.8565  0.00135724473  0.000233532401  7.29468632e-05
 39.8873  0.00147176675  0.000186698868  9.67333584e-05
 39.9182  0.00305787193  0.000311804806  0.000180218915
 39.9491  0.0130253534  0.00156451742  0.000285936403
 39.98  0.0369799828  0.0128460608  0.000674269453
 40.0109  0.0667392664  0.0323320338  0.00121288729
 40.0418  0.0957742298  0.0513376765  0.00170443612
 40.0726  0.125599956  0.0664477546  0.00199912369
 40.1035  0.10970691  0.0575891298  0.00186661251
 40.1344  0.0533205688  0.0284912083  0.000899735624
 40.1653  0.0289245039  0.013378893  0.000471146629
 40.1962  0.0266698838  0.0119446801  0.000465351675
 40.2271  0.0313956228  0.0176410717  0.000640904423
 40.258  0.0270639407  0.018153492  0.000610611576
 40.2888  0.0194805382  0.0126524461  0.00039513383
 40.3197  0.019573901  0.01236414  0.000418283566
 40.3506  0.0154371389  0.00992696942  0.000381526751
 40.3815  0.0106307747  0.00685896955  0.000314483384
 40.4124  0.0101175898  0.00577071186  0.000338927958
 40.4433  0.00841828579  0.0055729175  0.000386847565
 40.4741  0.00926050591  0.00558173671  0.000419058784
 40.505  0.00829219989  0.00519052176  0.000396004747
 40.5359  0.0084243316  0.00462379733  0.000434776487
 40.5668  0.0081751326  0.00351778233  0.000453448898
 40.5977  0.0114614263  0.00729032213  0.000582748459
 40.6286  0.0152470085  0.0155679155  0.000637624447
 40.6595  0.0129959686  0.0120062511  0.000607529808
 40.6903  0.00958878444  0.0069404911  0.000488859193
 40.7212  0.00857678201  0.00425598648  0.000510429836
 40.7521  0.00699261547  0.00336097622  0.000499861027
 40.783  0.00689775937  0.00307168789  0.000578812034
 40.8139  0.00539766498  0.00450659707  0.000412661248
 40.8448  0.000325575628  9.2082142e-05  3.35517923e-05
 40.8757  0.000479710722  8.71303006e-05  1.64119479e-05
 40.9065  0.000739899719  0.000100549943  1.48134818e-05
 40.9374  0.00113372883  0.000149806791  2.0020631e-05
 40.9683  0.0012322784  0.000204985198  2.15119237e-05
 40.9992  0.00103071002  0.000147587339  1.85717507e-05
 41.0301  0.000715168451  8.76383048e-05  1.9793999e-05
 41.061  0.000508179604  4.43769821e-05  6.58630717e-06
 41.0918  0.000569860191  4.27857984e-05  9.65244128e-06
 41.1227  0.00130174873  0.000124254418  2.56453817e-05
 41.1536  0.00408911152  0.000626029395  6.0408005e-05
 41.1845  0.00513549189  0.00084902399  8.58233604e-05
 41.2154  0.00501554693  0.000753442468  8.03577976e-05
 41.2463  0.0042551385  0.000539810949  5.75845662e-05
 41.2772  0.00312542995  0.000389683492  4.10606936e-05
 41.308  0.00102588856  0.000145573438  2.604386e-05
 41.3389  0.000702982498  7.70713542e-05  1.6389865e-05
 41.3698  0.00073317196  9.62107045e-05  1.61093592e-05
 41.4007  0.000648687302  9.0373953e-05  1.55737244e-05
 41.4316  0.000817868276  0.000106254461  1.61879917e-05
 41.4625  0.00141508108  0.000143597705  2.0072813e-05
 41.4934  0.00281435685  0.000352554299  4.77318835e-05
 41.5242  0.00485019322  0.000729346502  7.18313676e-05
 41.5551  0.00533823747  0.000820708144  6.83094521e-05
 41.586  0.00494970668  0.000803182135  6.09279914e-05
 41.6169  0.00419003492  0.000730991437  5.51187276e-05
 41.6478  0.00319382954  0.000476032787  4.06388929e-05
 41.6787  0.00337194235  0.000429261291  4.27111527e-05
 41.7095  0.00345884543  0.000436800417  4.43308376e-05
 41.7404  0.00406057076  0.000696582296  5.68313639e-05
 41.7713  0.00482470982  0.000947718077  7.08529767e-05
 41.8022  0.0051943727  0.000960394592  7.59336517e-05
 41.8331  0.00485969635  0.000794787559  6.33424538e-05
 41.864  0.00377353536  0.000651005984  5.87822514e-05
 41.8949  0.00277088204  0.000438861168  5.40968644e-05
 41.9257  0.00241945382  0.000360240083  5.85807678e-05
 41.9566  0.00262711766  0.000417539446  6.1357754e-05
 41.9875  0.00283392734  0.000525376686  8.37107401e-05
 42.0184  0.00252302498  0.000512054913  7.82812659e-05
 42.0493  0.00234529192  0.000379387162  6.18680128e-05
 42.0802  0.00229568159  0.000309868349  5.67764259e-05
 42.1111  0.00240334676  0.000362281529  5.87959844e-05
 42.1419  0.00256498897  0.000461858161  6.11241917e-05
 42.1728  0.00286117439  0.000488253984  6.43170168e-05
 42.2037  0.00258354786  0.000441882938  5.23041213e-05
 42.2346  0.00196048684  0.000308042931  3.97061319e-05
 42.2655  0.00177029079  0.000274598505  4.10995317e-05
 42.2964  0.00180431342  0.000260120008  4.74807793e-05
 42.3272  0.00182289026  0.000248370339  5.03325912e-05
 42.3581  0.00189648584  0.00038762922  4.77650429e-05
 42.389  0.00157043512  0.000340361423  5.00947546e-05
 42.4199  0.00127565213  0.000181144589  5.00270279e-05
 42.4508  0.00115805917  0.000167280844  7.08230649e-05
 42.4817  0.00135382837  0.000289008689  0.000124586655
 42.5126  0.00149104402  0.000216285389  0.000231024921
 42.5434  0.000359581759  6.93653685e-05  4.11174084e-05
 42.5743  0.000216176155  2.43730206e-05  1.42990715e-05
 42.6052  0.000230324046  2.48410544e-05  1.23645447e-05
 42.6361  0.000201345299  2.13452135e-05  1.34382758e-05
 42.667  0.000216242406  2.46797181e-05  2.28926857e-05
 42.6979  0.000206198067  3.18670759e-05  3.91079854e-05
 42.7287  0.000320182501  0.000156737946  6.42808506e-05
 42.7596  0.000296155292  0.00013320506  6.24873369e-05
 42.7905  0.000220519542  9.14456913e-05  4.78667152e-05
 42.8214  0.000122732427  6.60123363e-05  4.64119141e-05
 42.8523  0.000120322957  6.15503471e-05  4.85671111e-05
 42.8832  2.27908433e-05  3.14390354e-05  2.26968111e-05
 42.9141  6.80346303e-06  9.14541888e-06  2.08570162e-05
 42.9449  4.4079117e-06  1.48641486e-06  7.8416299e-06
 42.9758  4.29248917e-06  2.75449825e-06  8.46525955e-06
 43.0067  6.66220442e-06  1.09373644e-05  1.79086153e-05
 43.0376  1.65855601e-05  1.96696691e-05  2.85895338e-05
 43.0685  1.375612e-05  2.61060001e-05  5.13034487e-05
 43.0994  1.62071626e-05  2.82356767e-05  3.46213214e-05
 43.1303  1.71650232e-05  2.53180112e-05  3.32114144e-05
 43.1611  1.98840576e-05  2.69433993e-05  3.82459043e-05
 43.192  1.37215555e-05  4.75365799e-05  6.23689292e-05
 43.2229  1.58322913e-05  3.76343375e-06  5.27336755e-06
 43.2538  1.20809759e-05  1.15368437e-05  1.4632993e-05
 43.2847  1.21577597e-05  2.27101271e-05  2.53911353e-05
 43.3156  1.43659587e-05  3.39650894e-05  4.1789444e-05
 43.3464  1.20677391e-05  9.000253e-06  9.66504155e-06
 43.3773  1.50049321e-05  4.02969146e-06  6.34196763e-06
 43.4082  1.25672354e-05  2.27623276e-05  2.82811829e-05
 43.4391  1.58528207e-05  1.51819734e-05  2.05898753e-05
 43.47  1.96050044e-05  8.94640727e-06  1.22172399e-05
 43.5009  1.40672309e-05  6.62324794e-06  9.8514039e-06
 43.5318  1.37968461e-05  1.35247148e-06  5.15759635e-06
 43.5626  1.48741998e-05  2.83523914e-06  6.41647548e-06
 43.5935  9.86462325e-06  7.90308275e-07  4.48896072e-06
 43.6244  1.12443462e-05  6.58593431e-07  4.57563656e-06
 43.6553  1.17956665e-05  7.82755291e-07  4.33493552e-06
 43.6862  1.45382348e-05  2.88712684e-06  6.4381905e-06
 43.7171  1.39732573e-05  7.24067864e-06  1.14619001e-05
 43.748  1.0902234e-05  2.8338382e-06  5.57311297e-06
 43.7788  1.18976516e-05  4.2178154e-06  7.61399773e-06
 43.8097  9.54597711e-06  1.37912881e-06  4.76105972e-06
 43.8406  1.22889576e-05  2.61846254e-06  6.08005016e-06
 43.8715  1.06034892e-05  2.70929621e-06  4.08898528e-06
 43.9024  1.17081988e-05  2.11384692e-06  5.13019664e-06
 43.9333  1.95003666e-05  2.01172156e-05  2.73174318e-05
 43.9641  1.81482409e-05  4.01579691e-05  4.59300622e-05
 43.995  1.758512e-05  1.08608953e-05  1.36508313e-05
 44.0259  2.82028299e-05  2.77994026e-05  3.76971862e-05
 44.0568  4.41043197e-05  4.87506664e-05  6.0072105e-05
 44.0877  3.93900204e-05  1.97231627e-05  2.94612588e-05
 44.1186  6.10274282e-05  0.000105050734  0.000108261918
 44.1495  7.19333353e-05  0.00018326002  0.000202153992
 44.1803  9.55379159e-05  0.000150412882  0.000167717106
 44.2112  0.000331152679  0.000274156444  0.00011068499
 44.2421  0.0019425848  0.00146193538  0.000282285612
 44.273  0.0141173472  0.0062859193  0.0011517325
 44.3039  0.0154630225  0.00603535979  0.00126887253
 44.3348  0.0166421365  0.0075546418  0.00213290391
 44.3656  0.0200399675  0.0140707643  0.00346850247
 44.3965  0.0275897452  0.0117537251  0.00395151728
 44.4274  0.0276238743  0.0316488282  0.00588018582
 44.4583  0.042243035  0.060505961  0.011254423
 44.4892  0.046744483  0.0321511907  0.0110680242
 44.5201  0.0760773107  0.0494339282  0.0215816535
 44.551  0.0850174566  0.101797546  0.0327087141
 44.5818  0.111873821  0.208532252  0.0410851182
 44.6127  0.0884635418  0.0652610132  0.0276500503
 44.6436  0.154046685  0.137456226  0.042336071
 44.6745  0.226201496  0.3422276  0.0497484815
 44.7054  0.34349216  1.78513624  0.207429518
 44.7363  0.0102638418  0.0839139557  0.0603825401
 44.7672  0.00929520467  0.0230382979  0.0208928024
 44.798  0.00470885145  0.00580613899  0.00557243788
 44.8289  nan  nan  nan
 44.8598  0.00908828569  0.0284798837  0.027106181
 44.8907  0.0115182227  0.0320282568  0.02648863
 44.9216  0.00878292765  0.0206987392  0.0195595737
 44.9525  0.00447296449  0.0069923956  0.00627012204
 44.9833  nan  nan  nan
 45.0142  0.00525783602  0.0127087451  0.00949944314
 45.0451  0.00544044287  0.0169423735  0.0116956634
 45.076  nan  nan  nan
 45.1069  0.00728686386  0.00520071388  0.00316181956
 45.1378  0.00451172826  0.00231581457  0.00178953976
 45.1687  0.00422996371  0.00166587495  0.00103252476
 45.1995  0.00399343651  0.00144502981  0.000960184172
 45.2304  0.00420158604  0.00140277029  0.000969922627
 45.2613  0.00416513414  0.00130283418  0.00089071042
 45.2922  0.00501271865  0.00146331219  0.000818683505
 45.3231  nan  nan  nan
