# X (m) TKE_avg epsilon_turb_pw_avg_Y_avg epsilon_pw_avg_Y_avg
 33.0304  6.1700045e-05  1.86772631e-06  8.59478588e-07
 33.0607  5.61105857e-05  1.1637888e-06  1.04282234e-06
 33.0911  6.24268083e-05  1.59177942e-06  1.67366579e-06
 33.1215  5.36003767e-05  1.79962258e-06  2.10426708e-06
 33.1518  4.73651151e-05  3.01999374e-06  3.46544791e-06
 33.1822  5.13852969e-05  1.46869307e-06  1.38369954e-05
 33.2125  6.21655607e-05  3.21773241e-06  9.81100058e-06
 33.2429  8.00931236e-05  5.96422218e-06  1.91760113e-05
 33.2733  5.75992902e-05  3.7651198e-06  2.21453176e-05
 33.3036  3.20048956e-05  2.22689062e-06  1.49102672e-05
 33.334  3.68061563e-05  2.00539098e-06  1.43943853e-05
 33.3644  2.89442894e-05  1.60587586e-06  1.32169051e-05
 33.3947  2.75725648e-05  2.42090579e-06  1.54426267e-05
 33.4251  4.1294007e-05  3.44956576e-06  2.04409819e-05
 33.4555  4.8101591e-05  3.5498977e-06  2.18440192e-05
 33.4858  4.37234165e-05  5.95617158e-06  2.54760634e-05
 33.5162  5.92288863e-05  4.13568388e-06  2.34553953e-05
 33.5465  5.56776409e-05  4.46126441e-06  2.33468401e-05
 33.5769  8.88888001e-05  7.30218285e-06  3.74560473e-05
 33.6073  0.000121895473  6.95273407e-06  4.71851317e-05
 33.6376  0.000104370046  3.4089925e-06  3.58913769e-05
 33.668  0.000109460741  5.81799996e-06  4.43534874e-05
 33.6984  8.80370096e-05  5.49465462e-06  4.18132371e-05
 33.7287  7.5900552e-05  5.25084991e-06  3.88203445e-05
 33.7591  7.97015753e-05  5.6225995e-06  4.00240006e-05
 33.7894  7.87291567e-05  3.72520881e-06  4.70619565e-05
 33.8198  0.000106913272  5.40614403e-06  5.98328594e-05
 33.8502  0.000137972037  6.22470936e-06  6.4866205e-05
 33.8805  0.000198201897  8.73349722e-06  7.69591094e-05
 33.9109  0.000205087006  8.75032198e-06  8.57584649e-05
 33.9413  0.000226214178  1.05730671e-05  0.000112525571
 33.9716  0.00015161002  1.0395754e-05  0.000101771356
 34.002  0.000134950515  7.62106623e-06  8.28609654e-05
 34.0324  0.000125337329  6.33750735e-06  6.74346633e-05
 34.0627  0.000136644917  6.07354772e-06  6.35412495e-05
 34.0931  0.00012789681  4.89258188e-06  5.888811e-05
 34.1234  9.12590668e-05  4.60949826e-06  4.44558326e-05
 34.1538  0.00011122978  4.54814147e-06  4.26009738e-05
 34.1842  0.000123326077  4.88217083e-06  3.99102033e-05
 34.2145  0.000107597223  4.63405152e-06  3.21326168e-05
 34.2449  0.000102924346  4.45191218e-06  2.73640511e-05
 34.2753  0.000129284191  5.37778782e-06  3.01407917e-05
 34.3056  0.000133294304  4.89084656e-06  3.00927943e-05
 34.336  0.000144124333  5.07776267e-06  3.20302998e-05
 34.3664  0.000148048782  5.57616639e-06  3.248531e-05
 34.3967  0.000154355619  6.50945155e-06  3.41092401e-05
 34.4271  0.000144967904  7.09358596e-06  3.31973192e-05
 34.4574  0.000145569402  9.03631675e-06  2.83577932e-05
 34.4878  0.000173220294  9.32021307e-06  2.89311951e-05
 34.5182  0.000164338936  9.25666083e-06  2.59622914e-05
 34.5485  0.000158473485  1.02941758e-05  2.36684162e-05
 34.5789  0.00017155946  1.56776347e-05  2.41338367e-05
 34.6093  0.000196406419  1.55100076e-05  2.21935725e-05
 34.6396  0.000206667833  1.26176865e-05  2.22937641e-05
 34.67  0.000206045591  1.36666203e-05  2.09906784e-05
 34.7003  0.00021454043  1.73472548e-05  1.95877903e-05
 34.7307  0.000258819662  1.99080205e-05  2.03372507e-05
 34.7611  0.000251202705  2.10804471e-05  1.68023246e-05
 34.7914  0.000249429031  2.44595098e-05  1.7413825e-05
 34.8218  0.000246498341  2.88145788e-05  2.00996953e-05
 34.8522  0.000198199938  2.31990651e-05  1.35169473e-05
 34.8825  0.000201715901  2.03772057e-05  9.86950526e-06
 34.9129  0.000214260045  2.57861874e-05  1.89508223e-05
 34.9433  0.000215919412  2.43596184e-05  1.81887109e-05
 34.9736  0.0002113532  2.09194543e-05  1.5421568e-05
 35.004  0.000226591808  1.83436817e-05  1.1695605e-05
 35.0343  0.000231477725  1.499962e-05  7.53292593e-06
 35.0647  0.000233335639  1.82030597e-05  1.15524708e-05
 35.0951  0.000225230629  1.03994806e-05  7.0152823e-06
 35.1254  0.000231214183  1.92732305e-05  1.68074588e-05
 35.1558  0.000236882742  1.57686781e-05  1.32371236e-05
 35.1862  0.000256804811  1.03136961e-05  7.63000986e-06
 35.2165  0.000271268331  1.19472426e-05  8.36038666e-06
 35.2469  0.000296159491  2.10152534e-05  1.75003723e-05
 35.2773  0.000333681715  1.51699746e-05  1.02154422e-05
 35.3076  0.000349061708  1.79057376e-05  1.2038396e-05
 35.338  0.000364101344  2.7636778e-05  1.2541999e-05
 35.3683  0.00039221455  4.46136236e-05  1.46713806e-05
 35.3987  0.000328474355  5.22163567e-05  2.67875794e-05
 35.4291  0.000423927389  4.15970277e-05  2.24936721e-05
 35.4594  0.000386723946  3.12283248e-05  1.74641342e-05
 35.4898  0.000309145187  3.88150968e-05  1.86881107e-05
 35.5202  0.000273313612  2.27082974e-05  8.98055427e-06
 35.5505  0.000321751458  1.11309347e-05  1.00658001e-05
 35.5809  0.000302981653  1.24323839e-05  1.4323767e-05
 35.6112  0.000314847556  1.09999256e-05  1.06986955e-05
 35.6416  0.000333009196  1.40342482e-05  1.20417496e-05
 35.672  0.000278831868  1.21178209e-05  8.6375254e-06
 35.7023  0.000230117115  9.63652437e-06  7.69532337e-06
 35.7327  0.000219582665  7.37319362e-06  6.60489104e-06
 35.7631  0.000216126813  6.85326291e-06  6.27149833e-06
 35.7934  0.000217777041  7.14008173e-06  5.86168453e-06
 35.8238  0.000219042337  7.51128203e-06  5.79918184e-06
 35.8542  0.000222894998  7.11223478e-06  5.10472236e-06
 35.8845  0.000236186047  7.08207876e-06  5.73963514e-06
 35.9149  0.000240493573  6.86477289e-06  6.97372101e-06
 35.9452  0.000235187109  6.76929588e-06  6.52782803e-06
 35.9756  0.000235258465  7.81623958e-06  6.70368005e-06
 36.006  0.000226707025  8.85627603e-06  7.00767202e-06
 36.0363  0.000236186379  8.31635154e-06  7.40018137e-06
 36.0667  0.000250357337  8.87577237e-06  6.39256865e-06
 36.0971  0.000265665692  1.36347984e-05  1.0247162e-05
 36.1274  0.000265488231  1.6791279e-05  1.32018887e-05
 36.1578  0.000259860569  2.05033274e-05  1.77148937e-05
 36.1882  0.000279394261  1.93454192e-05  1.60008501e-05
 36.2185  0.000297397201  2.17101549e-05  2.36397691e-05
 36.2489  0.000291521275  1.68443275e-05  2.55742116e-05
 36.2792  0.000283171236  1.14339926e-05  2.44582876e-05
 36.3096  0.000256261796  1.06070795e-05  2.1188956e-05
 36.34  0.00024161706  1.13501759e-05  2.22524875e-05
 36.3703  0.000233331278  1.35758556e-05  1.49990391e-05
 36.4007  0.000244675951  1.77629067e-05  1.94032494e-05
 36.4311  0.00027952705  1.22519006e-05  1.11421888e-05
 36.4614  0.000295680674  1.6751325e-05  1.60547695e-05
 36.4918  0.000298763772  2.19378356e-05  3.56876128e-05
 36.5221  0.000264535253  1.19714768e-05  1.5357706e-05
 36.5525  0.000255008247  1.32738977e-05  1.90865889e-05
 36.5829  0.000243019254  2.2432495e-05  3.28253866e-05
 36.6132  0.000249213985  3.81886764e-05  6.34705724e-05
 36.6436  0.000275571847  4.12751228e-05  7.80927384e-05
 36.674  0.000280898466  2.15924899e-05  5.61825748e-05
 36.7043  0.000254615331  1.73588752e-05  5.94674358e-05
 36.7347  0.000246573629  1.62642587e-05  6.08066568e-05
 36.7651  0.000238091914  1.97556075e-05  5.4759104e-05
 36.7954  0.000238501036  1.77320156e-05  5.10482642e-05
 36.8258  0.000245873606  1.61614945e-05  4.89322731e-05
 36.8561  0.000271731462  1.5599054e-05  5.16937489e-05
 36.8865  0.000298331907  1.47371285e-05  5.40881847e-05
 36.9169  0.000322463763  1.87033168e-05  6.18769386e-05
 36.9472  0.000336568778  9.29421257e-06  4.45164532e-05
 36.9776  0.000347985991  1.28976615e-05  4.76377387e-05
 37.008  0.000356137002  1.51267817e-05  5.3307372e-05
 37.0383  0.000348885077  1.49931405e-05  5.04762697e-05
 37.0687  0.000318240614  1.47918737e-05  4.78577518e-05
 37.0991  0.000302744582  1.52660163e-05  5.02311997e-05
 37.1294  0.00030388178  1.56833913e-05  4.70214331e-05
 37.1598  0.000345067941  2.06488085e-05  5.00449047e-05
 37.1901  0.000376196108  1.95788342e-05  4.30075692e-05
 37.2205  0.000422164026  1.92040321e-05  4.33423984e-05
 37.2509  0.000448691913  1.93436945e-05  4.85441608e-05
 37.2812  0.000418105945  1.76654417e-05  4.44482699e-05
 37.3116  0.000437995433  1.79310434e-05  4.41805011e-05
 37.342  0.000400485898  1.96523363e-05  4.04312022e-05
 37.3723  0.000400950552  2.11121162e-05  4.28641553e-05
 37.4027  0.000397688481  1.58488546e-05  4.06661597e-05
 37.433  0.00036723357  1.38719777e-05  3.65266268e-05
 37.4634  0.000370841982  1.66388281e-05  3.16892617e-05
 37.4938  0.000394021503  1.7148111e-05  2.66454523e-05
 37.5241  0.000379489098  1.70422264e-05  2.21987655e-05
 37.5545  0.000340061312  1.68209601e-05  1.90510688e-05
 37.5849  0.00028897621  1.30215276e-05  1.6313332e-05
 37.6152  0.000290456187  1.47572611e-05  1.48003353e-05
 37.6456  0.000302578668  1.45790896e-05  1.16278197e-05
 37.676  0.000312232722  1.91146798e-05  1.6588882e-05
 37.7063  0.000314666141  1.7360655e-05  1.30137981e-05
 37.7367  0.000364535508  1.61620457e-05  9.82178421e-06
 37.767  0.000455930624  2.32476812e-05  1.53373209e-05
 37.7974  0.000477266525  1.72537288e-05  1.23836644e-05
 37.8278  0.000525562285  1.8367354e-05  1.53023789e-05
 37.8581  0.000525044405  1.98281833e-05  1.92796017e-05
 37.8885  0.000598204168  3.1822334e-05  3.75564843e-05
 37.9189  0.000507670381  3.01284413e-05  4.06506025e-05
 37.9492  0.000540334262  2.3916591e-05  1.73064166e-05
 37.9796  0.000496982583  2.70595071e-05  1.40746819e-05
 38.01  0.00046852223  3.53082283e-05  2.23984442e-05
 38.0403  0.000431200365  3.51741421e-05  2.69067543e-05
 38.0707  0.000430657202  4.40067309e-05  3.98283635e-05
 38.101  0.000457816396  7.26115586e-05  5.54803529e-05
 38.1314  0.000549967177  7.98207685e-05  6.17677477e-05
 38.1618  0.000595197123  6.8546679e-05  5.06090837e-05
 38.1921  0.000587645086  7.5902756e-05  5.44079975e-05
 38.2225  0.000528473109  0.00015211965  0.000142257853
 38.2529  0.000515749861  0.000149411223  0.000163655044
 38.2832  0.000577376004  6.18776845e-05  5.19290698e-05
 38.3136  0.000572950934  7.6165746e-05  5.2369831e-05
 38.3439  0.000563379001  5.86788812e-05  3.4258842e-05
 38.3743  0.000595035149  8.9595696e-05  6.46418884e-05
 38.4047  0.000580680889  0.000122542684  0.000104148428
 38.435  0.000639847697  9.46103825e-05  0.000107183757
 38.4654  0.00071573585  6.11089362e-05  6.41765969e-05
 38.4958  0.000765236352  5.49290358e-05  5.19208534e-05
 38.5261  0.000766531651  5.46167367e-05  6.8385846e-05
 38.5565  0.000834262011  4.84630855e-05  4.33987937e-05
 38.5869  0.000992620908  6.63788902e-05  5.50997942e-05
 38.6172  0.00118774561  5.04832794e-05  4.33025104e-05
 38.6476  0.00134461875  5.02428362e-05  3.87820971e-05
 38.6779  0.00133752422  4.80339803e-05  4.32208365e-05
 38.7083  0.00131197355  3.8978357e-05  4.11616139e-05
 38.7387  0.00123885716  2.9605826e-05  3.38413575e-05
 38.769  0.00113273504  2.61348377e-05  4.27935318e-05
 38.7994  0.00104912406  3.16979708e-05  4.76129207e-05
 38.8298  0.000981678211  4.55256509e-05  6.22110768e-05
 38.8601  0.00094621148  5.47907216e-05  7.0842895e-05
 38.8905  0.000993533046  3.93321815e-05  4.79872181e-05
 38.9209  0.00133927404  6.81696577e-05  7.93095114e-05
 38.9512  0.00193016276  0.000122627303  0.000109342191
 38.9816  0.00255867331  0.000149787869  8.20344572e-05
 39.0119  0.00337208294  0.000169016714  9.15660805e-05
 39.0423  0.00392811451  0.000219173846  0.000115305275
 39.0727  0.00427899276  0.000278036514  0.000171721696
 39.103  0.00477997073  0.000348708845  0.000203992435
 39.1334  0.00551779424  0.000497083262  0.000327300007
 39.1638  0.00626409281  0.000640379108  0.000475475652
 39.1941  0.00662976227  0.000542806555  0.000280447398
 39.2245  0.00724112801  0.000452861752  9.46693667e-05
 39.2548  0.00810022811  0.000528950235  0.000113433018
 39.2852  0.0091537644  0.000681678537  0.00013196006
 39.3156  0.00993719156  0.000925127076  0.000180366996
 39.3459  0.01062841  0.00106464428  0.000169714039
 39.3763  0.0121886515  0.00112445665  0.000190117503
 39.4067  0.0135068672  0.00126641805  0.000273443064
 39.437  0.0141788859  0.00135929358  0.000217905065
 39.4674  0.0140169085  0.00148553124  0.000216214202
 39.4978  0.0132360634  0.00156648262  0.000285461632
 39.5281  0.0147086313  0.0021150821  0.000444261925
 39.5585  0.0185161118  0.00272263944  0.000219289604
 39.5888  0.0240424664  0.00335519271  0.000229500299
 39.6192  0.0292710515  0.00348587683  0.000340606602
 39.6496  0.0284960177  0.00461810827  0.000330755675
 39.6799  0.0281113953  0.00537502  0.000427265134
 39.7103  0.028888043  0.00571175173  0.000401077714
 39.7407  0.0300922834  0.00570442625  0.000383744959
 39.771  0.0314448867  0.00558383821  0.000383018639
 39.8014  0.0316109833  0.00545072125  0.00036518016
 39.8318  0.0319672952  0.00458940284  0.000338641713
 39.8621  0.030072823  0.00462731254  0.000367795753
 39.8925  0.0283025876  0.00470788657  0.00036508096
 39.9228  0.0286039955  0.00427536327  0.000317541773
 39.9532  0.0292600428  0.00407615544  0.000304091842
 39.9836  0.0250541071  0.00350212123  0.000249264492
 40.0139  0.022427596  0.00293970329  0.000219819026
 40.0443  0.0228461925  0.00293207059  0.00021910297
 40.0747  0.0247003641  0.00330718813  0.000223111511
 40.105  0.0225746292  0.00301644142  0.000218198606
 40.1354  0.0208778917  0.00324071183  0.000207296577
 40.1657  0.0207742297  0.00253210223  0.000176204702
 40.1961  0.0201803259  0.00232666183  0.000169342337
 40.2265  0.0187401089  0.00252884726  0.000163790586
 40.2568  0.0187016689  0.00308161961  0.000199477625
 40.2872  0.0211967546  0.00334567095  0.000198492106
 40.3176  0.0239100522  0.00444800122  0.000237229332
 40.3479  0.0263711988  0.00522283972  0.000269655712
 40.3783  0.0269372517  0.00554558864  0.000286012544
 40.4087  0.0243961837  0.00557530289  0.000261216031
 40.439  0.0200717103  0.00475495253  0.000223846918
 40.4694  0.0189494051  0.00459654677  0.00022035977
 40.4997  0.0175866185  0.00363403942  0.000191763427
 40.5301  0.0161047733  0.00288940884  0.000162700234
 40.5605  0.0145716329  0.00311631819  0.000159765118
 40.5908  0.0122235258  0.00256673075  0.000136976226
 40.6212  0.0110761608  0.00193461791  0.000117953908
 40.6516  0.00931502125  0.00141543009  0.000101579047
 40.6819  0.0086510268  0.0013111509  0.000101165126
 40.7123  0.0105132481  0.00157749225  0.000119232028
 40.7427  0.0170155501  0.00274865434  0.000165733963
 40.773  0.0167806381  0.00391346739  0.000210579166
 40.8034  0.0174263566  0.00405938353  0.000211338683
 40.8337  0.0178244753  0.00348241919  0.000191074308
 40.8641  0.0173301346  0.00328932935  0.000182289041
 40.8945  0.0147433754  0.00295612591  0.000170227743
 40.9248  0.0132798292  0.00255258052  0.000163980065
 40.9552  0.0126306224  0.0024242448  0.000153591343
 40.9856  0.0128078895  0.0025444341  0.000157185272
 41.0159  0.0138801904  0.00286924417  0.000166842185
 41.0463  0.0150975248  0.00299573164  0.000166455093
 41.0766  0.0154396303  0.00332519417  0.000197031081
 41.107  0.017713414  0.00340758468  0.000215492263
 41.1374  0.0200304552  0.00372286078  0.000242854186
 41.1677  0.0209303578  0.00450717673  0.000275153364
 41.1981  0.0200515643  0.00568391585  0.000303535175
 41.2285  0.0165887832  0.00508943957  0.000273840841
 41.2588  0.0153985403  0.00406195352  0.000266571632
 41.2892  0.0150135945  0.00312472952  0.000261219257
 41.3196  0.0162074616  0.00298771703  0.000301990223
 41.3499  0.0192116843  0.00400318543  0.00038631356
 41.3803  0.0167793482  0.00565233401  0.000478180865
 41.4106  0.0174185566  0.00500682765  0.000401256892
 41.441  0.0139383258  0.00326837353  0.00034426808
 41.4714  0.0101333167  0.00225300809  0.00032804817
 41.5017  0.00616448315  0.00079042994  0.000181748622
 41.5321  0.00454186818  0.000492459038  0.00015016941
 41.5625  0.0037604633  0.000354271103  0.000100063688
 41.5928  0.00391166302  0.000392369868  0.000130709879
 41.6232  0.00415597456  0.000459053529  0.00014567857
 41.6536  0.00450076441  0.000574853189  0.000174448651
 41.6839  0.00506553711  0.000566674898  0.000186906243
 41.7143  0.00552093103  0.000548374027  0.00016411704
 41.7446  0.00518018977  0.000533082227  0.000144398563
 41.775  0.00424752074  0.000431125206  0.000131057621
 41.8054  0.0034511761  0.000324219878  0.000129155207
 41.8357  0.0036508959  0.000336560051  6.36974644e-05
 41.8661  0.00415503362  0.000430847993  5.1139054e-05
 41.8965  0.00429355951  0.000418897169  4.91254717e-05
 41.9268  0.00404062702  0.00039910051  6.73553682e-05
 41.9572  0.00378181571  0.000372457561  7.0877773e-05
 41.9875  0.00404619991  0.000360549127  7.19372584e-05
 42.0179  0.00341338237  0.000366679629  5.72343842e-05
 42.0483  0.00335153734  0.000366026166  5.044226e-05
 42.0786  0.00372151735  0.000372599098  5.94120658e-05
 42.109  0.00423534876  0.00046064357  6.4737305e-05
 42.1394  0.00464986101  0.000665687471  6.5370677e-05
 42.1697  0.00406336387  0.000462836629  6.3871368e-05
 42.2001  0.00406839402  0.000412978948  5.16009845e-05
 42.2305  0.00377229974  0.000395787529  5.02560413e-05
 42.2608  0.00344988231  0.000374670079  5.3390516e-05
 42.2912  0.00340143108  0.000358091256  5.68493304e-05
 42.3215  0.00359963269  0.000413910298  6.1510305e-05
 42.3519  0.00329831444  0.000361692305  5.82686439e-05
 42.3823  0.00314119011  0.000315709899  5.96341877e-05
 42.4126  0.00330205803  0.000297162117  5.61305201e-05
 42.443  0.00347827756  0.00030192381  5.42152655e-05
 42.4734  0.00238381111  0.000215924438  5.01451745e-05
 42.5037  0.00222017705  0.000196980152  5.07007738e-05
 42.5341  0.00188231595  0.000135373117  4.59528439e-05
 42.5645  0.00191395123  0.000121639419  4.6551527e-05
 42.5948  0.00210679027  0.00014990086  4.75728895e-05
 42.6252  0.00263514822  0.000238161295  5.52425e-05
 42.6555  0.00243485607  0.000257424266  4.74958459e-05
 42.6859  0.00232412666  0.000195839918  4.55746841e-05
 42.7163  0.00237172047  0.000177362143  4.42140499e-05
 42.7466  0.0026372552  0.000236766093  4.60433717e-05
 42.777  0.00274677955  0.000284801595  4.279152e-05
 42.8074  0.00276304806  0.000260169587  4.03849096e-05
 42.8377  0.00273880524  0.000232452961  3.73178478e-05
 42.8681  0.00266871278  0.000230625557  3.34144191e-05
 42.8984  0.00266488823  0.000250018128  3.23227324e-05
 42.9288  0.00279579355  0.00027410463  3.5132595e-05
 42.9592  0.00281082303  0.00026290933  3.74114992e-05
 42.9895  0.00281460418  0.000289434379  4.05693048e-05
 43.0199  0.00285791871  0.000293625321  4.2374634e-05
 43.0503  0.0027978699  0.000270672355  4.13024295e-05
 43.0806  0.00303061241  0.000358628503  5.48922968e-05
 43.111  0.0031223562  0.000381606085  6.49448583e-05
 43.1414  0.00373681198  0.000543427819  8.39046646e-05
 43.1717  0.00389307383  0.000550030035  8.73846397e-05
 43.2021  0.00369174565  0.000531925291  9.39618101e-05
 43.2324  0.0033632339  0.000501071327  0.000104911362
 43.2628  0.00304936594  0.000354790671  9.1932333e-05
 43.2932  0.00334810052  0.000295940513  9.86459123e-05
 43.3235  0.00383608893  0.000365068326  0.000107781572
 43.3539  0.00411971083  0.000486282889  0.000104385128
 43.3843  0.0042263304  0.000618537937  0.000108714195
 43.4146  0.00436099922  0.000685059115  0.000125098051
 43.445  0.0049461818  0.000989615377  0.000137240569
 43.4754  0.00674920586  0.00192983863  0.000181412353
 43.5057  0.00980975578  0.00305597535  0.000222989103
 43.5361  0.0111038006  0.00331792466  0.000232238048
 43.5664  0.010624285  0.00316350062  0.000249779513
 43.5968  0.00847298087  0.00225224779  0.000295652279
 43.6272  0.011239461  0.00427683859  0.000489739038
 43.6575  0.0122536815  0.00701147304  0.000656283244
 43.6879  0.0111745622  0.00880127413  0.000712391169
 43.7183  0.00735544456  0.00680543337  0.000575749736
 43.7486  0.00482540473  0.00190829628  0.000235220553
 43.779  0.00605577525  0.00129744831  0.000226255397
 43.8093  0.00726674088  0.00112429767  0.000147762147
 43.8397  0.0075040316  0.000944427996  0.000124922006
 43.8701  0.00667179405  0.000937545845  0.000133041356
 43.9004  0.00683923173  0.00078149542  0.000173739014
 43.9308  0.00750353001  0.000935973544  0.000317202086
 43.9612  0.00878185829  0.00106503304  0.000302673727
 43.9915  0.00969034319  0.00128119895  0.000298764516
 44.0219  0.0102403654  0.00125185922  0.000199943307
 44.0523  0.0109285292  0.00139086362  0.000239691262
 44.0826  0.0108594104  0.0014887786  0.000219807823
 44.113  0.0110716555  0.00153480201  0.000256179419
 44.1433  0.0114892849  0.00184818613  0.00030505377
 44.1737  0.0122378052  0.00223932577  0.000288755105
 44.2041  0.0130987623  0.00240174762  0.000322398209
 44.2344  0.0145942959  0.00235893006  0.000371805373
 44.2648  0.013993211  0.00233783433  0.000300736592
 44.2952  0.0133206996  0.00260838582  0.000255821676
 44.3255  0.0133075859  0.00277479587  0.000359224419
 44.3559  0.0150718819  0.00273946873  0.000383825776
 44.3863  0.0147239472  0.00253275832  0.000299752401
 44.4166  0.0132908716  0.00274460104  0.000315611424
 44.447  0.012463324  0.00253134806  0.000373769217
 44.4773  0.0141120118  0.00279147453  0.000360604386
 44.5077  0.017274504  0.00371659963  0.000396108258
 44.5381  0.0198382732  0.0036145948  0.000351482609
 44.5684  0.0187162092  0.00398403552  0.000387713636
 44.5988  0.016978673  0.00367069089  0.00042769784
 44.6292  0.016020035  0.00367522047  0.000390787512
 44.6595  0.0152579013  0.0036796797  0.000426084638
 44.6899  0.0171792951  0.00480704116  0.000475784233
 44.7202  0.0190279072  0.00439301979  0.000669117168
 44.7506  0.0208037354  0.00590032987  0.000852983151
 44.781  0.0223862846  0.00834782139  0.00110864066
 44.8113  0.0235120577  0.0100794923  0.00125737347
 44.8417  0.0251913109  0.011587562  0.00141527418
 44.8721  0.027122022  0.0161497973  0.00207007445
 44.9024  0.0276883357  0.0154367885  0.00294089334
 44.9328  0.0279147934  0.014356161  0.00309868546
 44.9632  0.0275612317  0.0157322466  0.00263156936
 44.9935  0.0350265221  0.019475813  0.00411331225
 45.0239  0.0326809947  0.018785179  0.00374593252
 45.0542  nan  nan  nan
 45.0846  nan  nan  nan
 45.115  nan  nan  nan
