# X (m) TKE_avg epsilon_turb_pw_avg_Y_avg epsilon_pw_avg_Y_avg
 33.0307  6.8032489e-05  2.55599717e-06  1.20897816e-06
 33.0614  6.97356015e-05  1.69322244e-06  1.57293341e-06
 33.092  8.14256241e-05  1.62407867e-06  2.44216997e-06
 33.1227  7.13533589e-05  1.63669294e-06  2.66372466e-06
 33.1534  6.80232602e-05  2.14836439e-06  4.76161646e-06
 33.1841  6.44665258e-05  1.86674123e-06  1.31177743e-05
 33.2148  8.18121027e-05  4.97968498e-06  1.16532356e-05
 33.2454  8.03909715e-05  9.6600624e-06  2.32679438e-05
 33.2761  8.14504013e-05  6.76263126e-06  2.59587465e-05
 33.3068  7.04739609e-05  4.47792842e-06  2.25435886e-05
 33.3375  5.45779164e-05  2.84830663e-06  2.05214412e-05
 33.3681  6.42023017e-05  3.70527739e-06  2.41643142e-05
 33.3988  7.67702054e-05  7.36696216e-06  4.01153767e-05
 33.4295  8.54036828e-05  7.85424049e-06  4.66733979e-05
 33.4602  7.05238795e-05  7.11783801e-06  4.27877747e-05
 33.4909  0.000102966837  1.63097932e-05  6.46678613e-05
 33.5215  0.000150857297  3.11701043e-05  8.27138935e-05
 33.5522  0.000175593914  2.24792911e-05  9.4041555e-05
 33.5829  0.000198039853  1.33045419e-05  9.43751128e-05
 33.6136  0.000168980386  1.18372917e-05  8.10691727e-05
 33.6443  0.000157784383  9.14197342e-06  7.11133707e-05
 33.6749  0.000143069595  8.07357098e-06  7.64256824e-05
 33.7056  0.000130680594  7.1787863e-06  7.76195277e-05
 33.7363  0.000153602035  6.91085464e-06  8.20136707e-05
 33.767  0.00012176425  6.46746104e-06  6.98989845e-05
 33.7977  0.000183174639  8.24948895e-06  8.41916994e-05
 33.8283  0.000162085445  1.01032794e-05  8.4503369e-05
 33.859  0.000364301246  2.61140087e-05  0.000183953676
 33.8897  0.000330466826  1.87784935e-05  0.000177327529
 33.9204  0.000254948563  1.56352998e-05  0.000144128063
 33.951  0.000168895788  1.33540363e-05  0.000105233838
 33.9817  0.0001893611  1.3042303e-05  9.64043925e-05
 34.0124  0.000119143472  5.83120857e-06  5.4438388e-05
 34.0431  0.000132552143  5.87548309e-06  4.65331097e-05
 34.0738  0.000122092008  4.68820947e-06  3.72281404e-05
 34.1044  0.000115088965  5.0364266e-06  3.48421485e-05
 34.1351  8.29348716e-05  4.62813265e-06  2.79003421e-05
 34.1658  9.57563755e-05  4.65306815e-06  2.5653538e-05
 34.1965  0.000100517818  5.84676517e-06  1.99052139e-05
 34.2272  0.000104523553  7.06595215e-06  1.52846249e-05
 34.2578  9.93593593e-05  7.01526111e-06  1.44711976e-05
 34.2885  0.000104818048  6.81438885e-06  1.49778852e-05
 34.3192  0.00011784144  7.19485056e-06  1.43169955e-05
 34.3499  0.000106629059  6.33396068e-06  1.08806212e-05
 34.3805  0.000112816203  8.53012791e-06  1.12677676e-05
 34.4112  0.000117208664  9.46513992e-06  1.19402591e-05
 34.4419  0.000124853797  9.88975329e-06  1.21276169e-05
 34.4726  0.000133453313  8.33557568e-06  9.19171102e-06
 34.5033  0.000146789234  1.13702602e-05  1.14790861e-05
 34.5339  0.000166404443  1.39532516e-05  1.0321813e-05
 34.5646  0.000156602819  1.35761067e-05  7.27796706e-06
 34.5953  0.000163377917  1.40772693e-05  6.40624438e-06
 34.626  0.000180317443  1.4489195e-05  6.73366505e-06
 34.6567  0.000202303648  1.55438435e-05  7.26752602e-06
 34.6873  0.000242804661  2.77524199e-05  9.09821808e-06
 34.718  0.000248409935  1.9919475e-05  1.00873293e-05
 34.7487  0.000289003298  2.92142099e-05  1.14547652e-05
 34.7794  0.000282181076  3.47811186e-05  9.81601975e-06
 34.8101  0.000212031969  2.39359259e-05  6.91776597e-06
 34.8407  0.000206180574  1.7154863e-05  1.63490569e-05
 34.8714  0.000228557402  1.7237096e-05  1.74341572e-05
 34.9021  0.000225645924  1.66641352e-05  1.70406594e-05
 34.9328  0.000214927669  1.45522161e-05  1.54913272e-05
 34.9634  0.000210342229  1.26870843e-05  1.31283089e-05
 34.9941  0.000202137645  1.16628395e-05  1.00035896e-05
 35.0248  0.000228785907  1.38740479e-05  1.0071424e-05
 35.0555  0.000232596329  1.52653124e-05  8.03192309e-06
 35.0862  0.000246181086  1.65802439e-05  9.95458554e-06
 35.1168  0.000260410829  1.61314843e-05  1.16299442e-05
 35.1475  0.000281501319  2.94840398e-05  2.44770381e-05
 35.1782  0.000309779473  2.39476147e-05  1.32938842e-05
 35.2089  0.000310851405  2.10844929e-05  7.5826739e-06
 35.2396  0.000289673266  3.52242562e-05  1.18354723e-05
 35.2702  0.000300976868  3.79544385e-05  1.92406159e-05
 35.3009  0.000341485778  2.58860035e-05  1.35578638e-05
 35.3316  0.000340320296  2.69822603e-05  8.57352164e-06
 35.3623  0.000299077381  2.24823496e-05  1.64467923e-05
 35.393  0.000267698632  1.34181192e-05  9.95136058e-06
 35.4236  0.000265839359  9.35269877e-06  6.1620815e-06
 35.4543  0.000273420283  1.16422494e-05  9.84941414e-06
 35.485  0.000279145708  1.08722708e-05  9.74286078e-06
 35.5157  0.000265978648  1.05295706e-05  1.12804267e-05
 35.5463  0.000272325269  1.01517865e-05  7.97286915e-06
 35.577  0.000275095748  1.03914026e-05  7.4070808e-06
 35.6077  0.000272194676  1.08908375e-05  8.13077306e-06
 35.6384  0.000290284017  8.34221254e-06  5.06462992e-06
 35.6691  0.000314839513  1.04134927e-05  6.45568268e-06
 35.6997  0.000299555891  9.9681555e-06  6.35147491e-06
 35.7304  0.000265511173  8.2521697e-06  5.7956211e-06
 35.7611  0.000238304531  7.01535926e-06  5.24814746e-06
 35.7918  0.000228439432  5.82636338e-06  4.32136256e-06
 35.8225  0.000241956163  5.77913341e-06  5.08665802e-06
 35.8531  0.000250077343  5.63355565e-06  4.5391875e-06
 35.8838  0.000237382801  6.86258869e-06  5.65755994e-06
 35.9145  0.000228464415  7.18907181e-06  6.55007476e-06
 35.9452  0.000222804812  7.15451908e-06  6.95791114e-06
 35.9759  0.00024312946  6.70663068e-06  6.20112849e-06
 36.0065  0.000265704211  6.23063729e-06  5.87544045e-06
 36.0372  0.000294573802  6.2273006e-06  5.56048774e-06
 36.0679  0.000279878943  6.49366415e-06  6.24170937e-06
 36.0986  0.00029159566  1.11224837e-05  1.02603426e-05
 36.1292  0.000309218984  1.70649061e-05  1.49334261e-05
 36.1599  0.000341921889  2.35117588e-05  1.97921205e-05
 36.1906  0.000352922519  2.1781993e-05  1.60583124e-05
 36.2213  0.000359898151  2.64467853e-05  2.35017531e-05
 36.252  0.000372274248  1.58597985e-05  1.26996869e-05
 36.2826  0.000372518818  1.77682655e-05  2.33688179e-05
 36.3133  0.000372756487  1.79386322e-05  1.88748105e-05
 36.344  0.000378627959  1.65366859e-05  1.90544591e-05
 36.3747  0.000380998594  1.80141135e-05  1.41386227e-05
 36.4054  0.000373759919  1.91856563e-05  1.67074001e-05
 36.436  0.000362104405  1.27905315e-05  9.56309595e-06
 36.4667  0.000342869021  1.51887014e-05  1.83317036e-05
 36.4974  0.000321632858  1.73709229e-05  2.5237729e-05
 36.5281  0.000325828891  1.1530473e-05  8.26922818e-06
 36.5588  0.000340913749  1.0156185e-05  8.71486213e-06
 36.5894  0.000371379263  1.95485336e-05  2.05710301e-05
 36.6201  0.000398412781  3.17259133e-05  3.62356901e-05
 36.6508  0.000425137519  3.57400809e-05  4.424757e-05
 36.6815  0.00045537752  2.07247047e-05  2.21185276e-05
 36.7121  0.000464052102  2.1889792e-05  2.73258154e-05
 36.7428  0.00046517806  2.53281828e-05  2.79274443e-05
 36.7735  0.000446959643  3.33066498e-05  3.20942841e-05
 36.8042  0.000403408914  4.35501191e-05  4.1372164e-05
 36.8349  0.000409003442  4.12903178e-05  3.60240178e-05
 36.8655  0.000422522064  3.99923297e-05  4.18063663e-05
 36.8962  0.000417892776  3.56244627e-05  4.32667422e-05
 36.9269  0.000427815075  3.65040813e-05  4.47741258e-05
 36.9576  0.000467905408  3.70236687e-05  4.49307083e-05
 36.9883  0.000483965434  2.90932533e-05  3.94177271e-05
 37.0189  0.00046285677  2.71626012e-05  4.39303751e-05
 37.0496  0.000456734585  2.62369523e-05  4.30905087e-05
 37.0803  0.00044192166  2.72455043e-05  4.19842874e-05
 37.111  0.000421770497  2.43792686e-05  3.81685421e-05
 37.1416  0.000461007429  2.2595308e-05  3.94187641e-05
 37.1723  0.00051620708  2.92133963e-05  4.1728286e-05
 37.203  0.000549669233  2.804529e-05  4.09897597e-05
 37.2337  0.00057624762  2.87631145e-05  4.02418934e-05
 37.2644  0.000587981472  2.83612908e-05  4.26815691e-05
 37.295  0.000576724337  2.64988786e-05  3.91973514e-05
 37.3257  0.000622279038  3.07163983e-05  3.39245852e-05
 37.3564  0.000549528112  2.29328861e-05  3.50293474e-05
 37.3871  0.000540640273  2.13146317e-05  3.81619111e-05
 37.4178  0.000560801799  2.1375861e-05  4.22232169e-05
 37.4484  0.000539258322  1.98040414e-05  3.85300022e-05
 37.4791  0.000539323625  2.00940792e-05  3.76608863e-05
 37.5098  0.000515160578  2.24796785e-05  3.73434426e-05
 37.5405  0.000473804571  2.14563645e-05  3.46436483e-05
 37.5712  0.000468258762  1.82159286e-05  3.8239828e-05
 37.6018  0.000505145831  2.75632495e-05  4.44995217e-05
 37.6325  0.000610558437  4.74886381e-05  5.14268903e-05
 37.6632  0.000786609848  6.58671206e-05  5.36256541e-05
 37.6939  0.000830422059  8.72681927e-05  5.71034909e-05
 37.7245  0.000908255687  7.9696372e-05  4.69044098e-05
 37.7552  0.000781998053  9.69837246e-05  3.84794747e-05
 37.7859  0.000776886292  0.000125555481  3.44489286e-05
 37.8166  0.000696687446  8.06339397e-05  2.20363554e-05
 37.8473  0.000621005137  4.80694576e-05  1.99881447e-05
 37.8779  0.00063604888  4.66969467e-05  2.75615723e-05
 37.9086  0.000621212689  4.4843454e-05  3.51241969e-05
 37.9393  0.000607844975  3.53811821e-05  3.1700953e-05
 37.97  0.000584599969  2.66514958e-05  1.69875886e-05
 38.0007  0.000649737926  4.11507728e-05  2.02747304e-05
 38.0313  0.000685104878  6.90794614e-05  5.01278248e-05
 38.062  0.000772797121  4.89612562e-05  2.86092121e-05
 38.0927  0.000868163978  6.68815903e-05  3.38669157e-05
 38.1234  0.000975955159  9.44948824e-05  3.91556944e-05
 38.1541  0.000973469437  0.000108524431  4.25080848e-05
 38.1847  0.000935408657  0.000121074698  3.76678861e-05
 38.2154  0.000834622428  0.000173122414  0.000128980287
 38.2461  0.000732586688  8.87915283e-05  6.71294395e-05
 38.2768  0.000675904055  8.5259634e-05  5.8255879e-05
 38.3074  0.000641919325  8.46713154e-05  4.34968858e-05
 38.3381  0.000569584682  7.5409407e-05  4.8476726e-05
 38.3688  0.000689283849  5.10688164e-05  7.31560988e-05
 38.3995  0.000960146686  0.000145272201  9.44296976e-05
 38.4302  0.00109460068  8.65399024e-05  0.000101772727
 38.4608  0.000897451589  4.31726751e-05  7.58565386e-05
 38.4915  0.000679502631  1.69635325e-05  4.42606243e-05
 38.5222  0.00071687074  9.74916757e-06  4.32864842e-05
 38.5529  0.000699388526  1.05213749e-05  4.40911743e-05
 38.5836  0.000767946713  1.37154521e-05  3.5683377e-05
 38.6142  0.000841194283  1.80458787e-05  3.25723677e-05
 38.6449  0.000871005683  2.27294813e-05  3.49477328e-05
 38.6756  0.000940138938  2.26809917e-05  3.62074766e-05
 38.7063  0.000869620327  4.92726376e-05  7.14542671e-05
 38.737  0.000829655182  4.05871405e-05  6.30001897e-05
 38.7676  0.00082774684  2.83026887e-05  3.98590658e-05
 38.7983  0.000883887427  2.63421183e-05  3.56947908e-05
 38.829  0.00111923476  5.9058931e-05  7.13177779e-05
 38.8597  0.00122013998  7.69287399e-05  8.46977124e-05
 38.8903  0.00137754654  7.97364019e-05  8.44419283e-05
 38.921  0.00166949458  0.000133257783  0.000147514616
 38.9517  0.00211690238  0.000194109978  0.000207374838
 38.9824  0.00275247903  0.000204588265  0.000171298044
 39.0131  0.00338383429  0.00024115956  0.00014170773
 39.0437  0.00379776641  0.000261713705  0.000164792734
 39.0744  0.00410128124  0.000283317307  0.000205031259
 39.1051  0.00447668972  0.000281952895  0.000169247318
 39.1358  0.00506954001  0.00037421276  0.000233052893
 39.1665  0.00595350414  0.000498302199  0.000336012776
 39.1971  0.00647470958  0.000369664269  0.000205904435
 39.2278  0.00594687209  0.000369864716  0.000137180118
 39.2585  0.00561833264  0.000404460839  0.000104782582
 39.2892  0.00599826667  0.000474572084  0.000169331052
 39.3199  0.00743182084  0.000486951267  0.000142878951
 39.3505  0.00843624947  0.000561524478  0.000128984178
 39.3812  0.00843136478  0.000524410397  0.00012193766
 39.4119  0.00826146938  0.000581019035  0.000165614509
 39.4426  0.00841604848  0.000663328465  0.000137892928
 39.4732  0.00890669882  0.000727213027  0.000125610597
 39.5039  0.0100857031  0.000806588765  0.000148117858
 39.5346  0.0111618807  0.000995372207  0.000204347891
 39.5653  0.0114921467  0.00101073754  0.000127102576
 39.596  0.0115322452  0.00110774675  0.000152003829
 39.6266  0.0120292069  0.00126292387  0.000169717724
 39.6573  0.0126680289  0.00132282608  0.000136722529
 39.688  0.0130720686  0.00130736194  0.000139626065
 39.7187  0.0118782249  0.00130887947  0.000147693615
 39.7494  0.0110173229  0.00130079117  0.00014199454
 39.78  0.0102990481  0.00122539323  0.000132288936
 39.8107  0.0092850473  0.00104160609  0.000121245501
 39.8414  0.00890300871  0.00104461113  0.000125838996
 39.8721  0.00863904783  0.000928092005  0.000110056767
 39.9027  0.00899042889  0.000777878162  0.00010119999
 39.9334  0.00972036844  0.000746454736  0.000101797628
 39.9641  0.0107913429  0.000746438757  0.000100853507
 39.9948  0.0128746392  0.000737928342  0.000107197424
 40.0255  0.0163449974  0.000870109497  0.000114892618
 40.0561  0.018498089  0.00114127362  0.000140990562
 40.0868  0.0187263957  0.0012778958  0.000172670468
 40.1175  0.0155643608  0.00135104169  0.00015339909
 40.1482  0.0107199376  0.00144852311  0.000125032066
 40.1789  0.0105255527  0.00122248556  0.000151046844
 40.2095  0.0106611995  0.00125786626  0.000145185399
 40.2402  0.00909602978  0.00104961174  0.000119421071
 40.2709  0.00766707676  0.000877157869  9.42387093e-05
 40.3016  0.00715719776  0.000747131748  8.16946436e-05
 40.3323  0.00868622862  0.000848896142  0.000101678768
 40.3629  0.0130091925  0.00191331338  0.000161012732
 40.3936  0.0205008207  0.00304424168  0.000197782037
 40.4243  0.0264463144  0.0042800899  0.000256390003
 40.455  0.0312579818  0.00603400961  0.000322941522
 40.4856  0.0361717851  0.00858423522  0.000400858168
 40.5163  0.0355234828  0.0079822506  0.000361526726
 40.547  0.0332501264  0.00836899207  0.000360809121
 40.5777  0.0381919668  0.00832612057  0.000368708917
 40.6084  0.0423195214  0.00863987993  0.000374192727
 40.639  0.0398571582  0.00905897992  0.000369757652
 40.6697  0.030874587  0.00743266997  0.000311826972
 40.7004  0.0215975671  0.0047892019  0.000229493809
 40.7311  0.0173370394  0.00374125486  0.000188735412
 40.7618  0.0158425276  0.00349433156  0.000182399897
 40.7924  0.0165240674  0.00345351257  0.000194740996
 40.8231  0.0195501703  0.0037793234  0.00021974982
 40.8538  0.0220284917  0.00521975053  0.000264967314
 40.8845  0.020811793  0.00495402965  0.000273143031
 40.9152  0.0211805222  0.00466759227  0.000253447881
 40.9458  0.0219017077  0.00482632254  0.000249996469
 40.9765  0.0213519827  0.00538535215  0.000273367672
 41.0072  0.0214145336  0.0067526227  0.000315504715
 41.0379  0.0207123656  0.00459342303  0.000280358132
 41.0685  0.0182559446  0.00316098991  0.000248274059
 41.0992  0.0170127402  0.00255878289  0.000284074757
 41.1299  0.016791122  0.00280587173  0.000357342804
 41.1606  0.0163641219  0.00299311011  0.000440682618
 41.1913  0.0153117982  0.00239748179  0.000374045288
 41.2219  0.0156661306  0.00239644154  0.000405604985
 41.2526  0.0125813113  0.00181389362  0.000359923766
 41.2833  0.0118956797  0.00212549491  0.000409270481
 41.314  0.0119973818  0.00219005468  0.000366805675
 41.3447  0.0118658712  0.00179487214  0.000447782387
 41.3753  0.0108465487  0.00158142241  0.00040491354
 41.406  0.00990981793  0.00142455443  0.000343466973
 41.4367  0.00928698348  0.00124998782  0.000370094377
 41.4674  0.00925891887  0.00119692066  0.000393732853
 41.4981  0.00866503334  0.00121259586  0.000324458553
 41.5287  0.00805889672  0.000987026822  0.000309591434
 41.5594  0.00853717337  0.00118049932  0.000388659111
 41.5901  0.00869324678  0.00138524273  0.000350757656
 41.6208  0.00774034145  0.00134151685  0.000344272008
 41.6514  0.00792031379  0.00129203326  0.000320461656
 41.6821  0.00780231756  0.00102625714  0.000225857122
 41.7128  0.00731445702  0.000639645753  0.000156330837
 41.7435  0.00654663081  0.000457842035  0.000127899458
 41.7742  0.00567026803  0.000401305969  0.000118810173
 41.8048  0.00491574674  0.000345844155  0.000113781493
 41.8355  0.00484525807  0.000364025183  9.13904527e-05
 41.8662  0.00506829822  0.000382357647  7.95716935e-05
 41.8969  0.00506209355  0.000459866263  8.26992846e-05
 41.9276  0.00449830501  0.000460932399  0.000101595855
 41.9582  0.0040354426  0.00039044637  8.45255614e-05
 41.9889  0.00361552455  0.000307776273  7.50419951e-05
 42.0196  0.00317931154  0.000284169205  6.94651862e-05
 42.0503  0.00287270396  0.000228729105  5.43989386e-05
 42.081  0.00313871965  0.000268262947  5.41128802e-05
 42.1116  0.00353236521  0.000303194775  5.53939582e-05
 42.1423  0.00383425019  0.00031855896  5.62157097e-05
 42.173  0.00391411593  0.000389514773  6.44061187e-05
 42.2037  0.00353141707  0.000325299667  5.66289694e-05
 42.2343  0.00334065498  0.0003534501  5.39159147e-05
 42.265  0.00392134741  0.000409234633  5.75260555e-05
 42.2957  0.00465691552  0.000470813556  6.33188622e-05
 42.3264  0.00462591021  0.000541737787  6.80680102e-05
 42.3571  0.00478866189  0.000457183678  6.89830124e-05
 42.3877  0.00519704691  0.000483814713  6.88513473e-05
 42.4184  0.0055536755  0.000546922932  6.60959902e-05
 42.4491  0.00589130682  0.00065164214  6.49437207e-05
 42.4798  0.00630313186  0.000783761982  6.79041908e-05
 42.5105  0.0063114368  0.000743670506  6.76441184e-05
 42.5411  0.00476633861  0.000611442455  6.44850036e-05
 42.5718  0.0038594037  0.000476669738  5.60397859e-05
 42.6025  0.00355555264  0.000473382273  5.32331813e-05
 42.6332  0.00403801077  0.000636954156  6.29061588e-05
 42.6638  0.00522632786  0.00083707139  7.68795018e-05
 42.6945  0.0050451344  0.000935895316  8.13962789e-05
 42.7252  0.00501729089  0.000820418362  7.40411387e-05
 42.7559  0.00419272914  0.000582135766  6.37878637e-05
 42.7866  0.00348684381  0.000452509267  5.8866787e-05
 42.8172  0.0037500067  0.000480940919  6.04789884e-05
 42.8479  0.00397759894  0.000485845524  6.31372677e-05
 42.8786  0.00464348378  0.00072407184  6.40320789e-05
 42.9093  0.00384434621  0.000557982306  5.56115638e-05
 42.94  0.00307108268  0.000396347184  4.9948678e-05
 42.9706  0.00312058292  0.00042704235  5.19201075e-05
 43.0013  0.0036125298  0.000534752727  6.5735858e-05
 43.032  0.00382381903  0.00054033139  6.88235472e-05
 43.0627  0.00459217474  0.000744349256  7.85844685e-05
 43.0934  0.00598059503  0.00102117336  9.10108773e-05
 43.124  0.00697776505  0.00121182743  0.000104426399
 43.1547  0.00698663136  0.00123666594  0.000110010639
 43.1854  0.00655838765  0.00114064562  0.000101047185
 43.2161  0.00696294781  0.00102754846  0.000112295914
 43.2467  0.00807805652  0.00117032928  0.000130044967
 43.2774  0.00873872519  0.00145212482  0.00014547396
 43.3081  0.00846844082  0.00172900119  0.000156716365
 43.3388  0.00825487678  0.00192198393  0.000165783879
 43.3695  0.00875053069  0.00257289728  0.000237247043
 43.4001  0.00876880931  0.00237625546  0.000257483948
 43.4308  0.0109835219  0.00363180854  0.000360333229
 43.4615  0.0140170857  0.00562869138  0.000500535661
 43.4922  0.0136352273  0.00553434474  0.000543894542
 43.5229  0.0134286239  0.00317543865  0.000574886387
 43.5535  0.0104026119  0.00278584829  0.000754137933
 43.5842  0.0111201932  0.00295561702  0.000972913861
 43.6149  0.00640821308  0.00116143376  0.000555533705
 43.6456  0.005619907  0.000886202895  0.00050000019
 43.6763  0.00600405117  0.000984711541  0.000557909317
 43.7069  0.0055169042  0.00080956519  0.0004094471
 43.7376  0.00475094439  0.000572313675  0.000298944897
 43.7683  0.00508736838  0.000540896492  0.00027395378
 43.799  0.00546655648  0.000487453977  0.000206404548
 43.8296  0.00563484812  0.000399607239  0.000171325254
 43.8603  0.00543450931  0.000427494951  0.000170520835
 43.891  0.005671309  0.000416418478  0.000175197684
 43.9217  0.00568125016  0.000415709728  0.000223468866
 43.9524  0.00527410166  0.00040403794  0.0002366729
 43.983  0.00523987282  0.000448686123  0.000226882213
 44.0137  0.00561480765  0.000560529348  0.000236746535
 44.0444  0.00600318457  0.000621291362  0.000288419731
 44.0751  0.00557699866  0.000665060638  0.000241763725
 44.1058  0.00590535671  0.000815736048  0.000141624408
 44.1364  0.0062769709  0.00103664063  0.000150571172
 44.1671  0.00649916871  0.00115083657  0.000167987968
 44.1978  0.0084002845  0.00136628618  0.000217390196
 44.2285  0.00970648507  0.00120944249  0.000177097851
 44.2592  0.00976897924  0.0014095437  0.000193749956
 44.2898  0.00996474637  0.00174441521  0.000204213511
 44.3205  0.0107362918  0.00166224774  0.000255718912
 44.3512  0.0107852527  0.00227941804  0.000269743805
 44.3819  0.0112988402  0.00230593261  0.000251224023
 44.4125  0.012096663  0.00242468798  0.000274331987
 44.4432  0.0128881207  0.00245839753  0.000324625666
 44.4739  0.012629304  0.00226604226  0.000298409596
 44.5046  0.0116955451  0.00227465409  0.000284637936
 44.5353  0.0117770177  0.00193513217  0.000268249011
 44.5659  0.0113738272  0.00213744454  0.000309412132
 44.5966  0.01297308  0.00261972945  0.000422918371
 44.6273  0.0141469646  0.00283792919  0.000501886259
 44.658  0.0146779414  0.00260286856  0.000462164851
 44.6887  0.013202113  0.00229807313  0.000410242579
 44.7193  0.0123497634  0.0023316932  0.000608187665
 44.75  0.012375721  0.00264289551  0.000689739341
 44.7807  0.0124426823  0.00333038097  0.000805421094
 44.8114  0.0129542775  0.0045069951  0.000982374145
 44.842  0.0132841425  0.00427859357  0.000993714522
 44.8727  0.0152835238  0.00465535875  0.00186482538
 44.9034  0.0165688282  0.0048325418  0.00320054981
 44.9341  0.0173123902  0.00775181342  0.00455323654
 44.9648  0.0158249625  0.011247536  0.00499248534
 44.9954  0.0157633247  0.0173436688  0.00654175676
 45.0261  0.0103401534  0.00524324285  0.00269519386
 45.0568  0.0113462597  0.00472480885  0.00245352449
 45.0875  0.0116254106  0.00342365088  0.00257540482
 45.1182  0.0126308221  0.00553578119  0.0026400328
 45.1488  0.0202310079  0.00535233009  0.00324644139
 45.1795  nan  nan  nan
 45.2102  0.0156994835  0.00476182557  0.00374822769
 45.2409  nan  nan  nan
