# X (m) TKE_avg epsilon_turb_pw_avg_Y_avg epsilon_pw_avg_Y_avg
 33.0299  8.29079138e-05  2.26715836e-06  1.68827669e-06
 33.0598  7.96740484e-05  1.75546885e-06  1.92213041e-06
 33.0897  7.35124784e-05  1.13541022e-06  1.72730859e-06
 33.1196  6.41705744e-05  1.10637518e-06  2.49496651e-06
 33.1495  5.5016872e-05  1.30419471e-06  4.880093e-06
 33.1794  6.13965654e-05  1.42277911e-06  1.13534488e-05
 33.2093  9.06415092e-05  2.19218885e-06  1.06254734e-05
 33.2392  0.000120192564  4.77114421e-06  2.35375798e-05
 33.2691  0.00013297787  7.4605572e-06  4.2482099e-05
 33.299  8.96853378e-05  4.97381368e-06  3.53431277e-05
 33.3289  8.20074462e-05  2.96906603e-06  2.9297546e-05
 33.3588  5.43291543e-05  3.79201482e-06  2.72893069e-05
 33.3887  4.45719252e-05  3.68152393e-06  2.4049476e-05
 33.4186  6.03231582e-05  4.81541205e-06  2.94209893e-05
 33.4485  8.82086358e-05  6.68911074e-06  3.92965953e-05
 33.4784  7.00684481e-05  5.97939583e-06  3.43185929e-05
 33.5083  7.63330451e-05  5.0060637e-06  3.76228193e-05
 33.5382  0.000107219037  7.60399765e-06  4.88490274e-05
 33.5681  0.000101180185  7.21181131e-06  5.02063289e-05
 33.598  9.74830812e-05  7.21127926e-06  5.92462067e-05
 33.6279  8.37048671e-05  8.15799609e-06  4.40761926e-05
 33.6578  5.89091436e-05  5.3647233e-06  2.30922523e-05
 33.6877  3.82693881e-05  4.74174154e-06  1.54601145e-05
 33.7176  3.91385904e-05  4.79617605e-06  1.28060918e-05
 33.7475  3.19444064e-05  4.88633886e-06  9.98716168e-06
 33.7774  3.04141672e-05  5.7610393e-06  1.02438233e-05
 33.8073  2.71390461e-05  3.15584045e-06  5.89957025e-06
 33.8371  2.73990656e-05  5.01289181e-06  8.41111585e-06
 33.867  2.71392079e-05  4.46573706e-06  6.76143097e-06
 33.8969  2.83683518e-05  4.19977158e-06  6.64014896e-06
 33.9268  3.14421475e-05  2.93523723e-06  4.66796027e-06
 33.9567  3.24132208e-05  3.40629266e-06  5.04004429e-06
 33.9866  3.46558372e-05  3.44576287e-06  5.38981856e-06
 34.0165  3.48549948e-05  6.21256657e-06  8.24452939e-06
 34.0464  4.08324016e-05  6.10952134e-06  9.05680911e-06
 34.0763  4.11434308e-05  3.67108833e-06  4.11296847e-06
 34.1062  4.20556218e-05  3.90258019e-06  4.90660753e-06
 34.1361  4.84167819e-05  2.77753675e-06  5.48655933e-06
 34.166  5.44134556e-05  7.72307423e-06  1.00942229e-05
 34.1959  6.80907489e-05  6.45424074e-06  7.97204533e-06
 34.2258  7.35381984e-05  5.39495403e-06  7.83969035e-06
 34.2557  7.61275088e-05  6.92528535e-06  8.44864289e-06
 34.2856  7.90031984e-05  9.20754874e-06  8.31844957e-06
 34.3155  8.06236167e-05  7.95996105e-06  5.68886369e-06
 34.3454  9.40093502e-05  6.6558071e-06  4.65798714e-06
 34.3753  0.000111197617  5.0517391e-06  3.6004562e-06
 34.4052  0.000149057753  1.4911736e-05  6.52206934e-06
 34.4351  0.000183843343  2.66005431e-05  1.04550799e-05
 34.465  0.000213370262  2.42357349e-05  1.02872545e-05
 34.4949  0.000203395357  1.82314898e-05  7.45650966e-06
 34.5248  0.000209728026  1.31392914e-05  5.72759648e-06
 34.5547  0.000206168234  1.03459439e-05  5.12914478e-06
 34.5846  0.000219747936  1.17302407e-05  4.84937223e-06
 34.6145  0.000213022036  1.06267837e-05  5.25962449e-06
 34.6444  0.000178591385  7.75851174e-06  5.23453969e-06
 34.6743  0.000180032178  8.64646906e-06  5.36413487e-06
 34.7042  0.000185665015  1.06406053e-05  5.07633435e-06
 34.7341  0.000174653078  9.97946493e-06  4.53979857e-06
 34.764  0.000173687068  7.51622866e-06  4.70882184e-06
 34.7939  0.000186611534  7.17061716e-06  5.01300901e-06
 34.8238  0.000208158075  8.15101662e-06  5.50098631e-06
 34.8537  0.000216984611  1.08317995e-05  6.15623874e-06
 34.8836  0.000223777646  1.58041032e-05  5.89892875e-06
 34.9135  0.000213137553  1.36055524e-05  8.12950107e-06
 34.9434  0.000213461785  1.07304498e-05  9.1183178e-06
 34.9733  0.000207076827  8.37462906e-06  1.00082711e-05
 35.0032  0.000203861089  8.31526852e-06  9.61520097e-06
 35.0331  0.000214858416  1.29993076e-05  1.12047208e-05
 35.063  0.000201470542  1.19385011e-05  8.57130005e-06
 35.0929  0.000199960824  1.18029866e-05  8.65513841e-06
 35.1228  0.00020879505  1.17680709e-05  9.61712966e-06
 35.1527  0.00021430297  9.8514207e-06  8.21227445e-06
 35.1826  0.000224533696  1.1688503e-05  1.2919284e-05
 35.2125  0.000239623888  8.66938092e-06  7.24511198e-06
 35.2424  0.00024443046  1.06535672e-05  9.54298233e-06
 35.2723  0.000228610284  1.31041619e-05  1.64399342e-05
 35.3022  0.000234743796  1.02271621e-05  1.48088213e-05
 35.3321  0.00021982397  6.7374509e-06  1.05969277e-05
 35.362  0.000221820972  1.12335842e-05  2.24783214e-05
 35.3919  0.00023379624  1.02259028e-05  2.23386237e-05
 35.4218  0.000247085594  8.45054257e-06  2.05950145e-05
 35.4517  0.000251519397  1.04585599e-05  2.6827959e-05
 35.4815  0.000255901507  1.03559932e-05  2.69512164e-05
 35.5114  0.000289118539  1.17616148e-05  3.52532923e-05
 35.5413  0.0002942148  1.33518334e-05  3.64048897e-05
 35.5712  0.000308017608  1.20560829e-05  3.44260636e-05
 35.6011  0.000376098352  1.65037408e-05  4.71724821e-05
 35.631  0.000415201041  1.43362355e-05  4.50690137e-05
 35.6609  0.000383863458  1.79717498e-05  4.63721398e-05
 35.6908  0.00035280443  1.66823306e-05  4.36679152e-05
 35.7207  0.000352160878  1.68397966e-05  4.88047819e-05
 35.7506  0.000336274978  1.85908485e-05  5.58303038e-05
 35.7805  0.000323520778  1.79663406e-05  5.36244575e-05
 35.8104  0.000327780543  2.08223861e-05  5.48790377e-05
 35.8403  0.000323088192  2.13028351e-05  5.42178062e-05
 35.8702  0.000328652924  1.83848212e-05  5.221455e-05
 35.9001  0.0003416018  1.61688517e-05  5.14478621e-05
 35.93  0.000376393601  1.66332881e-05  5.81169799e-05
 35.9599  0.000351720083  1.81869347e-05  6.25876596e-05
 35.9898  0.000317274288  1.79635901e-05  5.89569552e-05
 36.0197  0.000316066554  1.75694423e-05  5.54554913e-05
 36.0496  0.000345044442  1.70045987e-05  5.28766273e-05
 36.0795  0.000352538115  1.81637585e-05  5.7327081e-05
 36.1094  0.000365030913  2.86442009e-05  6.01684895e-05
 36.1393  0.000427543354  2.67164372e-05  5.57874665e-05
 36.1692  0.000472028742  2.36214305e-05  4.88042633e-05
 36.1991  0.000517695896  2.89474135e-05  4.56801981e-05
 36.229  0.000460150646  3.32291892e-05  3.49475274e-05
 36.2589  0.000470075799  3.75246359e-05  3.08666136e-05
 36.2888  0.000477484156  3.65123573e-05  2.85700068e-05
 36.3187  0.000447954685  3.25003876e-05  2.39278858e-05
 36.3486  0.00044294005  3.56584023e-05  2.21844515e-05
 36.3785  0.000425860342  3.02557815e-05  1.59345022e-05
 36.4084  0.000435620298  2.40612126e-05  1.49653755e-05
 36.4383  0.000430546202  1.98828902e-05  1.46843543e-05
 36.4682  0.000410811576  1.98968213e-05  1.50709862e-05
 36.4981  0.000419257814  2.50154889e-05  1.97892526e-05
 36.528  0.00040721025  2.04289117e-05  1.64622439e-05
 36.5579  0.000407818634  1.88928659e-05  1.75147856e-05
 36.5878  0.000406747131  1.95283524e-05  1.96147632e-05
 36.6177  0.00043012134  2.37885066e-05  2.44459605e-05
 36.6476  0.000438352966  2.76733099e-05  2.65108622e-05
 36.6775  0.000472336558  3.24935692e-05  2.79986891e-05
 36.7074  0.000498455012  2.91377154e-05  1.79391088e-05
 36.7373  0.000482525039  2.7059508e-05  1.60616568e-05
 36.7672  0.00048303326  3.00938493e-05  1.76798468e-05
 36.7971  0.000514890414  4.41932676e-05  2.63629126e-05
 36.827  0.000466511433  3.98323557e-05  1.71587816e-05
 36.8569  0.00040873572  3.93317974e-05  1.61586586e-05
 36.8868  0.000346415946  4.43032085e-05  2.84047627e-05
 36.9167  0.000316828898  3.59613833e-05  2.28507054e-05
 36.9466  0.000319890943  3.14650309e-05  2.21335014e-05
 36.9765  0.000338387544  2.99566023e-05  2.08281535e-05
 37.0064  0.000371327985  2.84881243e-05  2.50843543e-05
 37.0363  0.000392562726  3.95265943e-05  4.51056898e-05
 37.0662  0.000406215072  4.38090961e-05  4.4658959e-05
 37.096  0.000470454942  5.60503657e-05  5.05212121e-05
 37.1259  0.000557267772  4.21599553e-05  3.58723801e-05
 37.1558  0.000641827185  3.93317266e-05  2.26148742e-05
 37.1857  0.000658610483  3.70113508e-05  1.57739909e-05
 37.2156  0.000654280903  4.0667733e-05  1.59479006e-05
 37.2455  0.000582431102  5.93192546e-05  1.5255098e-05
 37.2754  0.000560232449  6.11006823e-05  1.65694752e-05
 37.3053  0.000534207483  5.67235186e-05  2.35800155e-05
 37.3352  0.000546045485  5.74149473e-05  3.19952448e-05
 37.3651  0.000599572239  5.58411133e-05  3.86111542e-05
 37.395  0.000603871418  4.38053049e-05  3.5139864e-05
 37.4249  0.000651263308  2.90819842e-05  2.57472743e-05
 37.4548  0.000604864292  2.3832366e-05  2.04957084e-05
 37.4847  0.000498335224  1.9293739e-05  1.42297673e-05
 37.5146  0.000510445936  1.42330912e-05  1.41389672e-05
 37.5445  0.000413329199  1.49372096e-05  1.57628084e-05
 37.5744  0.000392669981  2.10322723e-05  2.18588896e-05
 37.6043  0.000391373144  1.36317551e-05  1.61517457e-05
 37.6342  0.000397134863  1.26321747e-05  1.46488423e-05
 37.6641  0.000451053778  1.79248161e-05  1.80500976e-05
 37.694  0.000508029853  1.53651075e-05  1.50869518e-05
 37.7239  0.000497345129  1.81628948e-05  2.49330137e-05
 37.7538  0.00046749473  2.38582293e-05  3.33264903e-05
 37.7837  0.000463380136  2.38147216e-05  2.94178926e-05
 37.8136  0.000499861062  4.46819543e-05  4.74131262e-05
 37.8435  0.000396946704  4.10919684e-05  5.14668206e-05
 37.8734  0.000341938946  2.39120452e-05  4.64457706e-05
 37.9033  0.000334628361  8.38993619e-06  2.33571274e-05
 37.9332  0.000355275201  9.98457174e-06  3.28334517e-05
 37.9631  0.000367782242  1.47728436e-05  2.45820977e-05
 37.993  0.000385212184  5.38306254e-05  6.75617036e-05
 38.0229  0.000398163315  9.52753232e-05  0.000113461512
 38.0528  0.000420698821  7.87916632e-05  9.73555654e-05
 38.0827  0.000411880935  2.74593437e-05  3.99768649e-05
 38.1126  0.00038306964  4.93202031e-05  5.59082518e-05
 38.1425  0.00039714583  5.03643105e-05  5.96508502e-05
 38.1724  0.00043835209  5.40297131e-05  6.15750202e-05
 38.2023  0.000514067922  6.66236935e-05  8.3446286e-05
 38.2322  0.000569370013  7.9189328e-05  0.000118152108
 38.2621  0.000609045692  3.57731238e-05  7.29356505e-05
 38.292  0.000674599904  4.06554284e-05  7.90194565e-05
 38.3219  0.000702700441  4.87682411e-05  8.0009876e-05
 38.3518  0.00085072255  6.06519659e-05  9.94385968e-05
 38.3817  0.000860857713  5.7916665e-05  0.000106415869
 38.4116  0.00089251518  5.26612685e-05  9.6665089e-05
 38.4415  0.000835600136  4.31012242e-05  9.65229022e-05
 38.4714  0.000830892107  3.70241963e-05  8.07801691e-05
 38.5013  0.00086491746  4.00818666e-05  7.67450534e-05
 38.5312  0.000902689283  4.31576891e-05  7.43467363e-05
 38.5611  0.00095070911  4.00363201e-05  7.927047e-05
 38.591  0.000990724144  3.78940568e-05  7.64524401e-05
 38.6209  0.000982319852  3.34846702e-05  6.77847931e-05
 38.6508  0.000964391065  3.17958268e-05  6.52121248e-05
 38.6807  0.000949550123  3.22512907e-05  6.41335592e-05
 38.7106  0.00105017664  3.04184228e-05  6.4235931e-05
 38.7404  0.00116675911  4.07728178e-05  7.73983736e-05
 38.7703  0.00119500667  3.88372219e-05  7.43522289e-05
 38.8002  0.00117523163  4.07122323e-05  6.24461788e-05
 38.8301  0.00124283428  5.89287716e-05  7.72237163e-05
 38.86  0.00123980053  6.60740055e-05  8.27284578e-05
 38.8899  0.0011366645  5.02111912e-05  6.81010848e-05
 38.9198  0.00104119867  4.27565379e-05  6.04218873e-05
 38.9497  0.00103861833  3.94929456e-05  5.73475639e-05
 38.9796  0.00112704636  3.64731803e-05  5.08719546e-05
 39.0095  0.00135146771  5.1216401e-05  5.3526691e-05
 39.0394  0.00142280011  5.88955541e-05  4.78825283e-05
 39.0693  0.00155984154  6.89245086e-05  4.57203198e-05
 39.0992  0.00185397425  8.93268906e-05  4.9667778e-05
 39.1291  0.00230317235  0.00011749209  5.14598681e-05
 39.159  0.00306599199  0.000183415572  6.04653028e-05
 39.1889  0.00406487776  0.000236374302  5.60314666e-05
 39.2188  0.00474471673  0.000282561887  5.94478831e-05
 39.2487  0.00514050789  0.000317365293  6.23443578e-05
 39.2786  0.00562771729  0.00035529726  7.30367956e-05
 39.3085  0.00665399987  0.000342679171  8.14043948e-05
 39.3384  0.00681617013  0.000366596274  8.4076396e-05
 39.3683  0.00671210161  0.00041273639  9.8536443e-05
 39.3982  0.00702268727  0.000469846707  0.000111175837
 39.4281  0.00831336511  0.00053763708  0.000107103248
 39.458  0.00976770729  0.000633297182  0.000108500655
 39.4879  0.0104714054  0.00074557008  0.000130533385
 39.5178  0.0108486044  0.000856368903  0.000152417748
 39.5477  0.0120146581  0.00102732214  0.000147219496
 39.5776  0.0142934651  0.00144667092  0.000167135127
 39.6075  0.015632265  0.00146650925  0.000164520197
 39.6374  0.0165920839  0.00166082188  0.000176484488
 39.6673  0.0174299126  0.00177828569  0.000166929181
 39.6972  0.0181020758  0.00177373999  0.000176450982
 39.7271  0.0190705905  0.00188955283  0.000187600175
 39.757  0.0193169377  0.00186369993  0.000177673815
 39.7869  0.0181451302  0.00191004238  0.000179144418
 39.8168  0.0174855509  0.00224551844  0.000198094287
 39.8467  0.0180338922  0.00284529885  0.0002272976
 39.8766  0.0176382778  0.00294525497  0.000216615483
 39.9065  0.0204259342  0.0036329103  0.000256101777
 39.9364  0.0248000749  0.00449063437  0.00029481625
 39.9663  0.0290199275  0.00592524192  0.000376438419
 39.9962  0.0324376199  0.00824856016  0.000412448529
 40.0261  0.0324054687  0.00805212536  0.000455409939
 40.056  0.0296691425  0.00607669436  0.00041980615
 40.0859  0.0321504826  0.00643634448  0.00042431095
 40.1158  0.0369383486  0.00939056947  0.00050041881
 40.1457  0.0408353375  0.0175076143  0.00070063784
 40.1756  0.0519485547  0.0313371574  0.000864437063
 40.2055  0.0824892881  0.0416151042  0.001140493
 40.2354  0.090807306  0.0393534041  0.00107143855
 40.2653  0.0769809382  0.0300003219  0.000899203798
 40.2952  0.0558462156  0.0239167885  0.000784608509
 40.3251  0.0385958833  0.0158478382  0.000608060308
 40.355  0.0335632433  0.0157318814  0.000591927663
 40.3848  0.0321797203  0.0156846424  0.000745880371
 40.4147  0.0273554503  0.0120242285  0.000870997956
 40.4446  0.028666302  0.0143531663  0.00107339557
 40.4745  0.026341406  0.0102474475  0.000853175966
 40.5044  0.0207112046  0.00986230677  0.000804685521
 40.5343  0.00909264577  0.00440519967  0.000372263896
 40.5642  0.00673367866  0.00109156388  0.000155501001
 40.5941  0.0067211345  0.00105953626  0.000152037583
 40.624  0.00689478585  0.0010449599  0.000156097686
 40.6539  0.00792757344  0.000940000291  0.000156566444
 40.6838  0.00877443766  0.00110217477  0.000168595544
 40.7137  0.00872292526  0.00116792005  0.000174199256
 40.7436  0.00786404023  0.00101170339  0.000166087006
 40.7735  0.00835419184  0.000985516364  0.000157418034
 40.8034  0.00852068225  0.000945181082  0.000152630296
 40.8333  0.00908078514  0.000980350149  0.000159966237
 40.8632  0.00999622521  0.00105559251  0.000161380085
 40.8931  0.00989797583  0.000960574724  0.000139485244
 40.923  0.00953065211  0.000861391294  0.000137933783
 40.9529  0.00918168979  0.000865226959  0.000134629414
 40.9828  0.00838209749  0.000857975847  0.000123064299
 41.0127  0.00728443644  0.000804559896  0.000107556977
 41.0426  0.00693052748  0.000871682493  0.000118790377
 41.0725  0.00663406354  0.000810647644  8.70100825e-05
 41.1024  0.00662023145  0.000807758348  0.000104809661
 41.1323  0.00723337979  0.000822398473  0.000135576144
 41.1622  0.00831940397  0.000830135767  0.000158244357
 41.1921  0.00824710241  0.000907410312  0.00012662871
 41.222  0.00838079767  0.000822023157  0.000116159721
 41.2519  0.00856880569  0.000793576907  0.000145940312
 41.2818  0.00871651665  0.000805612895  0.000127483642
 41.3117  0.00865869436  0.000882571596  0.00014564366
 41.3416  0.00994677111  0.0010162975  0.000146824102
 41.3715  0.00989843478  0.00113874823  0.000144484352
 41.4014  0.00940187359  0.00108179231  0.000141096929
 41.4313  0.00909012183  0.000966850471  0.000106100686
 41.4612  0.00903051164  0.000988409963  0.000111010542
 41.4911  0.00874404565  0.000913725566  0.000100862617
 41.521  0.00797700993  0.000952592015  0.000115945326
 41.5509  0.00726664204  0.000889725258  0.000101727858
 41.5808  0.00672518527  0.000798263621  8.83462928e-05
 41.6107  0.00628891805  0.000662018897  8.53202823e-05
 41.6406  0.00632333526  0.000570416957  8.29374622e-05
 41.6705  0.00708706847  0.000770321181  9.73061668e-05
 41.7004  0.00827706236  0.00103881912  0.000111162401
 41.7303  0.0093421059  0.00114406075  0.000114003737
 41.7602  0.00942185531  0.000937096881  9.95534897e-05
 41.7901  0.00714734403  0.000750720662  8.50338034e-05
 41.82  0.00624694295  0.000630238179  8.29969551e-05
 41.8499  0.0064694206  0.000649497204  7.97098545e-05
 41.8798  0.00684474528  0.000735709057  8.58401242e-05
 41.9097  0.00679611035  0.000842781576  9.16469415e-05
 41.9396  0.00641618943  0.000873868903  8.809242e-05
 41.9695  0.00555036922  0.00073552373  8.53968351e-05
 41.9993  0.0046407025  0.000614292584  7.5850768e-05
 42.0292  0.00397160569  0.000552483049  6.86356337e-05
 42.0591  0.00372472405  0.000481202078  5.76828201e-05
 42.089  0.0044871835  0.000554909173  5.90712724e-05
 42.1189  0.00443458809  0.000582840189  6.43843827e-05
 42.1488  0.00433150269  0.000548672665  6.70270985e-05
 42.1787  0.00484103748  0.000544483227  6.92834269e-05
 42.2086  0.00551929303  0.000696513882  7.44410804e-05
 42.2385  0.00560832874  0.000917151739  8.07901625e-05
 42.2684  0.00549129515  0.000838192927  7.73169468e-05
 42.2983  0.00568725388  0.000790541108  7.54840757e-05
 42.3282  0.0062202657  0.000901698774  7.87219954e-05
 42.3581  0.00695555256  0.00105404246  9.11006958e-05
 42.388  0.00732112617  0.00130874127  0.000106117024
 42.4179  0.00783521742  0.00157034117  0.00012139235
 42.4478  0.00784725482  0.00175688333  0.000127179686
 42.4777  0.00744082617  0.00195453028  0.000136073873
 42.5076  0.00708087096  0.00183564161  0.000141341122
 42.5375  0.00856399491  0.00214064642  0.000152162819
 42.5674  0.00868662138  0.00256978651  0.000158489301
 42.5973  0.00883992035  0.00303657971  0.000172429281
 42.6272  0.00907313998  0.00306664363  0.000173207623
 42.6571  0.0107161429  0.00359696058  0.000206716794
 42.687  0.0104124114  0.00335091174  0.000196432784
 42.7169  0.00901997238  0.00279510551  0.000189845815
 42.7468  0.00743566123  0.0021936553  0.000197957393
 42.7767  0.00707886601  0.00223056521  0.000244146653
 42.8066  0.007857323  0.0020988794  0.000263723275
 42.8365  0.00900461321  0.00259089262  0.000363148183
 42.8664  0.0082689413  0.00253294869  0.000435684401
 42.8963  0.00585570204  0.00206817692  0.000404920372
 42.9262  0.00497975533  0.00272190735  0.00033218757
 42.9561  0.0027304866  0.00044234954  0.000149537494
 42.986  0.00260594347  0.000279949053  0.000108080091
 43.0159  0.00217885327  0.000255355542  8.66452119e-05
 43.0458  0.00198797722  0.000248085896  9.65672114e-05
 43.0757  0.0023868345  0.000224290535  6.75144609e-05
 43.1056  0.00262067431  0.000276393464  9.43752225e-05
 43.1355  0.00257844126  0.000218178004  7.60865911e-05
 43.1654  0.00242854341  0.000180267696  0.000101290224
 43.1953  0.00234995788  0.000118096488  6.55499287e-05
 43.2252  0.0022922345  0.000106472978  5.52092441e-05
 43.2551  0.00226680166  0.000119394388  7.57685835e-05
 43.285  0.00230079471  0.000132590784  0.000101772681
 43.3149  0.00231029899  0.000137559728  0.000130933697
 43.3448  0.00234887623  0.000100613324  9.30921011e-05
 43.3747  0.00247498256  0.000103663783  8.39975429e-05
 43.4046  0.00226917535  0.000142188202  0.000139728839
 43.4345  0.00225886636  0.000145967542  0.000137188605
 43.4644  0.00247951362  0.00015482828  0.000116009702
 43.4943  0.00297531441  0.000182831215  9.49596143e-05
 43.5242  0.00297285677  0.000189716005  9.7221962e-05
 43.5541  0.00268154108  0.000185546389  9.02567105e-05
 43.584  0.00293538565  0.000233043311  9.51447954e-05
 43.6139  0.00340916042  0.000307584972  0.000110937215
 43.6437  0.0039804743  0.000368620975  0.000117374286
 43.6736  0.00440566116  0.00036619724  0.000113777789
 43.7035  0.00452756492  0.000422229337  0.000127357068
 43.7334  0.00461411644  0.000374290065  0.000119577961
 43.7633  0.00449811347  0.00030396506  0.000117978525
 43.7932  0.00458298439  0.00030865889  0.000125732637
 43.8231  0.00491589575  0.000332747396  0.000124833003
 43.853  0.00543148751  0.000386347504  0.000122100563
 43.8829  0.00677164521  0.000579631191  0.000144210066
 43.9128  0.00802691091  0.00080726842  0.000169542639
 43.9427  0.00871827022  0.000974005298  0.000190519376
 43.9726  0.00828050169  0.000945320886  0.000208128294
 44.0025  0.00819251208  0.000841930141  0.000195008944
 44.0324  0.00756282967  0.000755507973  0.000199373073
 44.0623  0.00718976459  0.000804702187  0.000214614603
 44.0922  0.00752107301  0.000937072256  0.000207102831
 44.1221  0.00811579598  0.000904267833  0.000170038763
 44.152  0.00889011758  0.0012777085  0.000184673476
 44.1819  0.0104490895  0.00189597482  0.000249856706
 44.2118  0.0132991481  0.0030031457  0.000344574869
 44.2417  0.0176495468  0.0051368638  0.00047875033
 44.2716  0.0283791076  0.0100437797  0.000701457855
 44.3015  0.0359382485  0.0152863797  0.000900232164
 44.3314  0.0432023264  0.0183781957  0.0011137936
 44.3613  0.0505056481  0.0210799019  0.00130393585
 44.3912  0.055891558  0.0228675522  0.00115798364
 44.4211  0.054256334  0.0255297519  0.00125035582
 44.451  0.0595494187  0.0308360649  0.00184793861
 44.4809  0.0683466098  0.0384625031  0.00181692379
 44.5108  0.0794962518  0.0481761421  0.00218646683
 44.5407  0.0957234482  0.0532306339  0.00286724827
 44.5706  0.0833744955  0.0702448465  0.00297651893
 44.6005  0.0700501472  0.0524984168  0.00340066389
 44.6304  0.0688136232  0.0484537925  0.00580102256
 44.6603  0.0787504212  0.0872498613  0.010463393
 44.6902  0.0810761021  0.0622395089  0.0100888217
 44.7201  0.0860946815  0.0514510469  0.0165177485
 44.75  0.0786703601  0.0399408832  0.00968123423
 44.7799  0.0774847289  0.0411243742  0.0106759674
 44.8098  0.0694524221  0.0483540745  0.00994026666
 44.8397  0.0655221973  0.0953410144  0.00969906683
 44.8696  0.0769770864  0.0390988101  0.0143932476
 44.8995  0.0692994957  0.0534658246  0.00706027503
 44.9294  nan  nan  nan
