# X (m) TKE_avg epsilon_turb_pw_avg_Y_avg epsilon_pw_avg_Y_avg
 33.0305  5.73705514e-05  3.38892964e-06  2.12969337e-06
 33.061  5.55358818e-05  2.67267643e-06  2.86082896e-06
 33.0915  7.16323256e-05  2.00474313e-06  3.97023983e-06
 33.122  8.74123506e-05  4.45723737e-06  6.08245985e-06
 33.1524  8.43676624e-05  1.15464005e-05  9.72606439e-06
 33.1829  0.000126263387  3.58519743e-06  1.328277e-05
 33.2134  0.000180325534  5.98179034e-06  1.75842535e-05
 33.2439  0.00022760485  1.08520167e-05  4.87089273e-05
 33.2744  0.000120330894  9.0206004e-06  7.09097689e-05
 33.3049  0.000127833406  8.0611747e-06  8.78316517e-05
 33.3354  0.000200057823  1.23229445e-05  9.51693216e-05
 33.3659  0.000113478223  1.0228548e-05  7.28552093e-05
 33.3963  0.000102675548  1.17000508e-05  7.09801384e-05
 33.4268  0.000125861727  1.15133051e-05  7.23727684e-05
 33.4573  0.000101054334  6.65624138e-06  5.44145498e-05
 33.4878  0.000141605215  8.19238449e-06  6.43520646e-05
 33.5183  0.000120337119  8.36380838e-06  5.09694657e-05
 33.5488  0.000116432425  6.47597169e-06  4.63187672e-05
 33.5793  0.000147742019  6.27247582e-06  5.3189743e-05
 33.6098  0.000148685068  5.74770841e-06  5.78680256e-05
 33.6403  9.53270317e-05  3.42440247e-06  5.23930664e-05
 33.6707  0.000118141795  4.15822401e-06  6.91903015e-05
 33.7012  0.000159214627  8.1938139e-06  8.44857652e-05
 33.7317  0.000139386846  1.16180992e-05  8.63392306e-05
 33.7622  0.000224528096  1.66203036e-05  0.000119410866
 33.7927  0.000134990474  1.2412792e-05  0.000110944679
 33.8232  0.000182100608  8.63526855e-06  8.07217147e-05
 33.8537  7.33157457e-05  6.00833178e-06  5.59122605e-05
 33.8842  6.76266345e-05  6.51131114e-06  4.41018382e-05
 33.9146  8.33853271e-05  5.97996695e-06  3.35543525e-05
 33.9451  8.10617719e-05  4.81123433e-06  2.55481709e-05
 33.9756  7.2145217e-05  5.4013373e-06  2.02086526e-05
 34.0061  7.00978993e-05  6.30214148e-06  1.65929915e-05
 34.0366  5.68397532e-05  5.472153e-06  1.25457406e-05
 34.0671  4.34029824e-05  3.31169541e-06  7.29958527e-06
 34.0976  4.7966817e-05  4.84597634e-06  7.18262126e-06
 34.1281  4.41508361e-05  3.14694911e-06  4.1468205e-06
 34.1586  4.43051015e-05  3.07439804e-06  4.4654102e-06
 34.189  4.74775461e-05  4.49136362e-06  6.55357196e-06
 34.2195  5.19755745e-05  4.22804235e-06  6.05485464e-06
 34.25  6.01795049e-05  5.09172532e-06  6.6939445e-06
 34.2805  7.16282167e-05  6.78860534e-06  8.38696704e-06
 34.311  7.97842797e-05  7.75119118e-06  7.21075836e-06
 34.3415  8.76286386e-05  5.51653966e-06  5.1597488e-06
 34.372  9.73236512e-05  6.91744688e-06  5.80040197e-06
 34.4025  9.54469667e-05  7.85822573e-06  5.82201523e-06
 34.4329  0.000101789345  1.0590273e-05  8.19483641e-06
 34.4634  0.000108919905  8.65279104e-06  8.4313836e-06
 34.4939  0.000142922227  9.00305404e-06  8.58404993e-06
 34.5244  0.000170005862  2.73912908e-05  1.49057885e-05
 34.5549  0.000226482788  4.41922304e-05  1.72368125e-05
 34.5854  0.000228546337  2.8031777e-05  1.44703512e-05
 34.6159  0.00019192681  2.38071807e-05  7.71703815e-06
 34.6464  0.000210576435  1.7769455e-05  5.44368222e-06
 34.6769  0.000274269186  3.05869516e-05  7.1338258e-06
 34.7073  0.00028234018  3.11027199e-05  8.32173969e-06
 34.7378  0.000258823249  2.12558108e-05  7.95058532e-06
 34.7683  0.000293056638  1.56967268e-05  7.8101378e-06
 34.7988  0.000254155463  1.0992687e-05  7.02556906e-06
 34.8293  0.000236514369  1.5892022e-05  1.0907392e-05
 34.8598  0.000226467746  1.65892927e-05  9.6600101e-06
 34.8903  0.000216880494  1.77179168e-05  1.52565415e-05
 34.9208  0.000218805198  1.396259e-05  1.39952115e-05
 34.9512  0.000240562814  1.56687905e-05  1.19753082e-05
 34.9817  0.000250259924  1.58667232e-05  8.91278362e-06
 35.0122  0.000259249495  1.26891129e-05  7.09998392e-06
 35.0427  0.000273351987  1.07968212e-05  7.73333564e-06
 35.0732  0.000270347419  1.08376578e-05  7.67917851e-06
 35.1037  0.000267208879  1.99143787e-05  9.48904974e-06
 35.1342  0.000233325177  1.98704486e-05  7.94956162e-06
 35.1647  0.000223334088  1.22402234e-05  4.38622401e-06
 35.1952  0.000231822465  6.85071695e-06  4.20437327e-06
 35.2256  0.000243102305  6.94479544e-06  5.39098643e-06
 35.2561  0.000277478619  8.67793706e-06  6.1039627e-06
 35.2866  0.000276698368  9.59424593e-06  5.73563176e-06
 35.3171  0.000263761805  7.99852731e-06  5.81510337e-06
 35.3476  0.000244003422  7.71638655e-06  5.8501597e-06
 35.3781  0.000237628345  7.72950158e-06  5.52382794e-06
 35.4086  0.00023984443  7.73624632e-06  5.23319581e-06
 35.4391  0.000226592418  6.9517434e-06  5.6052521e-06
 35.4695  0.000208827801  5.55796692e-06  4.5326443e-06
 35.5  0.000213669593  5.29744455e-06  5.27629889e-06
 35.5305  0.000222189659  5.63479103e-06  6.31678149e-06
 35.561  0.000240413482  6.37013537e-06  6.94410511e-06
 35.5915  0.000250178366  5.27802398e-06  5.6077467e-06
 35.622  0.00027031147  6.59704748e-06  8.53981082e-06
 35.6525  0.000279416043  7.19098425e-06  7.71483936e-06
 35.683  0.000269218187  6.93611455e-06  7.71952952e-06
 35.7135  0.000253113341  5.92473027e-06  7.86291683e-06
 35.7439  0.000222332957  5.02900813e-06  8.02600908e-06
 35.7744  0.000225064904  5.5159856e-06  9.23477794e-06
 35.8049  0.000228358778  7.71005366e-06  1.06050148e-05
 35.8354  0.000238815704  1.15200949e-05  1.37916294e-05
 35.8659  0.000243659011  1.26495798e-05  1.59039162e-05
 35.8964  0.000243954933  8.51089747e-06  1.53309818e-05
 35.9269  0.00024738925  8.10124199e-06  1.43856445e-05
 35.9574  0.000257306832  1.18029863e-05  1.80042031e-05
 35.9878  0.000267463749  1.21016817e-05  1.89948873e-05
 36.0183  0.000288951605  9.50213608e-06  1.29710117e-05
 36.0488  0.000317129145  9.55119237e-06  1.56909185e-05
 36.0793  0.0003094229  8.81167735e-06  1.3450828e-05
 36.1098  0.00029505803  2.19102926e-05  2.76505679e-05
 36.1403  0.00029388344  3.11913805e-05  3.51431901e-05
 36.1708  0.000317022919  1.9991025e-05  2.29286327e-05
 36.2013  0.000364665597  2.23753103e-05  2.65848307e-05
 36.2318  0.000398574945  3.66083172e-05  4.03437426e-05
 36.2622  0.000391739134  2.20248448e-05  3.58985035e-05
 36.2927  0.00040413625  1.89133738e-05  2.87653652e-05
 36.3232  0.000424985401  2.20011785e-05  3.48273632e-05
 36.3537  0.000439969158  2.15832625e-05  2.67960131e-05
 36.3842  0.000440702828  2.64196029e-05  2.88600496e-05
 36.4147  0.000417584881  2.07272831e-05  2.76285951e-05
 36.4452  0.000401285514  1.7014985e-05  2.48998351e-05
 36.4757  0.000386447659  1.9196349e-05  2.96042374e-05
 36.5061  0.000393591958  1.91839318e-05  2.83869784e-05
 36.5366  0.000382792431  1.71486159e-05  2.65078102e-05
 36.5671  0.000386793634  1.71115397e-05  2.96267761e-05
 36.5976  0.000396825669  1.84983629e-05  3.23315249e-05
 36.6281  0.000412408905  2.01108242e-05  3.16612876e-05
 36.6586  0.000454464272  2.3107306e-05  3.34888619e-05
 36.6891  0.000497410111  2.65857309e-05  3.59723243e-05
 36.7196  0.000558002449  3.58189488e-05  3.63722991e-05
 36.7501  0.000604036617  3.74517773e-05  3.76876426e-05
 36.7805  0.000532611115  3.38526172e-05  3.49724955e-05
 36.811  0.000489459789  3.25757684e-05  3.49025108e-05
 36.8415  0.00046364482  3.341853e-05  3.36804777e-05
 36.872  0.000453049315  3.41819905e-05  2.87744041e-05
 36.9025  0.000450528179  3.33633382e-05  3.0823786e-05
 36.933  0.000407091415  2.88408627e-05  2.39454934e-05
 36.9635  0.000406621616  3.46238307e-05  1.96178105e-05
 36.994  0.000380403453  3.77934862e-05  1.52845464e-05
 37.0244  0.000377290499  4.14784637e-05  1.5671134e-05
 37.0549  0.000393098241  3.66266379e-05  1.42063766e-05
 37.0854  0.000402532545  3.28252078e-05  1.47253114e-05
 37.1159  0.00041356531  3.052375e-05  1.52077e-05
 37.1464  0.000390633639  2.39557095e-05  1.39315982e-05
 37.1769  0.000453477413  2.53350743e-05  1.65516379e-05
 37.2074  0.000490675331  2.25905446e-05  1.46875229e-05
 37.2379  0.000566836999  3.33024742e-05  1.67326275e-05
 37.2684  0.000561331942  3.89926072e-05  1.83392353e-05
 37.2988  0.000554950059  3.69816895e-05  2.11855797e-05
 37.3293  0.000563104836  3.5885902e-05  2.68516296e-05
 37.3598  0.000576669899  4.53856284e-05  2.53130238e-05
 37.3903  0.000565245295  4.52774424e-05  2.59475716e-05
 37.4208  0.000543838045  3.28793618e-05  2.46148892e-05
 37.4513  0.000526523199  2.56414485e-05  2.54227991e-05
 37.4818  0.00050467509  2.46019463e-05  2.77511393e-05
 37.5123  0.000518769439  3.09168063e-05  3.55576356e-05
 37.5427  0.000557982667  4.43289327e-05  3.91822369e-05
 37.5732  0.00064186169  7.15619571e-05  5.01590945e-05
 37.6037  0.000650644835  7.33987884e-05  4.48778035e-05
 37.6342  0.000679618305  6.59391725e-05  3.65618776e-05
 37.6647  0.00064454904  6.39338467e-05  2.7634962e-05
 37.6952  0.000719831263  7.17945013e-05  5.90719516e-05
 37.7257  0.000760881083  0.000157163626  2.87561852e-05
 37.7562  0.00076617155  0.000115198606  3.50215025e-05
 37.7867  0.000729798554  5.44471634e-05  3.61123148e-05
 37.8171  0.0007658111  4.38125269e-05  3.09102831e-05
 37.8476  0.000823696981  5.50147346e-05  4.35421211e-05
 37.8781  0.000813565721  7.61111894e-05  4.79891652e-05
 37.9086  0.000785325736  5.8743742e-05  5.40828105e-05
 37.9391  0.000819749954  4.23131776e-05  3.37261321e-05
 37.9696  0.000901655766  6.00105418e-05  4.64651556e-05
 38.0001  0.00097567161  3.98024356e-05  2.87034903e-05
 38.0306  0.000821202427  3.18261282e-05  2.94804837e-05
 38.061  0.000725437254  4.33538659e-05  3.94603051e-05
 38.0915  0.000646278598  4.58090378e-05  4.63008203e-05
 38.122  0.000536646353  2.60577594e-05  4.20665831e-05
 38.1525  0.000438707233  1.92774124e-05  3.33382279e-05
 38.183  0.000396540326  1.2339186e-05  3.42166482e-05
 38.2135  0.000373152272  7.72832081e-06  3.05915232e-05
 38.244  0.000351583652  8.83799548e-06  4.39920376e-05
 38.2745  0.000373452134  1.54813409e-05  5.08297085e-05
 38.305  0.000448056429  2.62227274e-05  5.00277008e-05
 38.3354  0.000564131129  3.21898678e-05  5.20791888e-05
 38.3659  0.000640594423  2.78701641e-05  5.07539482e-05
 38.3964  0.000647126427  2.63426052e-05  4.5424069e-05
 38.4269  0.000670271836  2.48798744e-05  4.98734245e-05
 38.4574  0.000701638737  2.26831755e-05  7.1426405e-05
 38.4879  0.00080490768  2.87488761e-05  6.04837493e-05
 38.5184  0.000827899522  1.99269099e-05  4.52536255e-05
 38.5489  0.000842262157  1.74334189e-05  3.64151287e-05
 38.5793  0.000862541917  2.78912071e-05  6.71463145e-05
 38.6098  0.000911858409  3.29851686e-05  6.65276525e-05
 38.6403  0.00101477756  3.07408678e-05  4.98267512e-05
 38.6708  0.0010128506  3.06989774e-05  5.429988e-05
 38.7013  0.00110806861  5.49231066e-05  8.27684459e-05
 38.7318  0.00116948761  8.27474262e-05  0.000126019583
 38.7623  0.0011905827  8.53135077e-05  0.000132958089
 38.7928  0.00114623215  5.09981618e-05  8.15118904e-05
 38.8233  0.00104906671  8.18098951e-05  9.64911512e-05
 38.8537  0.00103777131  6.53561359e-05  8.43594231e-05
 38.8842  0.00122733662  6.0292331e-05  9.12329977e-05
 38.9147  0.00135786583  6.99907961e-05  0.00011825697
 38.9452  0.0013645583  6.50412227e-05  0.000106924758
 38.9757  0.0014225762  0.0001069915  0.000126650737
 39.0062  0.00176303277  0.000121536283  0.000119930659
 39.0367  0.00240458752  0.000168937525  0.000132215768
 39.0672  0.00297308816  0.000192272603  9.30172409e-05
 39.0976  0.00350399983  0.000251009606  0.000110774707
 39.1281  0.00420252331  0.000284031383  0.000112120458
 39.1586  0.00429302928  0.000307527406  0.000119658749
 39.1891  0.00476395389  0.000314266045  9.02388746e-05
 39.2196  0.00558912198  0.000342900767  9.20827294e-05
 39.2501  0.00644093433  0.000326770316  8.01402242e-05
 39.2806  0.00661017767  0.000292823495  9.08755012e-05
 39.3111  0.00611196311  0.000373489796  8.84220393e-05
 39.3416  0.00648594676  0.000494832891  0.000102913442
 39.372  0.00743157333  0.000554118434  9.32943725e-05
 39.4025  0.0083393324  0.000589091256  0.000113579233
 39.433  0.0089386263  0.000592408747  0.00011352813
 39.4635  0.00869298968  0.000559632512  0.000108747208
 39.494  0.00928527641  0.00058303899  0.000115887477
 39.5245  0.0101503288  0.000740603484  0.000132256459
 39.555  0.011473432  0.000939925017  0.000133735114
 39.5855  0.0128961871  0.0011052652  0.000130830846
 39.6159  0.0129918711  0.00125845028  0.000152802827
 39.6464  0.0141386208  0.00139501818  0.000161228052
 39.6769  0.0150241871  0.00146644709  0.000159488066
 39.7074  0.0151139363  0.00144597387  0.000159507761
 39.7379  0.0148778118  0.00139100416  0.000158317222
 39.7684  0.0152133282  0.00136393162  0.000155484157
 39.7989  0.0140537419  0.0014285691  0.000157997881
 39.8294  0.0128588501  0.00135772283  0.000165998565
 39.8599  0.011887992  0.00135370572  0.000141748783
 39.8903  0.0115459956  0.00142465681  0.000136612076
 39.9208  0.0114006155  0.00111228615  0.000126501407
 39.9513  0.0124314926  0.0010793995  0.000129233987
 39.9818  0.0140047503  0.00119651443  0.000134547851
 40.0123  0.0170373387  0.00121393696  0.000132756149
 40.0428  0.0205618813  0.00134033263  0.000168691564
 40.0733  0.0226130335  0.00162193962  0.00018429241
 40.1038  0.0187585519  0.00208753026  0.000193194254
 40.1342  0.0150554822  0.00194378849  0.000172011641
 40.1647  0.013458675  0.00178182899  0.000175666175
 40.1952  0.0131644822  0.00152821642  0.000216530679
 40.2257  0.0136053738  0.00128633509  0.000146412824
 40.2562  0.0142152474  0.00168306529  0.000151619831
 40.2867  0.0212486924  0.00305217048  0.000169165172
 40.3172  0.0256356387  0.00566325616  0.000236833779
 40.3477  0.0288116953  0.00849839576  0.000332680962
 40.3782  0.0355645563  0.0118726543  0.000457840128
 40.4086  0.0485666141  0.0134394525  0.000571966428
 40.4391  0.0627003526  0.0199223844  0.000682851552
 40.4696  0.0659832448  0.0208248595  0.000657862316
 40.5001  0.0617952993  0.0200087148  0.00061825256
 40.5306  0.0525176576  0.0185670073  0.000588381835
 40.5611  0.0373346422  0.0147131969  0.000511655477
 40.5916  0.0240349821  0.00854373036  0.000327064598
 40.6221  0.0221977516  0.00617548591  0.000289534028
 40.6525  0.0232811162  0.00597217155  0.00031335701
 40.683  0.0244303455  0.00840536684  0.000397636347
 40.7135  0.0237163811  0.0112155457  0.000480288944
 40.744  0.0213540372  0.00766142449  0.000372811887
 40.7745  0.024151809  0.00785088022  0.000418221994
 40.805  0.0325127358  0.013212711  0.000642379728
 40.8355  0.03528574  0.0154610145  0.00065902918
 40.866  0.0294134521  0.0119822747  0.000486625029
 40.8965  0.0185096195  0.00359697318  0.000306379938
 40.9269  0.0160812226  0.00479032724  0.000348280023
 40.9574  0.0144617522  0.00407463561  0.000359941332
 40.9879  0.0132891918  0.00321831062  0.000408333725
 41.0184  0.0142080239  0.00387937177  0.000503891527
 41.0489  0.0131694964  0.00409107743  0.000463142843
 41.0794  0.0139624123  0.00347224674  0.000473572443
 41.1099  0.0145697627  0.00309534817  0.000521359323
 41.1404  0.0132294782  0.00301863109  0.000460941419
 41.1708  0.0135718338  0.0040729398  0.000531760289
 41.2013  0.0122540697  0.00384424138  0.000497129838
 41.2318  0.0127465471  0.0035544833  0.000459024767
 41.2623  0.0120999855  0.00291544206  0.00038276472
 41.2928  0.00951226723  0.00154303537  0.000251785266
 41.3233  0.0084301268  0.000934531102  0.000194068297
 41.3538  0.00834647794  0.000731147667  0.000175848435
 41.3843  0.00810164175  0.000836964229  0.000167993988
 41.4148  0.00778141111  0.000884363758  0.000168135763
 41.4452  0.00695897606  0.000795980471  0.000112594034
 41.4757  0.00644621046  0.000645709652  0.000135157959
 41.5062  0.0065745673  0.000580226776  0.000133447249
 41.5367  0.00652984879  0.000621694711  0.00014250265
 41.5672  0.00588545782  0.000552127329  0.000164165484
 41.5977  0.00571348095  0.000472511408  0.000100260825
 41.6282  0.00575021735  0.000487023987  0.000111922309
 41.6587  0.0064668635  0.000539660095  0.000131109754
 41.6891  0.00780695131  0.000596343468  0.000142595012
 41.7196  0.00849044704  0.000745818155  0.000113724159
 41.7501  0.00765950126  0.000654007191  0.000107596855
 41.7806  0.00648310342  0.000548868767  0.000105424858
 41.8111  0.00562110225  0.000486060241  0.000109097545
 41.8416  0.00537841519  0.000482075711  8.30197006e-05
 41.8721  0.0054633273  0.000560853701  8.23902422e-05
 41.9026  0.00558958547  0.000594984492  9.61649369e-05
 41.9331  0.00541908093  0.00055189458  0.000104112382
 41.9635  0.00474224624  0.000478704663  9.4137951e-05
 41.994  0.00401976281  0.000434492107  7.85195731e-05
 42.0245  0.00348079044  0.000388303057  7.27705473e-05
 42.055  0.00295332342  0.000294237687  6.43975774e-05
 42.0855  0.00329853694  0.000296401323  6.11871408e-05
 42.116  0.00374511464  0.000339994008  6.23359953e-05
 42.1465  0.00411216826  0.000399159997  6.76172563e-05
 42.177  0.00427563698  0.000434523208  6.62062745e-05
 42.2074  0.00421571741  0.000470092752  6.69859984e-05
 42.2379  0.00428063027  0.0004547845  6.04292652e-05
 42.2684  0.00466894797  0.000480667841  6.09067566e-05
 42.2989  0.00509683754  0.000548342842  6.56654314e-05
 42.3294  0.00546026582  0.000653165207  7.218489e-05
 42.3599  0.00530756585  0.000550413775  6.15927341e-05
 42.3904  0.00589483502  0.000685441474  6.82073486e-05
 42.4209  0.00633779713  0.000796940503  7.053027e-05
 42.4514  0.00671254748  0.000861580115  7.52594838e-05
 42.4818  0.00691935178  0.000915825659  8.27248462e-05
 42.5123  0.00630896495  0.000876872648  7.99656163e-05
 42.5428  0.00517449097  0.000842392411  7.40375746e-05
 42.5733  0.00467079294  0.000824992744  6.83533337e-05
 42.6038  0.00475083569  0.00086604233  7.08711346e-05
 42.6343  0.00529582348  0.00097341523  7.67145811e-05
 42.6648  0.00626119777  0.00126700562  8.43184936e-05
 42.6953  0.00561039085  0.000911237485  8.23616521e-05
 42.7257  0.00534789551  0.00101947796  7.96998118e-05
 42.7562  0.00469075305  0.000896597204  7.55962158e-05
 42.7867  0.00464062155  0.000758463862  7.62217706e-05
 42.8172  0.00541550738  0.000850056567  8.38285871e-05
 42.8477  0.0059972658  0.00140599983  9.30819731e-05
 42.8782  0.00441022125  0.000767180749  7.89120057e-05
 42.9087  0.00400257587  0.000741209726  8.14983243e-05
 42.9392  0.00431113689  0.00104335596  9.09567484e-05
 42.9697  0.004923685  0.00132201291  0.000104904197
 43.0001  0.00689916025  0.00171089305  0.000138102365
 43.0306  0.00893149622  0.00280552859  0.000179054316
 43.0611  0.00970350642  0.00293917036  0.000186993134
 43.0916  0.0104267519  0.00298684713  0.000191053431
 43.1221  0.0107953542  0.00290061124  0.00019524609
 43.1526  0.011126433  0.00281291411  0.000219100558
 43.1831  0.0088672707  0.00311908035  0.000281835738
 43.2136  0.00957477231  0.00360400124  0.000351319025
 43.244  0.00985469573  0.00320666457  0.000422113446
 43.2745  0.00913094681  0.0024441397  0.000490851333
 43.305  0.0064533944  0.0020383462  0.000535403295
 43.3355  0.00587542426  0.00244589562  0.000568731893
 43.366  0.00473529639  0.00175044329  0.000449697838
 43.3965  0.00405577945  0.00106523502  0.000416916553
 43.427  0.0038593883  0.00064073877  0.000392086542
 43.4575  0.00386801755  0.000750828884  0.000359171119
 43.488  0.00298590327  0.00043006915  0.000261543493
 43.5184  0.00292575727  0.00039354741  0.000224363541
 43.5489  0.00289509122  0.000259395177  0.000151289982
 43.5794  0.00336166882  0.000240943742  0.000139902963
 43.6099  0.00370629596  0.00026389224  0.000148164795
 43.6404  0.00417854193  0.000279256137  0.000168386351
 43.6709  0.00390901334  0.000310792136  0.000163196133
 43.7014  0.00416070621  0.000327683898  0.000142692032
 43.7319  0.00432382203  0.000360401948  0.000168806158
 43.7623  0.00425128205  0.000328163053  0.000148017673
 43.7928  0.00455109694  0.000337014191  0.00014456719
 43.8233  0.00538465478  0.000392030494  0.00012386575
 43.8538  0.00648828356  0.000496531492  0.000144941581
 43.8843  0.00670619169  0.000545177119  0.000158105459
 43.9148  0.00662101986  0.000566883638  0.000187823112
 43.9453  0.0068843711  0.000563102093  0.000219746429
 43.9758  0.00634448277  0.000539339204  0.000266037247
 44.0063  0.00618415603  0.000507241196  0.00022542249
 44.0367  0.00608164751  0.000533564068  0.000221012867
 44.0672  0.0068897552  0.000692190683  0.000210105956
 44.0977  0.00734394506  0.000857419493  0.000202045606
 44.1282  0.00661579518  0.000902957976  0.000147012847
 44.1587  0.00694982655  0.00118086046  0.000144334052
 44.1892  0.00852493498  0.00145225191  0.000165023275
 44.2197  0.0104919431  0.00196712265  0.000200846211
 44.2502  0.0132471208  0.00278770295  0.00025867934
 44.2806  0.0156715574  0.00317688411  0.000298581996
 44.3111  0.0151324288  0.00391703854  0.00033750777
 44.3416  0.017117634  0.00393080323  0.000418559848
 44.3721  0.018036104  0.00524932857  0.000417609484
 44.4026  0.0188725473  0.00671689245  0.000486014601
 44.4331  0.0205634306  0.0061715059  0.000544911914
 44.4636  0.0219022054  0.00606193423  0.000619620043
 44.4941  0.019980453  0.00506755402  0.000490038042
 44.5246  0.019531664  0.00544723509  0.00058720116
 44.555  0.0207238701  0.00657188407  0.00059905304
 44.5855  0.022356526  0.00803720027  0.000793384639
 44.616  0.0217423367  0.00609390319  0.00084675348
 44.6465  0.0229207318  0.0071944577  0.000939150606
 44.677  0.0226823403  0.00680916871  0.000821853483
 44.7075  0.0224992554  0.00635920235  0.00154403709
 44.738  0.0230391809  0.00535214097  0.00117640782
 44.7685  0.0209546711  0.00591985591  0.001790451
 44.7989  0.0213934927  0.00663035902  0.0021401702
 44.8294  0.0213658532  0.009669292  0.00314465557
 44.8599  0.0227429087  0.012089115  0.00528987638
 44.8904  0.0226939382  0.0122631314  0.006071477
 44.9209  0.0150591354  0.010172181  0.00449049703
 44.9514  0.0138604204  0.00520224429  0.00251113398
 44.9819  0.0165312206  0.0118543478  0.00471440435
 45.0124  0.0168810712  0.012110491  0.00759185601
 45.0429  0.0183051871  0.0149291525  0.00887023381
 45.0733  0.022678854  0.0101939743  0.00656837974
 45.1038  0.0304887972  0.0117161636  0.00977689179
 45.1343  nan  nan  nan
 45.1648  nan  nan  nan
