# X (m) TKE_avg epsilon_turb_pw_avg_Y_avg epsilon_pw_avg_Y_avg
 33.0309  8.74484689e-05  0.188300191  0.0379438193
 33.0618  7.47060871e-05  0.011229413  0.00157128434
 33.0928  8.62350414e-05  0.00211110414  0.000296808391
 33.1237  8.48579923e-05  2.54964415e-06  3.41024453e-06
 33.1546  9.44773945e-05  5.092325e-06  4.80510173e-06
 33.1855  0.000126258206  1.30873719e-05  6.54158167e-06
 33.2164  0.000101259766  6.07209176e-06  6.20696054e-06
 33.2474  7.73736127e-05  5.78297187e-06  8.52820988e-06
 33.2783  6.36829722e-05  2.52818937e-06  4.92977428e-06
 33.3092  7.50075086e-05  3.50987664e-06  5.90678148e-06
 33.3401  6.32982205e-05  1.9423171e-06  5.13460804e-06
 33.3711  7.1115229e-05  2.20792115e-06  4.76394715e-06
 33.402  7.34817685e-05  2.93728484e-06  4.45283522e-06
 33.4329  7.55620647e-05  2.74216116e-06  3.56891615e-06
 33.4638  7.26699539e-05  1.97946468e-06  2.84702496e-06
 33.4947  7.38830762e-05  9.54941359e-07  2.94640632e-06
 33.5257  6.4546488e-05  1.03148989e-06  4.33078384e-06
 33.5566  6.74751688e-05  1.49255987e-06  5.04990765e-06
 33.5875  7.30650817e-05  2.21441049e-06  5.30764491e-06
 33.6184  7.68584535e-05  2.35210207e-06  4.66656276e-06
 33.6493  8.21407946e-05  2.16862971e-06  4.27989662e-06
 33.6803  9.28844006e-05  2.12395115e-06  4.01912299e-06
 33.7112  9.50998693e-05  1.23218933e-06  3.48390318e-06
 33.7421  9.67590264e-05  1.76826769e-06  4.78931654e-06
 33.773  8.83235246e-05  2.38582075e-06  5.61779857e-06
 33.804  8.36667295e-05  2.60660653e-06  5.77238976e-06
 33.8349  9.07761791e-05  2.78251299e-06  5.38820708e-06
 33.8658  9.13848251e-05  2.1558948e-06  4.81337253e-06
 33.8967  8.48773291e-05  1.66052699e-06  4.37967281e-06
 33.9276  7.70838002e-05  1.69461407e-06  5.48050282e-06
 33.9586  7.64333653e-05  2.71288216e-06  6.92535302e-06
 33.9895  7.5318123e-05  2.13312543e-06  5.50238298e-06
 34.0204  7.69150191e-05  2.09150789e-06  6.01487465e-06
 34.0513  6.81360529e-05  2.19598137e-06  6.44097881e-06
 34.0822  6.93947969e-05  3.20303682e-06  8.81262087e-06
 34.1132  6.94646154e-05  3.00295891e-06  7.73685444e-06
 34.1441  7.05888735e-05  3.10970122e-06  7.62563074e-06
 34.175  7.13553599e-05  3.19325236e-06  7.39950046e-06
 34.2059  7.31741372e-05  3.70823209e-06  8.6346846e-06
 34.2368  7.28722408e-05  2.90567365e-06  8.42479511e-06
 34.2678  7.54259203e-05  5.0868839e-06  1.2948082e-05
 34.2987  7.71385807e-05  2.98166961e-06  9.3187932e-06
 34.3296  8.72264458e-05  2.85153439e-06  1.08406628e-05
 34.3605  8.02164389e-05  2.43834917e-06  1.03053229e-05
 34.3915  8.40871065e-05  2.73592566e-06  1.17772671e-05
 34.4224  6.95532024e-05  4.12215994e-06  1.10242614e-05
 34.4533  8.13970727e-05  3.04370339e-06  1.1203685e-05
 34.4842  9.07960933e-05  4.39816012e-06  1.87090977e-05
 34.5151  8.9321885e-05  4.96745886e-06  2.18376701e-05
 34.5461  8.30096473e-05  4.82941672e-06  2.1690254e-05
 34.577  8.65489176e-05  3.58200317e-06  2.1746248e-05
 34.6079  0.000101370234  5.90266394e-06  2.65121382e-05
 34.6388  9.45279247e-05  6.52152378e-06  2.50140662e-05
 34.6697  9.37918538e-05  4.86191329e-06  1.99391729e-05
 34.7007  8.86760431e-05  5.41908466e-06  1.82624783e-05
 34.7316  9.22574972e-05  5.29132433e-06  1.7918629e-05
 34.7625  0.000111287159  6.58793133e-06  2.03048466e-05
 34.7934  0.000117697558  9.80038415e-06  2.02563225e-05
 34.8243  0.000124649964  9.20614225e-06  1.5917265e-05
 34.8553  0.000136444651  8.36344388e-06  1.61160366e-05
 34.8862  0.000137334163  7.99023098e-06  1.58772084e-05
 34.9171  0.000146033372  1.34444947e-05  1.29107619e-05
 34.948  0.000131288885  8.55301249e-06  8.93380865e-06
 34.979  0.0001554248  1.00061439e-05  1.00084458e-05
 35.0099  0.000149687759  1.37712515e-05  8.25552523e-06
 35.0408  0.000146173618  1.57739829e-05  7.09696649e-06
 35.0717  0.000135104492  1.16031896e-05  6.44002006e-06
 35.1026  0.000111755546  7.04391467e-06  6.02274145e-06
 35.1336  0.000103939452  8.66980342e-06  6.11266231e-06
 35.1645  0.000105909106  9.6311338e-06  5.91909392e-06
 35.1954  0.000109837233  9.71060086e-06  5.62331232e-06
 35.2263  0.000104107704  8.09773208e-06  4.98335818e-06
 35.2572  8.5865442e-05  5.34094039e-06  4.3434282e-06
 35.2882  8.38901735e-05  4.12334813e-06  4.10178202e-06
 35.3191  7.94827825e-05  5.29621285e-06  4.35762939e-06
 35.35  7.27324936e-05  6.3349708e-06  4.74609091e-06
 35.3809  6.95841339e-05  5.61424026e-06  4.73319242e-06
 35.4119  6.42339961e-05  3.96573747e-06  4.75910271e-06
 35.4428  7.4728608e-05  4.33885449e-06  5.89852384e-06
 35.4737  6.76732369e-05  5.40307624e-06  7.16252648e-06
 35.5046  6.333314e-05  3.73117723e-06  6.11092288e-06
 35.5355  7.37555509e-05  4.84218133e-06  8.40709082e-06
 35.5665  7.35779115e-05  6.33415471e-06  8.62726297e-06
 35.5974  7.10533955e-05  7.59792528e-06  7.75054775e-06
 35.6283  7.75155499e-05  6.96384871e-06  9.89257734e-06
 35.6592  7.46535282e-05  4.53508175e-06  7.32872323e-06
 35.6901  7.12550368e-05  4.00187031e-06  6.34217187e-06
 35.7211  7.80227332e-05  4.95954086e-06  7.24984544e-06
 35.752  8.24100563e-05  7.13758698e-06  8.70950144e-06
 35.7829  8.36619892e-05  9.46682057e-06  8.28212232e-06
 35.8138  7.80666029e-05  5.04111759e-06  8.84880875e-06
 35.8447  7.75541348e-05  8.14549093e-06  1.09404477e-05
 35.8757  8.03998389e-05  8.50397196e-06  9.65676831e-06
 35.9066  7.71156364e-05  5.08711396e-06  6.28461559e-06
 35.9375  7.61299775e-05  2.05333885e-06  4.74588625e-06
 35.9684  7.79503939e-05  3.1592255e-06  5.88558788e-06
 35.9994  8.53425042e-05  7.30256446e-06  8.59828847e-06
 36.0303  8.2806255e-05  8.32426035e-06  1.14284092e-05
 36.0612  7.83785596e-05  2.95619465e-06  6.58309048e-06
 36.0921  8.94079544e-05  4.00395117e-06  8.14032318e-06
 36.123  0.000106099623  5.85443179e-06  8.41505345e-06
 36.154  0.000108797899  1.39042008e-05  1.72808811e-05
 36.1849  0.00013493161  1.08126349e-05  1.39869742e-05
 36.2158  0.000148610706  1.31061679e-05  1.10014159e-05
 36.2467  0.000125060908  1.82750895e-05  1.4883435e-05
 36.2776  0.00011132845  1.22280491e-05  1.26045077e-05
 36.3086  0.000120277383  8.61899562e-06  1.5724329e-05
 36.3395  0.000106181151  5.08937869e-06  1.17680914e-05
 36.3704  0.000104546301  3.95592854e-06  9.22866249e-06
 36.4013  0.000119201299  9.14424441e-06  1.43331689e-05
 36.4323  0.000129965962  1.02090391e-05  1.37084782e-05
 36.4632  0.000124675761  1.19805431e-05  9.67897249e-06
 36.4941  8.13847463e-05  4.8107765e-06  7.88966982e-06
 36.525  7.42265362e-05  5.05970751e-06  7.34615325e-06
 36.5559  6.60347579e-05  6.37132008e-06  8.01086284e-06
 36.5869  5.49752854e-05  8.19880354e-06  8.77373004e-06
 36.6178  4.77786227e-05  3.20317234e-06  6.33232144e-06
 36.6487  4.81982193e-05  3.32536602e-06  6.53365654e-06
 36.6796  5.11235929e-05  3.5307878e-06  7.01678538e-06
 36.7105  5.60947049e-05  4.43882385e-06  7.78678981e-06
 36.7415  5.88072261e-05  2.27641811e-06  7.05279061e-06
 36.7724  6.33724487e-05  2.51049687e-06  8.30279364e-06
 36.8033  7.47577869e-05  2.96189762e-06  7.25909431e-06
 36.8342  7.15259233e-05  2.81845741e-06  5.98361759e-06
 36.8651  7.41670153e-05  2.61825242e-06  8.39746715e-06
 36.8961  7.6813544e-05  3.6545961e-06  1.01150976e-05
 36.927  8.02050214e-05  2.97425571e-06  9.92451109e-06
 36.9579  8.66134075e-05  1.55630142e-06  6.48080484e-06
 36.9888  9.85036166e-05  2.10003199e-06  6.56740944e-06
 37.0198  9.90361381e-05  2.86431301e-06  7.03658638e-06
 37.0507  9.54179571e-05  7.3688273e-06  1.40733385e-05
 37.0816  9.61027651e-05  2.49989322e-06  1.00631946e-05
 37.1125  9.92703763e-05  1.66501076e-06  1.31483778e-05
 37.1434  0.000106716757  2.41341271e-06  1.56763999e-05
 37.1744  0.000104679572  3.99374469e-06  1.13294684e-05
 37.2053  9.31868365e-05  4.23967166e-06  1.19792879e-05
 37.2362  9.35166877e-05  6.17547985e-06  1.75729701e-05
 37.2671  8.4370856e-05  1.04568507e-05  2.94330389e-05
 37.298  7.82314148e-05  5.51651558e-06  2.46252121e-05
 37.329  9.97320321e-05  5.47967189e-06  3.11051742e-05
 37.3599  0.000113395336  6.55415712e-06  3.52112619e-05
 37.3908  0.000100674534  8.90549348e-06  3.29372001e-05
 37.4217  0.000115584076  1.04097096e-05  4.21110189e-05
 37.4527  0.00010209399  1.02058037e-05  4.53368304e-05
 37.4836  0.000111408382  9.11587233e-06  4.81211168e-05
 37.5145  0.000118240155  7.20255293e-06  4.09970907e-05
 37.5454  0.000118181373  6.20719401e-06  3.74248097e-05
 37.5763  0.000129703168  1.06584376e-05  4.78598451e-05
 37.6073  0.000123270247  1.33600505e-05  5.59415264e-05
 37.6382  0.000131623706  4.95089567e-06  4.64971382e-05
 37.6691  0.000125286352  8.32847254e-06  4.99270179e-05
 37.7  0.000137385549  1.00505405e-05  4.92912456e-05
 37.7309  0.000162987694  1.00458491e-05  3.99562863e-05
 37.7619  0.000166515606  1.0785488e-05  3.60960559e-05
 37.7928  0.000182558804  1.13696245e-05  2.652614e-05
 37.8237  0.000179009491  1.44442319e-05  2.19348519e-05
 37.8546  0.000150230847  1.47084493e-05  1.76667242e-05
 37.8855  0.000154730917  1.03225422e-05  1.15543504e-05
 37.9165  0.00013534365  1.13072455e-05  7.80733517e-06
 37.9474  0.000145707386  1.14288125e-05  5.91910284e-06
 37.9783  0.000185042009  1.50487479e-05  6.05841376e-06
 38.0092  0.000211353207  1.99577013e-05  6.237979e-06
 38.0402  0.000225186177  2.55452326e-05  5.9404602e-06
 38.0711  0.000196278635  1.87884213e-05  4.92227294e-06
 38.102  0.000155426068  1.00418779e-05  4.36331903e-06
 38.1329  0.000166911025  1.04238776e-05  4.7787948e-06
 38.1638  0.000201555646  1.44044332e-05  5.5550535e-06
 38.1948  0.000208119739  1.50642911e-05  5.45435104e-06
 38.2257  0.000170429149  9.20177137e-06  4.84158634e-06
 38.2566  0.000145791584  1.10138335e-05  5.42264815e-06
 38.2875  0.000126385126  1.00797889e-05  8.66181544e-06
 38.3184  0.000117284136  1.19862587e-05  1.02826851e-05
 38.3494  0.000114631654  1.49278286e-05  9.39620222e-06
 38.3803  0.00012289883  1.58745866e-05  7.98355663e-06
 38.4112  0.00010328457  6.27379514e-06  4.28039113e-06
 38.4421  0.000115530045  1.39667168e-05  1.17698734e-05
 38.473  0.000101517086  2.16506926e-05  2.28673645e-05
 38.504  0.000111385516  1.77946703e-05  2.16035159e-05
 38.5349  9.80744885e-05  8.83180372e-06  1.12037722e-05
 38.5658  0.000135025615  1.33116774e-05  1.89177644e-05
 38.5967  0.000111687139  1.06380918e-05  1.32205033e-05
 38.6277  0.000177034044  2.85412504e-05  3.94729681e-05
 38.6586  0.000140989204  2.21780607e-05  2.92383637e-05
 38.6895  0.000134774778  2.42497099e-05  2.6775758e-05
 38.7204  0.000143965204  2.82262898e-05  3.15235772e-05
 38.7513  0.000126768894  1.75164471e-05  2.19780214e-05
 38.7823  0.000143802321  2.79507991e-05  4.17893734e-05
 38.8132  0.000127133717  2.3542115e-05  3.7573159e-05
 38.8441  0.000126897979  1.34217705e-05  2.01691357e-05
 38.875  0.000129981996  6.29977105e-06  1.12091483e-05
 38.9059  0.000154774477  9.78917404e-06  1.42918043e-05
 38.9369  0.000147199086  1.26432825e-05  1.73219279e-05
 38.9678  0.000162500367  3.26779016e-05  3.83382771e-05
 38.9987  0.000180628062  2.94032421e-05  2.99732131e-05
 39.0296  0.000210856386  2.26177992e-05  2.10324282e-05
 39.0606  0.000261556622  2.69475907e-05  2.44960498e-05
 39.0915  0.000313109172  2.7447145e-05  4.5178275e-05
 39.1224  0.000306646292  6.36142683e-05  9.22024927e-05
 39.1533  0.000322831338  6.5885546e-05  0.000104699814
 39.1842  0.000346556429  2.56563838e-05  5.55831918e-05
 39.2152  0.000354721287  2.73225567e-05  4.80143004e-05
 39.2461  0.000405281426  5.25939018e-05  4.8696195e-05
 39.277  0.000488607764  8.74820726e-05  5.12930423e-05
 39.3079  0.000492649227  5.73515676e-05  5.08538987e-05
 39.3388  0.0004712107  3.88527564e-05  3.44180824e-05
 39.3698  0.000420877417  2.44471938e-05  2.37981321e-05
 39.4007  0.000369879477  2.45328323e-05  2.91849122e-05
 39.4316  0.000381449392  1.85829738e-05  2.01638077e-05
 39.4625  0.000370900099  8.78970881e-06  1.85225659e-05
 39.4934  0.000410596638  8.62988823e-06  1.85114243e-05
 39.5244  0.000429765067  9.55394508e-06  1.91605323e-05
 39.5553  0.000443686986  1.35715318e-05  2.24220807e-05
 39.5862  0.000448388734  2.09642235e-05  3.56460389e-05
 39.6171  0.000498618581  6.69829769e-06  1.82263539e-05
 39.6481  0.000507358398  4.95715931e-06  1.70623332e-05
 39.679  0.000497262384  7.06837098e-06  1.93458546e-05
 39.7099  0.000533059543  8.37734692e-06  1.7196838e-05
 39.7408  0.000535929757  8.85699747e-06  1.79634587e-05
 39.7717  0.000597721299  9.27995916e-06  2.01407365e-05
 39.8027  0.000637202966  1.82889495e-05  3.82527615e-05
 39.8336  0.000655030763  1.38319291e-05  3.66076055e-05
 39.8645  0.000717615329  1.5164548e-05  3.18413297e-05
 39.8954  0.00070307808  1.00767994e-05  1.82382298e-05
 39.9263  0.000704435253  1.13839635e-05  2.07841086e-05
 39.9573  0.000672977556  1.9915022e-05  2.60546267e-05
 39.9882  0.000739171015  1.3573195e-05  2.0414306e-05
 40.0191  0.000874882659  1.61489994e-05  3.37605589e-05
 40.05  0.00102410934  2.83023079e-05  3.9873512e-05
 40.081  0.00107186342  2.98545397e-05  3.72653053e-05
 40.1119  0.00103091447  3.0935328e-05  3.75339614e-05
 40.1428  0.00117505142  5.09748038e-05  5.12228323e-05
 40.1737  0.00129641752  9.3857968e-05  8.59534726e-05
 40.2046  0.0014937044  7.65468182e-05  4.71135552e-05
 40.2356  0.00189710399  0.000111625732  6.4468405e-05
 40.2665  0.00244317373  0.00014234159  6.86700234e-05
 40.2974  0.00304790265  0.000180180275  8.69223243e-05
 40.3283  0.00405697606  0.000241547909  0.000134430301
 40.3592  0.00456499661  0.000298444615  0.000172560294
 40.3902  0.00449039928  0.000339482326  0.000154653279
 40.4211  0.00437970162  0.000316459493  9.53211611e-05
 40.452  0.00422864722  0.000304768521  8.74205446e-05
 40.4829  0.00378473281  0.000412983677  9.20704415e-05
 40.5138  0.00328594144  0.000302952429  7.13700434e-05
 40.5448  0.00354308716  0.000309408569  8.25842641e-05
 40.5757  0.0038069765  0.000345176582  0.000102684883
 40.6066  0.00350510165  0.000302668251  6.61478388e-05
 40.6375  0.00276783916  0.000228967285  6.25692802e-05
 40.6685  0.00262540283  0.000251081443  5.57780778e-05
 40.6994  0.00262225281  0.00026148933  5.56110966e-05
 40.7303  0.00350215828  0.000407521143  5.97744398e-05
 40.7612  0.00542512838  0.000656839033  8.89648127e-05
 40.7921  0.00825510424  0.0010164065  0.0001163793
 40.8231  0.0113915828  0.00157861154  0.000152983201
 40.854  0.0147407317  0.00244017136  0.000179965994
 40.8849  0.0182625913  0.0037711038  0.000232323561
 40.9158  0.0194380473  0.00413732429  0.000267485935
 40.9467  0.0191705727  0.00413843676  0.000256867544
 40.9777  0.0181368401  0.0040805799  0.000245114963
 41.0086  0.0166720198  0.00343803066  0.000199688925
 41.0395  0.0157039925  0.00274335765  0.000213813096
 41.0704  0.0141832287  0.00267748186  0.000186795716
 41.1013  0.0140040475  0.00263009783  0.000173883232
 41.1323  0.0143805087  0.00256166323  0.000166279953
 41.1632  0.0137754069  0.00260568634  0.000170065034
 41.1941  0.0135674086  0.00242454692  0.000155520517
 41.225  0.0116229141  0.00162427818  0.000136681909
 41.256  0.010890568  0.00173054197  0.000147463621
 41.2869  0.0118858602  0.00206094555  0.00015897926
 41.3178  0.016272135  0.00252443051  0.000183441181
 41.3487  0.0261044129  0.00380936719  0.000245406383
 41.3796  0.0317377924  0.00525967503  0.000310831104
 41.4106  0.0302964808  0.00581859911  0.000350742624
 41.4415  0.0286998673  0.00628911161  0.000335178338
 41.4724  0.0299009969  0.00694709927  0.000327531385
 41.5033  0.0333980086  0.00699093099  0.000345015045
 41.5342  0.0351128148  0.00569443596  0.000390447388
 41.5652  0.0323439935  0.00771071385  0.000385921237
 41.5961  0.0301082187  0.00707173454  0.000352890221
 41.627  0.0297359033  0.00610895153  0.00033471598
 41.6579  0.0294004284  0.00551650321  0.000317368755
 41.6889  0.0271157456  0.00547274658  0.000329035091
 41.7198  0.0331466115  0.00655273003  0.000369209095
 41.7507  0.0486347161  0.0133471357  0.000555146811
 41.7816  0.0624527728  0.0195204755  0.000732359049
 41.8125  0.070163082  0.0232339253  0.000873877037
 41.8435  0.0729274162  0.0224613944  0.000918642557
 41.8744  0.0691100624  0.0153772354  0.000789911111
 41.9053  0.0676841701  0.0169688118  0.000730688052
 41.9362  0.054905018  0.0182359564  0.000761663856
 41.9671  0.0530698382  0.0205224643  0.000799247403
 41.9981  0.0585292072  0.0253771428  0.000894639094
 42.029  0.0663499  0.0341109142  0.00107622381
 42.0599  0.0716860258  0.0373195021  0.00119313745
 42.0908  0.0783312758  0.0408022149  0.00119955335
 42.1217  0.0697162696  0.0480970203  0.00139708635
 42.1527  0.0603353172  0.0373490278  0.00127241922
 42.1836  0.0570673557  0.0208857538  0.00100576495
 42.2145  0.0662110066  0.0294300324  0.00122308351
 42.2454  0.0511200881  0.0270357114  0.00201653159
 42.2764  0.0677115702  0.0407541663  0.00282038114
 42.3073  0.0688636428  0.0482941354  0.00289618557
 42.3382  0.0695731673  0.0428625532  0.00286665689
 42.3691  0.0539059622  0.0237738096  0.00241683035
 42.4  0.0287490428  0.012025815  0.00171225184
 42.431  0.0282635198  0.0127585174  0.0017176858
 42.4619  0.0221573597  0.00875065852  0.00104903268
 42.4928  0.0171260768  0.00543486704  0.000464116421
 42.5237  0.0139832901  0.00445284142  0.000256493985
 42.5546  0.0115430792  0.00227440801  0.000199405708
 42.5856  0.0106026456  0.00165721745  0.000160880953
 42.6165  0.00903328878  0.00159646111  0.00012771528
 42.6474  0.00798518829  0.00132633565  0.000114825036
 42.6783  0.00684382357  0.000946459721  8.18063898e-05
 42.7093  0.00556079443  0.000698694894  9.47628342e-05
 42.7402  0.00481173271  0.000658691344  7.67154603e-05
 42.7711  0.00546048822  0.000681432488  7.85347756e-05
 42.802  0.0059992113  0.000644134227  8.97560793e-05
 42.8329  0.00595299527  0.000677052469  9.99841109e-05
 42.8639  0.00641543374  0.000742412281  0.00010646013
 42.8948  0.00806187114  0.000926373851  0.000130413231
 42.9257  0.00971128221  0.00130677754  0.000199252558
 42.9566  0.0120509461  0.00145742124  0.000174320866
 42.9875  0.0145524976  0.00173604224  0.000181962317
 43.0185  0.0156494062  0.00198093718  0.000202001493
 43.0494  0.0154515032  0.00217212847  0.000207432185
 43.0803  0.0148720941  0.00239321354  0.000270850803
 43.1112  0.0164160486  0.00249794909  0.000361774518
 43.1421  0.0188095859  0.00295250311  0.000298552186
 43.1731  0.0172168358  0.00279854635  0.000308859837
 43.204  0.0154630361  0.00257641791  0.000226001208
 43.2349  0.0150205813  0.00268549141  0.00024212709
 43.2658  0.0152788363  0.00269839739  0.000244139717
 43.2968  0.0141445088  0.00292818675  0.000237729564
 43.3277  0.014766297  0.00265595612  0.000235499513
 43.3586  0.0162876432  0.00289193676  0.000299247102
 43.3895  0.0178703417  0.00405675301  0.000425295413
 43.4204  0.020716936  0.00590382461  0.000540449761
 43.4514  0.0274950227  0.00808059488  0.000543995107
 43.4823  0.0316784991  0.00983402827  0.000604215446
 43.5132  0.0310697729  0.0106059539  0.00059472589
 43.5441  0.0257418765  0.00801346814  0.000468853501
 43.575  0.0200042975  0.00481747673  0.000355210546
 43.606  0.0176464931  0.00369899066  0.000286216824
 43.6369  0.0132968792  0.0024429453  0.000258288932
 43.6678  0.0140467815  0.00324714184  0.000278310171
 43.6987  0.0188029299  0.00558225909  0.000362826595
 43.7296  0.0271544768  0.00895012948  0.000640978549
 43.7606  0.0375092275  0.0129965773  0.000796581572
 43.7915  0.0465257737  0.0190446854  0.00121737136
 43.8224  0.0585170251  0.026609873  0.00182420294
 43.8533  0.0732147208  0.0418595425  0.00196264949
 43.8843  0.088112671  0.0674960777  0.00325769264
 43.9152  0.0890793486  0.0712604305  0.00489982492
 43.9461  0.0859951079  0.0593551248  0.0106834921
 43.977  0.0810599388  0.0635712017  0.0145202716
 44.0079  0.055845511  0.0485715921  0.00657509299
 44.0389  0.0556735135  0.0473929717  0.00526816159
 44.0698  0.0572802738  0.0599610505  0.00435602886
 44.1007  0.0798582585  0.0763398139  0.00538304867
 44.1316  0.238143086  0.163703719  0.0115003398
 44.1625  nan  nan  nan
 44.1935  nan  nan  nan
 44.2244  nan  nan  nan
 44.2553  nan  nan  nan
 44.2862  nan  nan  nan
 44.3172  nan  nan  nan
 44.3481  nan  nan  nan
 44.379  nan  nan  nan
 44.4099  nan  nan  nan
 44.4408  nan  nan  nan
 44.4718  nan  nan  nan
 44.5027  0.00937078471  0.00257413335  0.00145925095
 44.5336  0.0102930392  0.00333148299  0.00133051326
 44.5645  0.0097332607  0.00234266041  0.000981858628
 44.5954  0.0081799207  0.00144345045  0.000665932866
 44.6264  0.0064370903  0.00154936556  0.000705271811
 44.6573  0.00581772948  0.00259052521  0.00117955626
 44.6882  0.00454775119  0.00124892014  0.000838242013
 44.7191  0.00463336983  0.00125307085  0.00104299978
 44.75  0.00482011178  0.00135027278  0.0011933398
 44.781  0.00601488908  0.00222611984  0.0013937599
 44.8119  0.00609332232  0.00346264091  0.00186740225
 44.8428  0.00686294488  0.00349331529  0.00287327637
 44.8737  0.0050006814  0.00108024284  0.00175765238
 44.9047  0.00311209272  0.000710764242  0.00118812383
 44.9356  0.0030372791  0.00068551219  0.000951553042
 44.9665  0.00301516377  0.000529342414  0.000707870202
 44.9974  0.00311578999  0.000481686875  0.000595275044
 45.0283  0.00342131737  0.000417312774  0.000433590762
 45.0593  0.00320697692  0.000271097104  0.000272228909
 45.0902  0.0030569322  0.000238395947  0.00017767376
 45.1211  0.00316747128  0.000320745581  0.000152534511
 45.152  0.00326239085  0.000512462442  0.00042620889
 45.1829  0.00667342672  0.00132517384  0.00118573621
 45.2139  0.00554136469  0.00178873123  0.000617359791
 45.2448  0.00465755216  0.00159968976  0.000416696717
 45.2757  0.003934094  0.00133322514  0.000783097071
 45.3066  0.00542200077  0.00191994566  0.00166860393
 45.3376  nan  nan  nan
