# X (m) TKE_avg epsilon_turb_pw_avg_Y_avg epsilon_pw_avg_Y_avg
 33.0309  9.77936265e-05  0.210676456  0.0118915944
 33.0618  5.18422146e-05  0.0106527897  0.000808237411
 33.0926  6.49642032e-05  0.00207341906  0.00016075703
 33.1235  5.96996106e-05  5.92207346e-06  3.88731069e-06
 33.1544  4.95511046e-05  2.77087204e-06  3.98723546e-06
 33.1853  5.30277159e-05  1.3999399e-05  1.46259932e-05
 33.2162  4.70274263e-05  4.95877392e-06  5.61317343e-06
 33.247  4.45495821e-05  1.81704064e-06  3.32803825e-06
 33.2779  4.64914478e-05  1.13904966e-06  3.52048553e-06
 33.3088  4.40489545e-05  1.15454557e-06  3.59921165e-06
 33.3397  4.58276559e-05  1.29576934e-06  3.27588235e-06
 33.3706  5.3017817e-05  1.58152368e-06  3.8103178e-06
 33.4014  5.00821481e-05  1.92288719e-06  4.86451506e-06
 33.4323  5.39583716e-05  2.62903034e-06  5.53168712e-06
 33.4632  4.14172803e-05  3.22085693e-06  7.48218429e-06
 33.4941  4.32462769e-05  3.6698348e-06  8.13647088e-06
 33.5249  4.33900325e-05  4.24585112e-06  9.37943313e-06
 33.5558  4.62267924e-05  3.76360985e-06  8.96987904e-06
 33.5867  4.44885373e-05  2.02183336e-06  6.11931286e-06
 33.6176  4.41636364e-05  2.37147885e-06  6.31130175e-06
 33.6485  4.52124262e-05  3.36870227e-06  6.93153765e-06
 33.6793  4.61446596e-05  4.20747242e-06  9.61564483e-06
 33.7102  4.98632767e-05  1.98387173e-06  8.57926517e-06
 33.7411  4.50361862e-05  3.80969328e-06  1.40167957e-05
 33.772  4.59012978e-05  4.1380881e-06  1.38428188e-05
 33.8029  3.91128722e-05  3.96687699e-06  1.20900059e-05
 33.8337  3.04832493e-05  2.78115307e-06  8.05439878e-06
 33.8646  3.58176209e-05  2.21120932e-06  8.50536333e-06
 33.8955  3.4906513e-05  5.11897534e-06  1.38218675e-05
 33.9264  3.72495838e-05  1.85842464e-06  8.95055096e-06
 33.9573  4.21361269e-05  3.70399876e-06  1.24800184e-05
 33.9881  3.86538939e-05  5.25518244e-06  1.55708654e-05
 34.019  3.78051679e-05  2.54747885e-06  1.24439012e-05
 34.0499  4.64753333e-05  4.07335487e-06  1.83498788e-05
 34.0808  4.21052776e-05  3.04174366e-06  1.28590933e-05
 34.1117  5.35160191e-05  3.17022238e-06  1.5717022e-05
 34.1425  6.71895232e-05  3.8486368e-06  2.03843898e-05
 34.1734  8.59493606e-05  4.83955815e-06  2.350659e-05
 34.2043  9.79594986e-05  5.6414574e-06  2.44114387e-05
 34.2352  0.000115195388  6.11099258e-06  2.79141908e-05
 34.2661  0.000108727483  7.10504024e-06  3.15436875e-05
 34.2969  0.000104540161  3.59320192e-06  2.4643252e-05
 34.3278  9.78108631e-05  3.24771908e-06  2.09788605e-05
 34.3587  9.36636141e-05  3.1664686e-06  1.82212562e-05
 34.3896  9.7585943e-05  3.64621974e-06  2.46430371e-05
 34.4204  7.46770696e-05  3.12833116e-06  2.51684519e-05
 34.4513  6.90023783e-05  2.71257003e-06  2.73330373e-05
 34.4822  7.53803589e-05  4.32040015e-06  3.73379405e-05
 34.5131  6.285694e-05  4.78440608e-06  3.69288062e-05
 34.544  5.28969733e-05  4.85438576e-06  3.27843492e-05
 34.5748  7.26765221e-05  4.83987282e-06  3.53409516e-05
 34.6057  7.55250834e-05  4.1016133e-06  3.54047714e-05
 34.6366  7.99050593e-05  4.58532895e-06  3.57734491e-05
 34.6675  6.19848366e-05  3.42603643e-06  2.91985698e-05
 34.6984  5.66994862e-05  1.80145917e-06  2.72483872e-05
 34.7292  4.9205719e-05  2.38947007e-06  3.29164897e-05
 34.7601  4.90902984e-05  1.77457677e-06  3.46123209e-05
 34.791  4.26274921e-05  3.40321798e-06  3.70537852e-05
 34.8219  5.66138429e-05  6.53266201e-06  3.90117185e-05
 34.8528  6.11866295e-05  6.54934875e-06  2.95046422e-05
 34.8836  9.74817565e-05  5.76466173e-06  2.56929986e-05
 34.9145  8.96153912e-05  3.30653832e-06  2.30184774e-05
 34.9454  6.02627965e-05  2.28251052e-06  1.75426099e-05
 34.9763  6.98365793e-05  3.64164553e-06  1.99867743e-05
 35.0072  5.56201314e-05  3.46542315e-06  1.67438168e-05
 35.038  6.25722503e-05  3.4816006e-06  1.64621612e-05
 35.0689  6.73205116e-05  3.72592881e-06  1.41569977e-05
 35.0998  4.05533962e-05  2.17282414e-06  8.1557345e-06
 35.1307  4.87970897e-05  3.23553763e-06  9.11795005e-06
 35.1615  3.3600813e-05  2.46924398e-06  6.39170736e-06
 35.1924  3.30872875e-05  3.04414568e-06  6.5489947e-06
 35.2233  3.5587308e-05  3.30195937e-06  6.89345365e-06
 35.2542  3.66823655e-05  3.86823638e-06  6.31877925e-06
 35.2851  3.35319017e-05  3.90146652e-06  6.78203733e-06
 35.3159  3.03780495e-05  3.17241162e-06  6.61099477e-06
 35.3468  2.79509887e-05  2.56580284e-06  4.47219516e-06
 35.3777  2.63341342e-05  4.47780977e-06  6.46158608e-06
 35.4086  2.58803572e-05  4.65267636e-06  6.59041337e-06
 35.4395  2.46731752e-05  1.59272992e-06  3.28047275e-06
 35.4703  2.77250147e-05  5.58422984e-06  8.09600022e-06
 35.5012  2.79308254e-05  1.71111589e-06  3.94582712e-06
 35.5321  3.3565449e-05  1.99486023e-06  5.03768797e-06
 35.563  3.64745252e-05  2.8541338e-06  5.731478e-06
 35.5939  3.62679052e-05  3.32109013e-06  5.77946039e-06
 35.6247  3.49949202e-05  3.48846946e-06  7.6017183e-06
 35.6556  3.85528325e-05  1.97770345e-06  5.17799117e-06
 35.6865  3.889918e-05  1.70374626e-06  4.58820473e-06
 35.7174  3.9153089e-05  1.50445992e-06  4.47961399e-06
 35.7483  3.52000428e-05  2.1536912e-06  5.31680187e-06
 35.7791  3.37125421e-05  7.54698472e-06  1.27645227e-05
 35.81  3.49051316e-05  1.50634037e-06  5.92678253e-06
 35.8409  3.71989189e-05  4.86064217e-06  7.34802185e-06
 35.8718  3.55593646e-05  5.45337662e-06  7.6015177e-06
 35.9027  3.47122161e-05  2.889137e-06  6.97726968e-06
 35.9335  3.33330428e-05  2.69536695e-06  9.33555682e-06
 35.9644  3.52606277e-05  2.01588345e-06  7.19767117e-06
 35.9953  3.2028609e-05  5.35058058e-06  8.97545883e-06
 36.0262  3.29153979e-05  7.57035351e-06  1.03294634e-05
 36.057  3.52977621e-05  3.12000628e-06  6.51147888e-06
 36.0879  3.32670192e-05  3.51579434e-06  8.40245077e-06
 36.1188  3.55878295e-05  5.62447099e-06  9.59190449e-06
 36.1497  3.12431393e-05  5.32120517e-06  9.52363524e-06
 36.1806  3.04682833e-05  4.44353922e-06  5.98882644e-06
 36.2114  2.76205229e-05  2.23882182e-06  4.80877738e-06
 36.2423  2.6226515e-05  1.69703875e-06  4.68049045e-06
 36.2732  2.34781376e-05  2.39816523e-06  5.71771565e-06
 36.3041  2.24530571e-05  2.03171361e-06  6.85582297e-06
 36.335  2.47924483e-05  3.02254386e-06  7.6983942e-06
 36.3658  2.72174107e-05  5.29109638e-06  1.14850832e-05
 36.3967  2.73779129e-05  3.34915109e-06  8.9777979e-06
 36.4276  2.87860232e-05  1.71009477e-06  6.30122129e-06
 36.4585  2.63370164e-05  3.25465706e-06  7.16333834e-06
 36.4894  2.65554907e-05  2.83817575e-06  6.969352e-06
 36.5202  2.80700718e-05  7.37892713e-06  1.22190586e-05
 36.5511  3.1040666e-05  4.62799702e-06  1.13466554e-05
 36.582  3.37877433e-05  1.90657069e-06  1.03148012e-05
 36.6129  3.68480976e-05  1.32993794e-06  1.13638374e-05
 36.6438  3.69366909e-05  3.64534046e-06  1.28066703e-05
 36.6746  3.54961498e-05  1.50537067e-06  1.44991634e-05
 36.7055  4.15730126e-05  3.10843383e-06  1.70415921e-05
 36.7364  3.83060847e-05  5.16427898e-06  2.4819789e-05
 36.7673  4.55450604e-05  4.95558663e-06  1.63265057e-05
 36.7982  5.94593117e-05  1.65224521e-05  3.13849064e-05
 36.829  3.625267e-05  7.97398555e-06  3.40878268e-05
 36.8599  3.96445413e-05  4.05184679e-06  2.34780195e-05
 36.8908  4.28609412e-05  1.60994331e-05  3.96197002e-05
 36.9217  4.38277337e-05  7.51114299e-06  2.07700621e-05
 36.9525  4.91468143e-05  4.7779634e-06  2.27042665e-05
 36.9834  6.7938311e-05  6.57601938e-06  2.92297696e-05
 37.0143  6.24257381e-05  6.02148158e-06  2.36847095e-05
 37.0452  6.13343457e-05  1.79657689e-05  3.79901154e-05
 37.0761  8.75400003e-05  1.04598704e-05  3.69754375e-05
 37.1069  6.58595698e-05  7.65563413e-06  3.99235505e-05
 37.1378  8.97569536e-05  7.5055928e-06  4.80974933e-05
 37.1687  0.00011866718  9.39798031e-06  3.91003256e-05
 37.1996  0.000138484889  1.16710076e-05  4.58444798e-05
 37.2305  9.29062401e-05  2.88512309e-05  7.29712124e-05
 37.2613  9.60111685e-05  2.49151601e-05  7.96581421e-05
 37.2922  9.86914541e-05  1.32360683e-05  7.68305071e-05
 37.3231  8.98377276e-05  1.44192592e-05  8.75774251e-05
 37.354  7.12930706e-05  1.38385964e-05  9.43736078e-05
 37.3849  5.95650809e-05  1.20427958e-05  8.63013864e-05
 37.4157  5.14980249e-05  1.91107723e-05  9.6155064e-05
 37.4466  5.09077652e-05  2.11074602e-05  0.000101941454
 37.4775  0.000104797382  2.55899402e-05  0.000125952181
 37.5084  0.000116663449  2.28101981e-05  0.000113619181
 37.5393  0.000121472769  1.83441261e-05  9.74654688e-05
 37.5701  0.000134585835  1.73583076e-05  9.01925716e-05
 37.601  0.00022968438  1.82503957e-05  0.000101976121
 37.6319  0.000250575275  1.21030002e-05  9.63875068e-05
 37.6628  0.000177723841  1.13975668e-05  8.89620311e-05
 37.6937  0.000210361388  1.49246484e-05  9.85198673e-05
 37.7245  0.000168067945  1.68986604e-05  8.32730808e-05
 37.7554  0.000237868881  1.9463817e-05  0.000104278521
 37.7863  0.00018218577  1.68594181e-05  9.39280656e-05
 37.8172  0.000298724122  1.85929017e-05  0.00010522417
 37.848  0.000303418351  1.45655344e-05  9.51129354e-05
 37.8789  0.000217117785  1.38645738e-05  8.7750908e-05
 37.9098  0.000119504023  9.40991428e-06  6.61139012e-05
 37.9407  0.000177051731  1.07739092e-05  8.40027767e-05
 37.9716  0.000149483828  1.05944715e-05  7.8028334e-05
 38.0024  0.000159851166  1.012317e-05  8.13937835e-05
 38.0333  0.000307265431  1.85791652e-05  0.000118714103
 38.0642  0.000270428412  1.54153116e-05  9.92785996e-05
 38.0951  0.000264269671  1.70990445e-05  9.94125881e-05
 38.126  0.000256938673  2.45999266e-05  0.000107723065
 38.1568  0.000210418353  3.09465478e-05  0.000105022234
 38.1877  0.000397987792  4.33613196e-05  0.000117647044
 38.2186  0.000157276502  2.53447427e-05  7.79062366e-05
 38.2495  0.000192797139  2.0925532e-05  6.87774427e-05
 38.2804  0.000132377456  2.56552205e-05  5.82106196e-05
 38.3112  0.000156026199  3.7181964e-05  6.72963489e-05
 38.3421  0.000143341827  2.75514441e-05  4.96683055e-05
 38.373  0.000118950878  1.95327166e-05  3.95797316e-05
 38.4039  8.89140075e-05  1.11195813e-05  2.6536314e-05
 38.4348  6.73003041e-05  1.05445974e-05  2.17186196e-05
 38.4656  5.282938e-05  2.96691818e-05  3.79893896e-05
 38.4965  5.04839505e-05  3.99098636e-05  5.08269483e-05
 38.5274  5.00580536e-05  1.58470945e-05  1.95963023e-05
 38.5583  4.17037199e-05  1.19377445e-05  1.95929162e-05
 38.5891  3.60035682e-05  8.46816014e-06  1.5246028e-05
 38.62  3.17838198e-05  1.62883151e-05  2.34431433e-05
 38.6509  3.17472233e-05  1.8074242e-05  2.48410482e-05
 38.6818  3.57463803e-05  5.28191155e-06  1.17433789e-05
 38.7127  4.09635324e-05  1.15122556e-05  1.66535287e-05
 38.7435  4.14139987e-05  9.4359094e-06  1.66105097e-05
 38.7744  3.68141815e-05  2.24992906e-05  2.09120415e-05
 38.8053  4.58318997e-05  4.66084941e-05  2.74122391e-05
 38.8362  5.77269525e-05  9.56731178e-05  3.52462712e-05
 38.8671  7.93950016e-05  4.52342223e-05  4.33992093e-05
 38.8979  8.04727928e-05  2.99608313e-05  4.6129977e-05
 38.9288  9.4404958e-05  2.30495624e-05  7.09232883e-05
 38.9597  0.000182961221  4.14392671e-05  0.000104848354
 38.9906  3.66215576e-05  3.98181438e-06  3.43762558e-05
 39.0215  3.62997583e-05  7.55969095e-06  2.38350217e-05
 39.0523  3.68283596e-05  2.97624453e-05  4.62069918e-05
 39.0832  4.01469617e-05  2.3718409e-05  5.05632234e-05
 39.1141  3.26688669e-05  3.77241154e-06  2.15219267e-05
 39.145  3.66549759e-05  4.19050507e-06  3.00185529e-05
 39.1759  3.59006966e-05  9.96385878e-06  5.17226518e-05
 39.2067  4.23595835e-05  1.18468364e-05  4.23609769e-05
 39.2376  4.28631853e-05  2.01876875e-05  4.41402237e-05
 39.2685  5.11020905e-05  3.67501205e-05  6.20661929e-05
 39.2994  5.4923514e-05  4.36599834e-05  7.63154326e-05
 39.3303  5.55216004e-05  2.95856316e-05  4.85414288e-05
 39.3611  9.68590493e-05  6.8767237e-05  0.000107446581
 39.392  6.14792381e-05  5.41232468e-05  0.000126826851
 39.4229  7.32959116e-05  1.87310147e-05  7.49095534e-05
 39.4538  8.08516969e-05  5.79628383e-05  0.000105629234
 39.4846  0.000147565863  6.82902885e-05  0.000120071767
 39.5155  0.000117952395  4.6052743e-05  9.58026191e-05
 39.5464  0.000187419714  4.14530571e-05  9.62179305e-05
 39.5773  0.000106797818  1.05384395e-05  5.52857027e-05
 39.6082  0.000134187439  2.76495777e-05  8.22002608e-05
 39.639  0.000149349378  3.79865187e-05  0.000112876758
 39.6699  0.000153179678  2.23530727e-05  9.39057839e-05
 39.7008  0.00015698412  2.74805352e-05  9.03304577e-05
 39.7317  0.000163263969  2.70666192e-05  9.97027317e-05
 39.7626  0.000149741772  2.33826622e-05  9.00412502e-05
 39.7934  0.000153193195  3.41385888e-05  8.95028764e-05
 39.8243  0.00017105592  4.14334975e-05  9.82280707e-05
 39.8552  0.000199382732  1.180259e-05  5.86134062e-05
 39.8861  0.00018775565  1.58716611e-05  6.68892266e-05
 39.917  0.000139526794  1.25492323e-05  5.83182937e-05
 39.9478  0.000178884493  1.12683396e-05  6.66239336e-05
 39.9787  0.000158044177  1.15976706e-05  8.26374406e-05
 40.0096  0.000140911411  1.71939323e-05  0.00010339408
 40.0405  0.000135277907  2.04877272e-05  0.000101941885
 40.0714  0.000118558936  1.92187023e-05  8.7607188e-05
 40.1022  0.00010522306  1.13638208e-05  7.47658809e-05
 40.1331  0.000124322762  2.17481853e-05  8.25711867e-05
 40.164  0.000214257412  2.13980984e-05  9.13174891e-05
 40.1949  0.000202177429  1.98722406e-05  8.92720327e-05
 40.2258  0.000194262967  9.39274097e-06  7.91940977e-05
 40.2566  0.000160924357  1.03260748e-05  7.19020786e-05
 40.2875  0.000138418687  8.68127884e-06  6.18446939e-05
 40.3184  7.80410331e-05  7.62511323e-06  4.65775743e-05
 40.3493  5.08051756e-05  4.73625152e-06  3.13632066e-05
 40.3801  5.07129811e-05  3.35025151e-06  2.90069901e-05
 40.411  4.66124212e-05  2.52527834e-06  2.17682932e-05
 40.4419  7.66569056e-05  4.02310129e-06  3.40681117e-05
 40.4728  8.36983608e-05  3.74738041e-06  2.8188452e-05
 40.5037  9.87964217e-05  3.25712855e-06  2.61888992e-05
 40.5345  0.000100137276  2.84540134e-06  2.38557781e-05
 40.5654  0.000106740301  2.5229774e-06  2.32475034e-05
 40.5963  0.000109052069  2.42567058e-06  2.28814792e-05
 40.6272  8.93687502e-05  1.54196482e-05  3.37506907e-05
 40.6581  0.000116755831  2.7142142e-05  4.56426601e-05
 40.6889  0.000131647994  2.95407746e-05  5.32430147e-05
 40.7198  9.30387027e-05  2.53789738e-05  4.66444204e-05
 40.7507  0.000161813665  2.06465882e-05  5.46218344e-05
 40.7816  0.000225907226  3.92170423e-05  8.00974846e-05
 40.8125  0.000217185408  2.70574697e-05  7.75498235e-05
 40.8433  0.000416471276  3.00072151e-05  0.000164641345
 40.8742  0.000749336759  0.000452601663  0.000398584632
 40.9051  0.000542975342  0.00042706983  0.00035026166
 40.936  0.000583749819  0.000223335869  0.000236801403
 40.9669  0.000433539491  8.02346617e-05  0.000228729252
 40.9977  0.000235863939  5.23368226e-05  0.000143984155
 41.0286  0.000130267032  3.43189035e-05  8.63145201e-05
 41.0595  0.000123147317  4.31094831e-05  8.24856018e-05
 41.0904  0.000260527191  5.4530568e-05  0.000107886991
 41.1212  0.000741416187  0.00011670894  0.000219611499
 41.1521  0.00120231759  0.000257829823  0.000217340034
 41.183  0.00128016812  0.00043079886  0.000182103295
 41.2139  0.0040494359  0.00140449926  0.000241931278
 41.2448  0.0031216247  0.00125465891  0.000171511558
 41.2756  0.00109510949  0.000296536177  5.05993185e-05
 41.3065  0.00105342414  0.00024454905  6.33275872e-05
 41.3374  0.00155921244  0.000478319665  9.15872886e-05
 41.3683  0.00189241038  0.000605760882  0.000126187734
 41.3992  0.00280515023  0.000614773531  0.000192187727
 41.43  0.00517946698  0.0013843419  0.000297983165
 41.4609  0.0102310152  0.00497188192  0.000412308271
 41.4918  0.00909974039  0.0103355829  0.000624638538
 41.5227  0.0100097303  0.0148710663  0.000821280229
 41.5536  0.0121987426  0.0106668045  0.00088681661
 41.5844  0.0150336681  0.00658544874  0.000936037923
 41.6153  0.0195952981  0.0133564663  0.00126040136
 41.6462  0.0177873572  0.0218149478  0.00151615851
 41.6771  0.0111046626  0.010274597  0.00160766569
 41.708  0.00888525688  0.00519123386  0.00184368499
 41.7388  0.00342571435  0.00131213291  0.00101529316
 41.7697  0.00119731779  0.000371738142  0.000389975974
 41.8006  0.00164549252  0.000362737333  0.000512988225
 41.8315  0.00189895312  0.000752927932  0.000566277565
 41.8624  0.00244411725  0.00082377014  0.000864136991
 41.8932  0.00268251814  0.00102860815  0.00108738202
 41.9241  0.000473696154  0.000357922793  0.000431774702
 41.955  0.000107101727  8.21220444e-05  0.000199112809
 41.9859  0.000120361271  3.20752303e-05  0.000124639355
 42.0167  0.000108685663  4.35792889e-05  0.000137906046
 42.0476  8.80280346e-05  2.30303307e-05  9.16205846e-05
 42.0785  6.52812882e-05  1.63786788e-05  6.87547685e-05
 42.1094  4.70714961e-05  1.31763923e-05  4.97160874e-05
 42.1403  0.000114667361  1.81808379e-05  6.69401924e-05
 42.1711  0.00010918098  1.2289673e-05  5.62239963e-05
 42.202  0.000134494374  3.87966223e-05  8.43383477e-05
 42.2329  0.00011890607  1.83612934e-05  6.36859756e-05
 42.2638  0.000161709054  2.92897785e-05  8.18141408e-05
 42.2947  0.000165942389  1.88340063e-05  5.9477098e-05
 42.3255  0.000100804945  1.45422148e-05  3.85434562e-05
 42.3564  6.73909306e-05  1.86584716e-05  3.84089036e-05
 42.3873  7.35335169e-05  7.92293351e-06  2.78227839e-05
 42.4182  8.83472047e-05  3.63497327e-06  2.22778049e-05
 42.4491  6.96141123e-05  2.91276897e-06  1.62064322e-05
 42.4799  7.09757285e-05  2.29516166e-06  1.3660662e-05
 42.5108  5.31131065e-05  1.33753211e-06  6.98779194e-06
 42.5417  5.688088e-05  3.64565715e-06  5.36617361e-06
 42.5726  6.32002759e-05  3.54682443e-06  5.56844263e-06
 42.6035  4.71525982e-05  2.19631557e-06  3.87692361e-06
 42.6343  5.21276526e-05  5.78870868e-06  5.64614862e-06
 42.6652  5.97523265e-05  6.82742157e-06  6.93754687e-06
 42.6961  0.00012788157  6.73052824e-05  5.29582427e-05
 42.727  0.000296963218  0.000151150201  7.98533942e-05
 42.7579  0.000406155218  0.000127448582  7.28061618e-05
 42.7887  0.00075163983  0.00029378119  4.29020511e-05
 42.8196  0.000998782226  0.000428497706  4.02401381e-05
 42.8505  0.00145951211  0.000496631532  5.33660772e-05
 42.8814  0.000921449827  0.000280792644  4.10526867e-05
 42.9122  0.000516049135  0.000148268413  2.26987182e-05
 42.9431  0.000626125842  0.000146632731  3.4078737e-05
 42.974  0.00327064751  0.00253457987  0.000201784592
 43.0049  0.0108700215  0.00968023881  0.000673302225
 43.0358  0.00373359968  0.00178948253  0.000161683643
 43.0666  0.00620092961  0.00517727697  0.000260191109
 43.0975  0.00855516343  0.00705902518  0.0003421789
 43.1284  0.00687361836  0.00447034678  0.000355143731
 43.1593  0.00347623484  0.00144985356  0.000336502811
 43.1902  0.00214521271  0.000585676127  0.000286219348
 43.221  0.001624918  0.000258826238  0.000300445591
 43.2519  0.00115091113  0.000528359735  0.000212385711
 43.2828  0.000578488131  0.000253952902  8.34632801e-05
 43.3137  0.000608262679  0.000155614129  9.66005e-05
 43.3446  0.00122521148  0.000331063308  0.00020189402
 43.3754  0.00172050728  0.000286363044  0.000235179401
 43.4063  0.00308107321  0.000529748486  0.000502368256
 43.4372  0.00540290592  0.00228653696  0.000555355112
 43.4681  0.0057521313  0.00211420075  0.000419653216
 43.499  0.00694290391  0.00144779411  0.000436856066
 43.5298  0.0105492254  0.00184176311  0.000452025144
 43.5607  0.00813071799  0.0014023324  0.000692514974
 43.5916  0.00823900384  0.00216783976  0.000800088749
 43.6225  0.0102173282  0.0033508584  0.000671540903
 43.6534  0.0196000367  0.00807750528  0.00103000291
 43.6842  0.0380147123  0.0176779069  0.00243834174
 43.7151  0.042498102  0.0240017832  0.00852226994
 43.746  0.0355552258  0.0205903482  0.0133594718
 43.7769  0.0388306646  0.0187085281  0.0183126428
 43.8077  0.0493107924  0.0233818624  0.0300843949
 43.8386  0.0574001712  0.0152125414  0.0219200021
 43.8695  0.0747894193  0.0243593137  0.0309677107
 43.9004  0.0549043391  0.0375050852  0.0463180374
 43.9313  0.0400811391  0.0511453375  0.0524022471
 43.9621  0.038985503  0.0655568262  0.0529514248
 43.993  0.0557697803  0.0519498191  0.0342142103
 44.0239  0.0873145997  0.0738055231  0.0513876465
 44.0548  0.0462464157  0.0745653179  0.0484331162
 44.0857  0.0596185158  0.0413470032  0.0299823625
 44.1165  0.029909653  0.0389583249  0.0277278113
 44.1474  0.026059414  0.050037806  0.030572439
 44.1783  0.0264979855  0.0518882411  0.0296303942
 44.2092  0.0122344425  0.0155300628  0.0102348552
 44.2401  0.0056125737  0.00587640629  0.00508509189
 44.2709  nan  nan  nan
 44.3018  nan  nan  nan
 44.3327  nan  nan  nan
 44.3636  nan  nan  nan
 44.3945  0.00655251539  0.00862732324  0.00711055364
 44.4253  0.00864299453  0.00855749655  0.00631980229
 44.4562  0.00630193853  0.0054195088  0.0041216068
 44.4871  0.00431453857  0.00408865004  0.00368348583
 44.518  0.00400380065  0.00470022234  0.00438809693
 44.5488  0.00329163599  0.00300682486  0.00274564974
 44.5797  nan  nan  nan
 44.6106  nan  nan  nan
 44.6415  0.00325851073  0.00260413298  0.00196784606
 44.6724  0.00435692038  0.00913125673  0.00790829892
 44.7032  0.00752079863  0.0126763664  0.0115292129
 44.7341  0.0102507074  0.0128827513  0.0130499495
 44.765  0.00805758042  0.00301036005  0.00643380188
 44.7959  0.00639905631  0.00174127965  0.00545918807
 44.8268  0.00580544931  0.00296175085  0.00434282512
 44.8576  0.00636649003  0.00424700836  0.00417354234
 44.8885  0.00957996943  0.00656168442  0.00778546671
 44.9194  0.012002008  0.0102716216  0.00991259807
 44.9503  0.0108655189  0.0109276165  0.0102457119
 44.9812  0.0098192331  0.010170968  0.00887387893
 45.012  0.0106143299  0.0101542414  0.00705591029
 45.0429  0.0172970926  0.0104907676  0.00608277726
 45.0738  0.0275332871  0.0108926944  0.00619362059
 45.1047  0.030416473  0.0111210836  0.00537420238
 45.1356  0.0320245944  0.0109035019  0.00560996422
 45.1664  0.027088842  0.0105302285  0.00472281083
 45.1973  0.0231322494  0.010473209  0.00533457388
 45.2282  0.0209637844  0.00970776102  0.00695161062
 45.2591  0.0158765841  0.0072074004  0.00962694978
 45.29  0.0252848741  0.00851953714  0.0121424267
 45.3208  nan  nan  nan
