# X (m) TKE_avg epsilon_turb_pw_avg_Y_avg epsilon_pw_avg_Y_avg
 33.0309  0.000151395261  0.879767716  0.0991915336
 33.0618  9.82096283e-05  0.140302643  0.0338452247
 33.0927  0.000116840352  0.0269453488  0.00649526309
 33.1236  0.000120176188  4.34618107e-06  2.69958702e-06
 33.1545  0.000114398946  5.95187085e-06  4.199701e-06
 33.1854  0.000121502189  2.82800825e-05  1.94505678e-05
 33.2163  0.00011473512  9.77896285e-06  7.80523754e-06
 33.2472  0.000104839678  3.06201024e-06  5.20703692e-06
 33.2781  0.000100082329  1.94205004e-06  4.27207547e-06
 33.309  9.85663626e-05  1.77427017e-06  4.44513712e-06
 33.34  0.000100543562  1.84746019e-06  4.10036005e-06
 33.3709  0.000101167966  3.87318837e-06  5.01505345e-06
 33.4018  7.40859756e-05  3.51250346e-06  6.50640734e-06
 33.4327  6.61901907e-05  3.75989536e-06  6.4360575e-06
 33.4636  6.28726494e-05  4.25575608e-06  7.04469074e-06
 33.4945  6.98777064e-05  3.9519233e-06  7.61406204e-06
 33.5254  8.53830987e-05  4.86927852e-06  8.71359803e-06
 33.5563  9.1988205e-05  8.39090046e-06  1.5988366e-05
 33.5872  9.40066577e-05  4.45171339e-06  1.00418653e-05
 33.6181  9.3148134e-05  3.94178662e-06  8.64539629e-06
 33.649  9.82506623e-05  4.89023424e-06  8.21124357e-06
 33.6799  9.51616963e-05  4.61577657e-06  8.85572673e-06
 33.7108  8.71453824e-05  4.66987937e-06  1.25517306e-05
 33.7417  9.11134351e-05  5.82620372e-06  1.3569682e-05
 33.7726  8.82183503e-05  4.99853447e-06  1.19260691e-05
 33.8035  0.000110020011  7.87649221e-06  1.90237816e-05
 33.8344  0.000121006726  7.14637501e-06  1.88549523e-05
 33.8653  0.000143363687  8.11536741e-06  2.2834185e-05
 33.8962  0.000173217363  1.28341852e-05  3.32240314e-05
 33.9271  0.000130370191  1.12304821e-05  3.02146913e-05
 33.958  0.00014410293  8.69590577e-06  3.08711455e-05
 33.989  0.000137481441  7.47713595e-06  3.41691452e-05
 34.0199  0.000128622151  6.37373384e-06  3.43994164e-05
 34.0508  0.000127817467  4.67214655e-06  3.0834482e-05
 34.0817  0.000136577753  4.5746689e-06  2.864738e-05
 34.1126  0.000159176099  6.59017653e-06  2.87983801e-05
 34.1435  0.000176905922  6.82077682e-06  3.09295205e-05
 34.1744  0.000165671836  5.80555038e-06  3.54987138e-05
 34.2053  0.000130657558  5.94432186e-06  3.42789973e-05
 34.2362  0.00014877998  6.50420209e-06  3.77242167e-05
 34.2671  0.00013419929  6.32489918e-06  3.83741191e-05
 34.298  0.00012599098  6.79205298e-06  3.60498529e-05
 34.3289  0.000166247392  6.3515071e-06  3.430949e-05
 34.3598  0.000196742674  6.85980958e-06  3.24105776e-05
 34.3907  0.000199334664  6.44562133e-06  3.11828618e-05
 34.4216  0.000162082706  6.71108987e-06  2.46132832e-05
 34.4525  0.000158382125  5.89529499e-06  2.12377077e-05
 34.4834  0.000158106702  5.32236286e-06  2.49764536e-05
 34.5143  0.000138340131  4.74078602e-06  2.85025872e-05
 34.5452  0.000130460408  4.20431997e-06  2.67311297e-05
 34.5761  0.000161280697  5.08866638e-06  2.74327087e-05
 34.607  0.000143997335  4.77516239e-06  2.36932855e-05
 34.638  0.000130283356  6.0644423e-06  2.13309964e-05
 34.6689  0.000132050798  6.48429843e-06  1.93120148e-05
 34.6998  0.000158740593  6.430067e-06  1.71007559e-05
 34.7307  0.000163168382  6.97820773e-06  1.12133649e-05
 34.7616  0.000130885798  9.59486418e-06  9.47200496e-06
 34.7925  0.000133174756  9.18984935e-06  7.52476096e-06
 34.8234  0.000117613324  8.0371524e-06  5.60304904e-06
 34.8543  0.000108407445  7.86775622e-06  5.14659301e-06
 34.8852  8.35420927e-05  4.23431155e-06  3.51786724e-06
 34.9161  8.43500005e-05  3.60626008e-06  3.80771688e-06
 34.947  8.99412626e-05  5.12838818e-06  4.94665088e-06
 34.9779  0.000102297282  7.64847511e-06  7.12050914e-06
 35.0088  0.00010414553  6.05623631e-06  4.61665947e-06
 35.0397  0.000106168915  4.93166903e-06  3.69790756e-06
 35.0706  0.000116694657  6.40811965e-06  4.74728897e-06
 35.1015  0.000140912577  6.76727888e-06  5.58053727e-06
 35.1324  0.000155229984  1.07886418e-05  1.05053017e-05
 35.1633  0.000147769813  1.31940883e-05  1.63209224e-05
 35.1942  0.000162284708  1.44876128e-05  2.03040259e-05
 35.2251  0.0001597635  1.08227487e-05  9.55504165e-06
 35.256  0.000153301142  1.97603921e-05  1.80140752e-05
 35.287  0.000150877422  1.2180495e-05  8.08868342e-06
 35.3179  0.000136655048  1.22154741e-05  1.08412486e-05
 35.3488  0.00014728941  2.03737724e-05  2.08860272e-05
 35.3797  0.000159349541  1.66986e-05  1.25139723e-05
 35.4106  0.000128055845  1.83631863e-05  1.0399629e-05
 35.4415  0.000143328644  1.90149855e-05  1.09559524e-05
 35.4724  0.000135534812  1.72801807e-05  1.52390416e-05
 35.5033  0.000170861179  2.56882515e-05  2.203476e-05
 35.5342  0.000166311204  1.79575382e-05  1.06583025e-05
 35.5651  0.000140256818  1.49624009e-05  1.11928337e-05
 35.596  0.000130601849  2.43687714e-05  2.84971522e-05
 35.6269  0.000137731393  1.36147525e-05  1.41051048e-05
 35.6578  0.000146157113  1.98153825e-05  8.12455052e-06
 35.6887  0.00014129595  2.3754687e-05  7.71881114e-06
 35.7196  0.000141882474  1.97695339e-05  9.88721539e-06
 35.7505  0.000169991061  1.94360152e-05  1.90280893e-05
 35.7814  0.000136899414  2.01593443e-05  1.7693572e-05
 35.8123  0.000109611821  1.16472511e-05  1.80259051e-05
 35.8432  0.00010850802  7.27580636e-06  8.51919912e-06
 35.8741  0.000108767251  7.6887512e-06  9.06162158e-06
 35.905  0.000102966468  6.12369512e-06  7.81629706e-06
 35.936  0.000100605997  3.21669358e-06  5.37216352e-06
 35.9669  0.000101116326  2.95699446e-06  5.26813029e-06
 35.9978  0.000103890388  5.63950234e-06  9.09558372e-06
 36.0287  0.000105917693  7.21984451e-06  1.11071909e-05
 36.0596  0.000109518718  3.62969048e-06  6.58707605e-06
 36.0905  0.000102044136  3.89676127e-06  6.25888769e-06
 36.1214  0.000106680662  3.36127511e-06  5.86560613e-06
 36.1523  0.000119846301  3.45781904e-06  7.13077622e-06
 36.1832  0.000138161627  4.4374284e-06  6.50354148e-06
 36.2141  0.000148029155  4.11996809e-06  6.14295396e-06
 36.245  0.00016438113  4.91136463e-06  5.88564432e-06
 36.2759  0.000159147244  3.83522038e-06  5.96779961e-06
 36.3068  0.000133968154  4.46639054e-06  6.45453778e-06
 36.3377  0.000125182337  5.40805711e-06  7.58984776e-06
 36.3686  0.000124795013  3.82719197e-06  5.90565697e-06
 36.3995  0.000127999351  3.9077717e-06  7.54476551e-06
 36.4304  0.000128532128  4.14748981e-06  7.02570729e-06
 36.4613  0.000134542919  4.85928891e-06  6.51878478e-06
 36.4922  0.000139964485  1.49728568e-05  1.6310164e-05
 36.5231  0.000168123469  1.29188815e-05  1.22672744e-05
 36.5541  0.000189083154  2.32083309e-05  2.44260992e-05
 36.585  0.000192850034  1.10550155e-05  1.36345724e-05
 36.6159  0.000184495758  8.96983663e-06  9.45054748e-06
 36.6468  0.000136548764  5.92262334e-06  6.52896266e-06
 36.6777  0.000109669065  7.55787083e-06  1.59239626e-05
 36.7086  0.000108349357  1.22271437e-05  3.41438207e-05
 36.7395  9.51319049e-05  7.65860265e-06  1.89694135e-05
 36.7704  8.64519238e-05  1.41715929e-05  2.47289182e-05
 36.8013  9.61607746e-05  1.72551598e-05  2.361748e-05
 36.8322  0.000102118907  1.69290609e-05  3.86843413e-05
 36.8631  0.000105088182  6.59570524e-06  1.67707514e-05
 36.894  0.000125909609  2.38073513e-05  3.75436373e-05
 36.9249  0.000134358408  2.95797016e-05  4.94855447e-05
 36.9558  0.000140636494  1.21615992e-05  2.00397329e-05
 36.9867  0.000146015861  1.40794624e-05  2.57862815e-05
 37.0176  0.000167871182  1.68190528e-05  3.36455079e-05
 37.0485  0.000188051564  2.2378179e-05  4.16688611e-05
 37.0794  0.000182425059  2.55050761e-05  6.34699073e-05
 37.1103  0.000176988651  1.85580283e-05  5.27570552e-05
 37.1412  0.000144274263  7.99177922e-06  3.57663115e-05
 37.1721  0.000209393737  7.72175473e-06  3.8540199e-05
 37.2031  0.000191949179  9.56200818e-06  3.61979639e-05
 37.234  0.000199341116  2.39492892e-05  6.17524616e-05
 37.2649  0.000177642305  1.87027394e-05  5.47703998e-05
 37.2958  0.000191196816  1.37106461e-05  4.81416702e-05
 37.3267  0.000207996208  1.55008887e-05  5.20216373e-05
 37.3576  0.000173426023  1.18620384e-05  5.12757226e-05
 37.3885  0.000152246826  9.7844187e-06  4.80292743e-05
 37.4194  0.000149722668  1.38100873e-05  5.92899157e-05
 37.4503  0.000171193452  1.58027746e-05  6.76922357e-05
 37.4812  0.000187212218  1.67187079e-05  6.51087538e-05
 37.5121  0.000181813709  1.19009262e-05  5.69131992e-05
 37.543  0.000143233685  8.8216935e-06  5.01236155e-05
 37.5739  0.000121483647  8.50187584e-06  4.57278957e-05
 37.6048  0.000179489023  1.04169167e-05  5.40556827e-05
 37.6357  0.000208512884  9.05392078e-06  5.45212632e-05
 37.6666  0.000255764885  9.32278166e-06  6.39561287e-05
 37.6975  0.000235940047  8.04946381e-06  6.08981309e-05
 37.7284  0.000216590843  6.49317989e-06  6.37059919e-05
 37.7593  0.000215602959  1.43403346e-05  7.89300521e-05
 37.7902  0.000235542272  1.84607705e-05  6.86878358e-05
 37.8211  0.000278098479  2.11418903e-05  5.03238314e-05
 37.8521  0.000291812647  2.41352936e-05  3.28218276e-05
 37.883  0.000244525277  2.16598111e-05  1.85701934e-05
 37.9139  0.000189306002  1.75456938e-05  1.12950831e-05
 37.9448  0.000166483492  1.49235121e-05  8.2744645e-06
 37.9757  0.000164193822  1.39344731e-05  9.1574725e-06
 38.0066  0.000167814812  1.34364441e-05  1.30708221e-05
 38.0375  0.000173147827  1.5683427e-05  1.52936993e-05
 38.0684  0.000186691962  1.35858267e-05  1.37108617e-05
 38.0993  0.00018542236  9.68750442e-06  8.20471962e-06
 38.1302  0.000191105254  2.74575427e-05  2.79467802e-05
 38.1611  0.000217215465  2.59084908e-05  2.72742322e-05
 38.192  0.000247518489  2.68729437e-05  3.56553038e-05
 38.2229  0.000315386838  2.8121144e-05  3.58354314e-05
 38.2538  0.000301086865  2.46263992e-05  1.76518372e-05
 38.2847  0.000301349158  3.89418658e-05  2.81450722e-05
 38.3156  0.000273717101  4.56656128e-05  3.71603011e-05
 38.3465  0.000249078743  3.11326111e-05  2.34340971e-05
 38.3774  0.000274981756  2.33715054e-05  1.35487024e-05
 38.4083  0.000295945521  1.74351908e-05  1.11619348e-05
 38.4392  0.000307584636  2.14322059e-05  1.4049143e-05
 38.4701  0.000300509951  4.45451461e-05  3.79498273e-05
 38.5011  0.000275406543  3.9005763e-05  3.62145691e-05
 38.532  0.000273290073  3.33915278e-05  2.5155702e-05
 38.5629  0.000264189221  2.42904742e-05  1.7234117e-05
 38.5938  0.000247038995  2.89023818e-05  1.83338648e-05
 38.6247  0.000270050509  4.48503277e-05  2.6808158e-05
 38.6556  0.000249502038  5.80318333e-05  5.28923909e-05
 38.6865  0.000234055537  3.66888719e-05  2.47949959e-05
 38.7174  0.000261732299  4.90642005e-05  2.96637067e-05
 38.7483  0.000228588949  5.35317451e-05  2.58302148e-05
 38.7792  0.000263704986  3.95251047e-05  4.20856392e-05
 38.8101  0.000248204892  3.64148606e-05  5.06872657e-05
 38.841  0.000206528939  1.90606455e-05  2.93944321e-05
 38.8719  0.000179684318  1.79018057e-05  2.5920011e-05
 38.9028  0.000159912212  8.48393057e-06  1.7121421e-05
 38.9337  0.000151741077  5.98227234e-06  1.46583771e-05
 38.9646  0.000165010711  6.37652304e-06  1.23743848e-05
 38.9955  0.00020272483  8.52573904e-06  1.25049212e-05
 39.0264  0.000232263088  1.6092707e-05  1.73795201e-05
 39.0573  0.000206926144  3.14757448e-05  3.68334271e-05
 39.0882  0.000174955782  2.30669557e-05  3.84602008e-05
 39.1191  0.000159421502  7.56765153e-06  1.77894006e-05
 39.1501  0.000165357959  8.35281676e-06  2.56759969e-05
 39.181  0.000175830289  7.88670052e-06  2.1243866e-05
 39.2119  0.000199461381  7.42750835e-06  1.36267344e-05
 39.2428  0.000243270675  1.23855919e-05  1.71810373e-05
 39.2737  0.000276621765  4.3177266e-05  5.56900284e-05
 39.3046  0.000304552437  1.79093541e-05  2.22677185e-05
 39.3355  0.000327797156  3.27342665e-05  4.40947607e-05
 39.3664  0.00032937561  4.33315192e-05  7.29089825e-05
 39.3973  0.000331426235  2.09101616e-05  4.67848706e-05
 39.4282  0.000299100737  2.4056044e-05  7.56450028e-05
 39.4591  0.000296696299  5.44885545e-05  9.50261969e-05
 39.49  0.000326931983  4.7809187e-05  8.32318845e-05
 39.5209  0.00034753471  3.70509898e-05  6.76845686e-05
 39.5518  0.000353559874  2.79809256e-05  5.25161911e-05
 39.5827  0.000368263976  1.19492316e-05  3.27142758e-05
 39.6136  0.000377444865  2.01450177e-05  4.95025764e-05
 39.6445  0.000389340937  1.15822115e-05  4.11086324e-05
 39.6754  0.000409831116  1.40480703e-05  4.95308863e-05
 39.7063  0.000408455411  9.9246154e-06  3.69643977e-05
 39.7372  0.000385124172  1.02163015e-05  4.17463483e-05
 39.7681  0.000358408899  7.67417252e-06  3.34239582e-05
 39.7991  0.000347961124  1.20822243e-05  4.0797668e-05
 39.83  0.000352310958  7.37468663e-06  3.07853576e-05
 39.8609  0.000390943718  1.09444084e-05  3.44171741e-05
 39.8918  0.000405483078  1.11511074e-05  3.2342351e-05
 39.9227  0.000411001331  1.33128516e-05  3.78242639e-05
 39.9536  0.000400184504  1.26034122e-05  3.63870472e-05
 39.9845  0.000445825382  1.31768773e-05  4.04845894e-05
 40.0154  0.000500287505  1.5995243e-05  4.56617809e-05
 40.0463  0.000573207425  1.7602071e-05  5.25549054e-05
 40.0772  0.000609410645  2.01695761e-05  5.87946445e-05
 40.1081  0.000650589276  2.72731198e-05  6.2657399e-05
 40.139  0.000698874042  3.06364039e-05  6.76048312e-05
 40.1699  0.000818844866  4.04393463e-05  6.75780712e-05
 40.2008  0.000944433267  4.52521469e-05  6.12516702e-05
 40.2317  0.00112637019  4.87423622e-05  5.68074073e-05
 40.2626  0.00145537171  6.08414445e-05  6.08664507e-05
 40.2935  0.00184384795  9.00877304e-05  6.11361035e-05
 40.3244  0.00234258538  0.000120085047  7.01451719e-05
 40.3553  0.00293915551  0.00014579956  7.37755965e-05
 40.3862  0.00326740004  0.000149793085  6.97211739e-05
 40.4171  0.00337871691  0.000151260431  6.97010487e-05
 40.4481  0.0033156278  0.000157168557  7.28725452e-05
 40.479  0.00333206443  0.000170012897  8.04375595e-05
 40.5099  0.00326356043  0.0001521897  7.49014849e-05
 40.5408  0.00333965473  0.000132081649  7.46933759e-05
 40.5717  0.00346631612  0.000142347556  8.16147225e-05
 40.6026  0.00365103056  0.000174185349  8.86357356e-05
 40.6335  0.00372820853  0.000204254506  9.79315471e-05
 40.6644  0.00387607044  0.000307821092  9.71436081e-05
 40.6953  0.00389693855  0.000297338665  7.90305159e-05
 40.7262  0.00409163272  0.000321810723  8.19141548e-05
 40.7571  0.00434528028  0.000361873356  8.95339713e-05
 40.788  0.00515823113  0.00043490527  9.21645758e-05
 40.8189  0.00600799014  0.000430453437  8.89448131e-05
 40.8498  0.00757136619  0.000559848678  0.000109818176
 40.8807  0.00820152438  0.000567393401  9.37363397e-05
 40.9116  0.0085597342  0.000552294781  9.07382335e-05
 40.9425  0.00910504  0.000561296496  8.88168396e-05
 40.9734  0.0097590864  0.000660827277  0.000101863136
 41.0043  0.0105190931  0.000713977524  0.000100935724
 41.0352  0.0104815147  0.0007294549  0.000116957726
 41.0661  0.01023374  0.000821152852  0.000116317168
 41.0971  0.00991726933  0.000965291234  0.000121876486
 41.128  0.00971046712  0.00100622177  0.000115784803
 41.1589  0.00910023309  0.000892607866  0.000138181148
 41.1898  0.00889749818  0.0010011008  0.000113858942
 41.2207  0.0101584968  0.00122390503  0.000138245767
 41.2516  0.0116743123  0.0014311721  0.000155557231
 41.2825  0.0129159104  0.00152737405  0.000166572619
 41.3134  0.0140675159  0.00166955112  0.000218482292
 41.3443  0.0157500761  0.00182198555  0.00022422871
 41.3752  0.0174076661  0.00211462818  0.000266764869
 41.4061  0.0212275848  0.00269201231  0.000377633776
 41.437  0.0294152284  0.00515541223  0.00044573468
 41.4679  0.0424193747  0.0118453536  0.000609629942
 41.4988  0.05527095  0.0238748925  0.00103242617
 41.5297  0.0701954312  0.0345162181  0.00140070765
 41.5606  0.0637108845  0.0196998273  0.00101795027
 41.5915  0.039762909  0.0106293964  0.000601721635
 41.6224  0.0368340302  0.0153616533  0.000622805704
 41.6533  0.0423706448  0.01838305  0.000921022285
 41.6842  0.0485741951  0.0260311777  0.00143669686
 41.7151  0.0562479503  0.0351843729  0.00218531311
 41.7461  0.0555702298  0.0357244635  0.00258220678
 41.777  0.0410233272  0.0225160588  0.00200242109
 41.8079  0.0319685123  0.0162990259  0.00134295142
 41.8388  0.0262168866  0.0148519193  0.000721964142
 41.8697  0.0177843067  0.004160073  0.000356764697
 41.9006  0.016899596  0.00204291291  0.000272543815
 41.9315  0.0158883629  0.00192614344  0.000281681794
 41.9624  0.0141749718  0.00192024492  0.00027003099
 41.9933  0.0126681972  0.00170002584  0.000266472923
 42.0242  0.0124576611  0.00160981252  0.000226965777
 42.0551  0.0127005518  0.00213667981  0.00027415102
 42.086  0.0126539935  0.00197812902  0.000213687615
 42.1169  0.0121532004  0.00172534915  0.000190602054
 42.1478  0.0122076743  0.0017203459  0.000175242223
 42.1787  0.0130891057  0.00202631886  0.000212813531
 42.2096  0.0127526239  0.00181779486  0.000305458124
 42.2405  0.0108169203  0.00142834366  0.000170329144
 42.2714  0.00991030214  0.00122280031  0.000190674995
 42.3023  0.0101093723  0.00130771854  0.000201813856
 42.3332  0.0115947441  0.00178482921  0.000309271467
 42.3641  0.0150963674  0.00241133442  0.000404051612
 42.3951  0.019429022  0.00302158187  0.000320105066
 42.426  0.0229467513  0.00320367761  0.000361261124
 42.4569  0.0219851547  0.00331576883  0.000335475405
 42.4878  0.0184556642  0.00302393877  0.000234001365
 42.5187  0.0148490609  0.00257892107  0.000205505012
 42.5496  0.0138121709  0.00265454488  0.000203805768
 42.5805  0.0120575104  0.00241308479  0.000185599885
 42.6114  0.010387012  0.00211629129  0.000156614225
 42.6423  0.00866432674  0.00166300659  0.000135425433
 42.6732  0.00753670511  0.0012152802  9.73695619e-05
 42.7041  0.00746926418  0.00103419094  0.000108517864
 42.735  0.00659233242  0.00079006426  8.93740294e-05
 42.7659  0.00607986068  0.000701389238  8.60552373e-05
 42.7968  0.00569102763  0.000625456512  8.08889519e-05
 42.8277  0.00574198632  0.000619327429  8.69948967e-05
 42.8586  0.00633916473  0.000705526994  9.655012e-05
 42.8895  0.0073449773  0.00086689156  0.000118276057
 42.9204  0.00875778015  0.000966780455  0.00013921279
 42.9513  0.0100576382  0.00118786966  0.000129897017
 42.9822  0.0110251294  0.00144682761  0.00013795897
 43.0132  0.0117304682  0.00160748937  0.000152409567
 43.0441  0.0123830078  0.00164745504  0.000158982684
 43.075  0.0130368327  0.00192883903  0.000178105779
 43.1059  0.0124612313  0.00185861889  0.000213871805
 43.1368  0.0128877074  0.0019757361  0.000201323394
 43.1677  0.0143832766  0.00236302331  0.000231908426
 43.1986  0.0157061472  0.00275712766  0.000243691531
 43.2295  0.0159320837  0.00332592101  0.000259084726
 43.2604  0.0149179708  0.00269418396  0.000250512887
 43.2913  0.015493607  0.0034650163  0.000283765054
 43.3222  0.017863207  0.00398469571  0.00031579347
 43.3531  0.0193341912  0.00409696373  0.000345733
 43.384  0.0179448123  0.00415669967  0.000377490076
 43.4149  0.0146989936  0.00456381245  0.000307618368
 43.4458  0.0188314017  0.00412389329  0.0003240451
 43.4767  0.0304926131  0.00880631011  0.000532988956
 43.5076  0.039092742  0.0151356225  0.000669479638
 43.5385  0.0374810658  0.0176331334  0.000676578826
 43.5694  0.0219288707  0.00921114411  0.000449137894
 43.6003  0.0156522678  0.00451563963  0.000353124175
 43.6312  0.0232530462  0.00590216851  0.000527638734
 43.6622  0.0409277671  0.0198009755  0.00156545683
 43.6931  0.0615862764  0.0425715559  0.00326307622
 43.724  0.0890964347  0.0876328519  0.0103749335
 43.7549  0.16264105  0.208986738  0.0430680219
 43.7858  0.168125591  0.311357873  0.0991595722
 43.8167  0.128762774  0.367779662  0.126647647
 43.8476  0.173579215  0.585678054  0.129217661
 43.8785  0.205582365  0.411915801  0.0756561155
 43.9094  0.123907949  0.315540344  0.0556902238
 43.9403  0.0534021744  0.0871141318  0.0524328918
 43.9712  0.0188781944  0.0741160526  0.0573143933
 44.0021  nan  nan  nan
 44.033  nan  nan  nan
 44.0639  0.0153035982  0.0256206029  0.0294499135
 44.0948  0.0132349938  0.0194389644  0.0160478481
 44.1257  nan  nan  nan
 44.1566  nan  nan  nan
 44.1875  nan  nan  nan
 44.2184  nan  nan  nan
 44.2493  nan  nan  nan
 44.2802  nan  nan  nan
 44.3112  nan  nan  nan
 44.3421  nan  nan  nan
 44.373  nan  nan  nan
 44.4039  0.00507298848  0.00225136332  0.00223170884
 44.4348  0.0047658955  0.00186196762  0.00193824571
 44.4657  0.00436402472  0.00116324056  0.0011927959
 44.4966  0.00409054786  0.00074429959  0.000754220916
 44.5275  0.00415811195  0.000741912057  0.000700002823
 44.5584  0.00491024941  0.000792091679  0.00064909156
 44.5893  0.00593475822  0.000970921281  0.000588876484
 44.6202  0.00645666477  0.00113452298  0.000667245987
 44.6511  0.00456916111  0.000854149331  0.00103192809
 44.682  0.00456872759  0.0017099554  0.00187922792
 44.7129  0.00614740721  0.00298287254  0.00271433091
 44.7438  0.00544024314  0.00277880556  0.00233133559
 44.7747  0.00181673601  0.00124148129  0.00144286204
 44.8056  0.00151289391  0.000716183519  0.00131604905
 44.8365  0.00168527554  0.000788074345  0.000836749533
 44.8674  0.00146110792  0.000445579082  0.00059149453
 44.8983  0.000998373715  0.00024270584  0.000386569392
 44.9292  0.000998494781  0.000230761167  0.000316814603
 44.9602  0.00101096432  0.000187988456  0.000262165204
 44.9911  0.00106884694  0.000166835238  0.000210980837
 45.022  0.00114226689  0.000144887826  0.000174161266
 45.0529  0.00126192563  0.000114557283  0.000139894899
 45.0838  0.00141447025  9.59328542e-05  0.000118957686
 45.1147  0.00169649301  0.000137310173  0.000126399782
 45.1456  0.00220099207  0.000393964419  0.000225006382
 45.1765  0.00327050508  0.00102702913  0.000841703932
 45.2074  0.00308815184  0.00154070148  0.000480521355
 45.2383  0.00211922214  0.000916226709  0.000255439023
 45.2692  0.00197593395  0.000566263683  0.000309705051
 45.3001  0.00205382783  0.000657868397  0.000443123205
 45.331  nan  nan  nan
