# X (m) TKE_avg epsilon_turb_pw_avg_Y_avg epsilon_pw_avg_Y_avg
 33.031  0.000104352819  0.771711223  0.0481904959
 33.0619  6.43877696e-05  0.0382261895  0.00344635563
 33.0929  6.87088511e-05  0.00718161488  0.000648459346
 33.1238  7.2899185e-05  2.9113649e-06  3.58638824e-06
 33.1548  7.81922831e-05  3.92948086e-06  7.61953067e-06
 33.1857  0.000105430459  1.51876485e-05  2.83294986e-05
 33.2167  0.000106261064  7.51779885e-06  1.56086614e-05
 33.2476  0.000110214167  6.90215322e-06  1.98483401e-05
 33.2786  9.83520662e-05  3.41155234e-06  1.64269317e-05
 33.3095  8.98090472e-05  3.08461298e-06  1.66244759e-05
 33.3405  0.000106877816  3.44008904e-06  1.48276078e-05
 33.3714  9.99954845e-05  3.49330053e-06  1.28920941e-05
 33.4024  0.000103551605  6.27044258e-06  1.9625862e-05
 33.4333  0.000103966667  7.02063399e-06  2.28245089e-05
 33.4643  0.000103163774  7.55961669e-06  2.65628021e-05
 33.4952  9.58371765e-05  8.02348776e-06  2.84155207e-05
 33.5262  9.22982445e-05  8.05768582e-06  3.24084756e-05
 33.5571  9.03001845e-05  6.60700885e-06  3.08125417e-05
 33.5881  0.000114479425  8.08884022e-06  3.57935015e-05
 33.6191  0.000105205991  5.61903369e-06  2.71892841e-05
 33.65  0.00012941614  7.59068606e-06  3.02211757e-05
 33.681  0.000149481317  8.37439895e-06  3.18167757e-05
 33.7119  0.000154267514  6.467462e-06  2.77466286e-05
 33.7429  0.000160778901  8.23488881e-06  3.40500536e-05
 33.7738  0.000168408203  7.75016106e-06  3.19473734e-05
 33.8048  0.000168031243  6.90067148e-06  3.03591444e-05
 33.8357  0.000155894697  6.31405313e-06  3.03599682e-05
 33.8667  0.000145214213  6.05994389e-06  2.96681648e-05
 33.8976  0.000137640392  7.68788644e-06  3.27285399e-05
 33.9286  0.000137808695  6.05366108e-06  2.95534537e-05
 33.9595  0.000152806996  7.07049346e-06  2.98698994e-05
 33.9905  0.000187764509  7.42604404e-06  3.28245805e-05
 34.0214  0.000163473431  6.58879897e-06  3.12614958e-05
 34.0524  0.000165051003  8.25130487e-06  2.96716273e-05
 34.0833  0.00016559015  5.64359234e-06  2.16393879e-05
 34.1143  0.000154301592  6.18690421e-06  2.38856076e-05
 34.1452  0.000153846715  7.57988954e-06  2.61565739e-05
 34.1762  0.000119558607  6.49127756e-06  2.07739129e-05
 34.2071  0.000139361694  7.26827764e-06  2.27651497e-05
 34.2381  0.000137469501  7.4174479e-06  2.3430772e-05
 34.2691  0.000119418043  4.64117509e-06  1.89014372e-05
 34.3  0.00010179055  4.49091407e-06  1.25122043e-05
 34.331  0.000127549686  6.34361286e-06  1.5135976e-05
 34.3619  0.000128750593  7.21128291e-06  1.67464614e-05
 34.3929  0.000115104848  9.79662487e-06  1.65572019e-05
 34.4238  0.000104388453  8.63578712e-06  1.40759921e-05
 34.4548  9.8354972e-05  6.02681509e-06  1.1818706e-05
 34.4857  8.12374831e-05  5.57704099e-06  1.08428378e-05
 34.5167  7.64127378e-05  6.10244105e-06  1.02251346e-05
 34.5476  7.45142219e-05  5.85925988e-06  8.70967932e-06
 34.5786  7.21063071e-05  4.47438119e-06  6.66847427e-06
 34.6095  7.62414466e-05  6.19340769e-06  7.34639403e-06
 34.6405  7.31530488e-05  7.46309038e-06  7.50331565e-06
 34.6714  7.8486416e-05  7.51646271e-06  5.56469634e-06
 34.7024  6.39840775e-05  6.64430056e-06  6.11098773e-06
 34.7333  7.15632868e-05  5.62622625e-06  6.77676692e-06
 34.7643  9.24635568e-05  7.41990801e-06  8.62057e-06
 34.7952  7.70904889e-05  1.10557831e-05  1.10188453e-05
 34.8262  7.75704808e-05  6.58967952e-06  7.03140093e-06
 34.8572  7.58933691e-05  3.69864332e-06  5.61494548e-06
 34.8881  7.16124307e-05  3.74621159e-06  4.43137905e-06
 34.9191  7.56764145e-05  7.21430892e-06  5.0009285e-06
 34.95  7.81270963e-05  1.01726578e-05  8.85715315e-06
 34.981  8.35264401e-05  9.88289483e-06  1.39339517e-05
 35.0119  8.02558249e-05  4.94037923e-06  8.05133607e-06
 35.0429  8.55668539e-05  3.93120923e-06  6.62585796e-06
 35.0738  6.95396034e-05  3.70788135e-06  5.76090225e-06
 35.1048  7.41617113e-05  4.84526834e-06  8.56273346e-06
 35.1357  9.02828322e-05  1.00956971e-05  1.14241567e-05
 35.1667  8.15622857e-05  1.48785783e-05  2.03161848e-05
 35.1976  8.02601566e-05  6.89749107e-06  9.58674507e-06
 35.2286  6.80633808e-05  7.99920618e-06  1.24636414e-05
 35.2595  6.80854103e-05  1.58845933e-05  2.23578009e-05
 35.2905  5.33210827e-05  6.81803423e-06  1.32037787e-05
 35.3214  5.03311853e-05  4.91943873e-06  1.26357847e-05
 35.3524  5.17259099e-05  1.16200927e-05  1.76736254e-05
 35.3833  5.34856764e-05  7.54013934e-06  1.35457926e-05
 35.4143  5.62689522e-05  7.02105109e-06  1.44637874e-05
 35.4453  5.56945964e-05  3.15183282e-06  7.05053368e-06
 35.4762  5.653287e-05  8.83480855e-06  1.41160199e-05
 35.5072  5.31786756e-05  3.56094616e-06  7.18440356e-06
 35.5381  5.18593914e-05  2.70560258e-06  7.33806784e-06
 35.5691  5.30417519e-05  4.41803535e-06  9.93764265e-06
 35.6  5.40448184e-05  4.28925859e-06  9.55250562e-06
 35.631  5.62392066e-05  4.64448204e-06  9.61215589e-06
 35.6619  5.81845043e-05  2.53648459e-06  6.81036003e-06
 35.6929  5.91808323e-05  2.32057753e-06  6.42778487e-06
 35.7238  5.94430637e-05  2.64240047e-06  6.62059911e-06
 35.7548  5.66858516e-05  2.78155609e-06  6.95711105e-06
 35.7857  5.63034124e-05  2.05507191e-06  7.36183288e-06
 35.8167  6.03181452e-05  3.42325068e-06  9.13736824e-06
 35.8476  5.89504527e-05  2.29803647e-06  8.08543118e-06
 35.8786  6.12690385e-05  2.11203005e-06  7.09917956e-06
 35.9095  6.88192228e-05  2.51278941e-06  6.46797949e-06
 35.9405  6.14221397e-05  2.08672365e-06  5.9283318e-06
 35.9714  5.80342586e-05  2.3837203e-06  6.41206821e-06
 36.0024  5.30979962e-05  1.83058153e-06  6.03511647e-06
 36.0333  4.53706128e-05  2.10960018e-06  7.86927949e-06
 36.0643  4.1435703e-05  1.77772026e-06  7.55899941e-06
 36.0953  4.12461172e-05  1.20873593e-06  6.95257534e-06
 36.1262  4.43422489e-05  1.13638843e-06  6.53657759e-06
 36.1572  4.48309314e-05  2.63355638e-06  1.13921248e-05
 36.1881  5.2068619e-05  3.3732022e-06  1.08518617e-05
 36.2191  5.59375391e-05  6.09204159e-06  1.21427272e-05
 36.25  6.28919719e-05  1.4324835e-05  2.19237397e-05
 36.281  6.93808748e-05  4.06463376e-06  6.3379395e-06
 36.3119  6.71369618e-05  2.29431174e-06  4.22529986e-06
 36.3429  6.15950734e-05  2.75235155e-06  4.90727738e-06
 36.3738  5.120529e-05  2.06954414e-06  3.90249988e-06
 36.4048  5.34830553e-05  6.87200124e-06  1.2909999e-05
 36.4357  4.94125141e-05  3.62430646e-06  5.56834792e-06
 36.4667  4.81571422e-05  8.62871578e-06  1.03444582e-05
 36.4976  5.01994585e-05  2.19945646e-05  2.49809131e-05
 36.5286  5.32677574e-05  9.30755857e-06  1.07837561e-05
 36.5595  5.1213414e-05  2.7805118e-05  3.04007183e-05
 36.5905  5.15830538e-05  2.84407832e-05  4.0033422e-05
 36.6214  5.15999335e-05  6.19180991e-06  5.66311615e-06
 36.6524  5.40058789e-05  6.32533367e-06  9.65532701e-06
 36.6834  4.73376856e-05  8.10289798e-06  1.34386642e-05
 36.7143  5.11264318e-05  1.16780276e-05  2.72941196e-05
 36.7453  5.31155856e-05  6.84786274e-06  1.2778001e-05
 36.7762  5.92894492e-05  1.13853018e-05  1.78872351e-05
 36.8072  5.80665393e-05  9.26247967e-06  1.58598983e-05
 36.8381  6.56387603e-05  1.17505674e-05  2.50114141e-05
 36.8691  8.01530367e-05  5.58154307e-06  1.27888134e-05
 36.9  8.47218845e-05  1.11711745e-05  2.29189486e-05
 36.931  0.000102609148  1.15910594e-05  3.35279021e-05
 36.9619  0.000104801569  9.50189554e-06  3.62778578e-05
 36.9929  9.77935785e-05  5.27931148e-06  2.18148174e-05
 37.0238  0.000116619256  5.9312223e-06  2.41880583e-05
 37.0548  0.000161626924  1.06620993e-05  3.47726659e-05
 37.0857  0.000150514906  9.50559747e-06  2.8147429e-05
 37.1167  0.000159353515  9.08305058e-06  2.86641345e-05
 37.1476  0.00016898813  8.47645388e-06  3.06713778e-05
 37.1786  0.000169555063  9.14354302e-06  3.15418221e-05
 37.2095  0.000191043286  1.47407804e-05  3.57546048e-05
 37.2405  0.000177172957  1.47409841e-05  3.83312347e-05
 37.2715  0.000167868973  1.04682521e-05  3.9357398e-05
 37.3024  0.000139318917  6.53099128e-06  3.38456764e-05
 37.3334  0.000136492838  6.84880678e-06  3.27551421e-05
 37.3643  0.00015676799  9.95626471e-06  3.54103145e-05
 37.3953  0.00012088791  6.3499998e-06  3.03321789e-05
 37.4262  0.000122209976  6.22831725e-06  3.21122162e-05
 37.4572  0.000119953986  8.82465225e-06  3.33817143e-05
 37.4881  0.000128275308  9.86332712e-06  3.2898849e-05
 37.5191  0.000113820259  6.58277631e-06  2.55924383e-05
 37.55  0.000124041522  4.77912849e-06  2.16625678e-05
 37.581  0.000108885066  6.17871029e-06  1.72107907e-05
 37.6119  9.80966226e-05  9.90769334e-06  1.98345412e-05
 37.6429  9.98223183e-05  5.3170426e-06  1.15054676e-05
 37.6738  7.9505936e-05  8.09288923e-06  1.19416016e-05
 37.7048  8.18065397e-05  1.01756088e-05  1.15342758e-05
 37.7357  0.000112565804  1.02981353e-05  1.25128505e-05
 37.7667  0.000120641279  1.195424e-05  1.36923371e-05
 37.7976  9.71608103e-05  5.80268605e-06  6.54587603e-06
 37.8286  9.84079233e-05  1.30692054e-05  1.58328499e-05
 37.8595  0.000106437408  1.07773455e-05  1.06304577e-05
 37.8905  0.000116874317  9.10286239e-06  7.04590179e-06
 37.9215  0.000156627628  1.57195406e-05  9.59988763e-06
 37.9524  0.000138565572  1.87882296e-05  2.09454377e-05
 37.9834  0.000152167777  2.18215365e-05  2.5903819e-05
 38.0143  0.00019684523  2.26124426e-05  2.64277837e-05
 38.0453  0.000210478061  1.98338192e-05  2.06296471e-05
 38.0762  0.00021406013  1.73045871e-05  1.37944643e-05
 38.1072  0.000179792105  1.99771348e-05  1.83583508e-05
 38.1381  0.000142006236  4.65472691e-05  5.030115e-05
 38.1691  0.000140841274  5.75479543e-05  8.5218152e-05
 38.2  0.000157880154  5.38775537e-05  0.000104833126
 38.231  0.00012968111  4.70599913e-05  9.12503917e-05
 38.2619  9.38276645e-05  1.03019734e-05  1.55806543e-05
 38.2929  0.000137469023  7.17095285e-05  6.82927761e-05
 38.3238  0.000135135905  6.75990572e-05  6.52635722e-05
 38.3548  0.000143920595  4.11958882e-05  3.8061657e-05
 38.3857  0.000137844691  1.45448385e-05  1.69081369e-05
 38.4167  0.000140803369  6.76458701e-06  2.0126845e-05
 38.4476  0.000123127802  2.22039919e-05  2.27172018e-05
 38.4786  0.000115534421  3.92015346e-05  4.71576248e-05
 38.5096  0.000110817806  2.3469987e-05  3.37666709e-05
 38.5405  0.000103048336  1.15542977e-05  2.07675635e-05
 38.5715  0.000101017622  6.97028187e-06  1.73094405e-05
 38.6024  9.58944657e-05  7.88567004e-06  1.63964185e-05
 38.6334  0.000106233792  1.48803868e-05  2.18123511e-05
 38.6643  0.000104497283  1.11813696e-05  2.00510125e-05
 38.6953  0.000104382162  2.84463881e-06  1.08525206e-05
 38.7262  0.000115438586  3.64953386e-06  1.03912518e-05
 38.7572  0.000114099295  3.3776114e-06  1.05953671e-05
 38.7881  0.000116051369  3.01441379e-06  9.21478858e-06
 38.8191  0.000114772531  2.56765588e-06  9.89998982e-06
 38.85  0.000128237847  3.22650886e-06  1.20182362e-05
 38.881  0.000126137043  5.22785898e-06  1.43641945e-05
 38.9119  0.000130012448  6.32027736e-06  1.44261286e-05
 38.9429  0.000150467667  9.30347816e-06  2.03521064e-05
 38.9738  0.000154909778  8.84744491e-06  2.5025252e-05
 39.0048  0.000165950167  3.23153934e-05  3.93832125e-05
 39.0357  0.000182070875  2.0864838e-05  2.87071247e-05
 39.0667  0.000173614496  1.74656206e-05  2.77673308e-05
 39.0977  0.000182376949  2.97681998e-05  5.30543395e-05
 39.1286  0.000208666356  2.40564977e-05  5.08570323e-05
 39.1596  0.00026070951  3.00669751e-05  7.27411847e-05
 39.1905  0.000287682757  1.30871943e-05  2.61709879e-05
 39.2215  0.000333372385  1.25904154e-05  1.75819804e-05
 39.2524  0.000376342549  2.78396687e-05  3.65466188e-05
 39.2834  0.000388135286  6.14617145e-05  8.45039456e-05
 39.3143  0.000379259014  2.40788318e-05  3.11419005e-05
 39.3453  0.000399724997  4.85050371e-05  6.09207865e-05
 39.3762  0.000397361366  3.18855226e-05  4.2985577e-05
 39.4072  0.000400697087  3.42480529e-05  5.75877508e-05
 39.4381  0.00042885451  4.17015166e-05  7.14103241e-05
 39.4691  0.000438330893  4.3087507e-05  4.92527124e-05
 39.5  0.00049358992  3.10552552e-05  4.89853845e-05
 39.531  0.000558929558  4.40594308e-05  6.52952793e-05
 39.5619  0.000600523917  3.0547082e-05  5.15352814e-05
 39.5929  0.000617736868  1.83748119e-05  3.95945188e-05
 39.6238  0.000692525594  2.98618472e-05  6.04808999e-05
 39.6548  0.000759743532  1.5459373e-05  5.02771688e-05
 39.6857  0.000822675372  1.61416069e-05  5.30402091e-05
 39.7167  0.000765894504  1.37831162e-05  4.60521323e-05
 39.7477  0.000798487257  1.34997103e-05  4.66784027e-05
 39.7786  0.000828680399  1.52685954e-05  5.14033267e-05
 39.8096  0.000855361259  1.85246263e-05  6.01200828e-05
 39.8405  0.00090267855  1.78411686e-05  6.49692087e-05
 39.8715  0.000985989827  2.30193108e-05  7.21475826e-05
 39.9024  0.00105055262  2.75986431e-05  7.86279318e-05
 39.9334  0.00110230614  3.05279114e-05  8.48033498e-05
 39.9643  0.00109004472  3.90202128e-05  8.8724696e-05
 39.9953  0.00113308598  6.38092706e-05  9.80932684e-05
 40.0262  0.00112885223  5.28098e-05  8.06511392e-05
 40.0572  0.00110375297  4.75265087e-05  6.41267197e-05
 40.0881  0.00129863733  5.92186924e-05  6.21532156e-05
 40.1191  0.0013687115  6.22923918e-05  6.14137713e-05
 40.15  0.00143353332  6.69759972e-05  6.55854096e-05
 40.181  0.00165813144  0.000106998644  8.38177167e-05
 40.2119  0.00165111483  0.000113539729  7.8579698e-05
 40.2429  0.00176703144  0.000149246314  8.08632258e-05
 40.2738  0.00184766435  0.000189144286  7.02489786e-05
 40.3048  0.0020964831  0.000234188085  6.8287754e-05
 40.3358  0.00236659039  0.000281968542  7.13163885e-05
 40.3667  0.00313383693  0.000502350753  0.000103970662
 40.3977  0.0037770491  0.000395362341  8.4659207e-05
 40.4286  0.00459791485  0.0004255901  8.83629787e-05
 40.4596  0.00521121269  0.000540028884  9.80668465e-05
 40.4905  0.00565134686  0.000619939211  9.00486198e-05
 40.5215  0.00581084359  0.00058954534  9.49646519e-05
 40.5524  0.00591354237  0.000775303078  0.000118776907
 40.5834  0.00548603042  0.000753348705  0.000125982964
 40.6143  0.00504879967  0.000755143078  8.38478554e-05
 40.6453  0.00451085933  0.000717653961  7.85404172e-05
 40.6762  0.00405517213  0.000695912293  8.34704579e-05
 40.7072  0.00350425242  0.000712929054  8.08187505e-05
 40.7381  0.00524054221  0.000772582346  0.000116846177
 40.7691  0.0121864858  0.00188925476  0.000221221528
 40.8  0.0218419288  0.00456492408  0.000348223249
 40.831  0.0297749216  0.00695443943  0.000404122769
 40.8619  0.033657868  0.00822334509  0.000459735727
 40.8929  0.03696162  0.0140185621  0.000519840493
 40.9239  0.0358501809  0.01281836  0.00048309056
 40.9548  0.0319621017  0.00910713191  0.000373960322
 40.9858  0.0280315868  0.00593983271  0.000284986238
 41.0167  0.0250836908  0.00496741763  0.000267750554
 41.0477  0.0235702111  0.00615431564  0.000278382095
 41.0786  0.0255306917  0.00835906112  0.000343004727
 41.1096  0.0317734434  0.00953441075  0.000354950867
 41.1405  0.0411395605  0.0123671361  0.000413953487
 41.1715  0.0508268729  0.0174954377  0.000547169126
 41.2024  0.0612959512  0.0256657058  0.000767569417
 41.2334  0.0629480652  0.0263096436  0.000833583576
 41.2643  0.0608931899  0.0243949917  0.000729415699
 41.2953  0.0528505531  0.0170268429  0.000585466617
 41.3262  0.0422244226  0.0123767146  0.000595218575
 41.3572  0.0354969066  0.0132395653  0.000736053956
 41.3881  0.0319733548  0.0150589937  0.000848179361
 41.4191  0.0406473295  0.0128404198  0.00104507477
 41.45  0.0259171579  0.0106472898  0.0010102005
 41.481  0.0191320207  0.00702457189  0.000923744833
 41.5119  0.0198720838  0.00567358383  0.000952706986
 41.5429  0.0236199306  0.00644972578  0.00124589626
 41.5739  0.0223453812  0.00521516226  0.0012265755
 41.6048  0.0229301085  0.00649042874  0.00119840122
 41.6358  0.0244151019  0.00922556578  0.00133668563
 41.6667  0.0240762908  0.00688580531  0.00116310843
 41.6977  0.0217178102  0.00485399608  0.00117230454
 41.7286  0.0173438269  0.00488413014  0.000794861444
 41.7596  0.0156315649  0.0053301648  0.000528062678
 41.7905  0.0208311044  0.00828461989  0.00054484818
 41.8215  0.0177510376  0.00630890751  0.000404792924
 41.8524  0.0153398237  0.00498209116  0.00036273044
 41.8834  0.0133609252  0.00330459778  0.000290834829
 41.9143  0.0124212583  0.00200946916  0.000384750568
 41.9453  0.0145267405  0.00220144316  0.000297164056
 41.9762  0.0155285048  0.00217269323  0.000296464227
 42.0072  0.0152167679  0.00237570771  0.000365584532
 42.0381  0.0149249705  0.00256949891  0.000281167881
 42.0691  0.0158686902  0.00286521981  0.000284358736
 42.1  0.0192279439  0.00321377942  0.000257521224
 42.131  0.0191628082  0.00347643524  0.000281079398
 42.162  0.0178975323  0.00274697957  0.000233883579
 42.1929  0.0170297215  0.00241763011  0.000241448814
 42.2239  0.0164919602  0.00214736629  0.000235840508
 42.2548  0.0168318571  0.00185807183  0.000245485354
 42.2858  0.020604414  0.00213730607  0.000266044465
 42.3167  0.0212814567  0.00293115964  0.000275325103
 42.3477  0.0200259736  0.00354773559  0.000313366685
 42.3786  0.0185936203  0.00328104439  0.000281115159
 42.4096  0.0178561422  0.00263297751  0.000248103152
 42.4405  0.0183673226  0.00234971759  0.000261912445
 42.4715  0.0208415007  0.00234659741  0.000224907407
 42.5024  0.0227318045  0.00290509075  0.000248758636
 42.5334  0.0239639399  0.00398351368  0.000280570609
 42.5643  0.0254982138  0.00511807319  0.000343087724
 42.5953  0.0266416437  0.00529101013  0.000339182063
 42.6262  0.0254987375  0.00434178095  0.000288722498
 42.6572  0.020376231  0.00492201193  0.000265978387
 42.6881  0.0191408665  0.00412704883  0.000225838652
 42.7191  0.0161375589  0.00329395257  0.000203383496
 42.75  0.0115754215  0.00244669253  0.000163631115
 42.781  0.00796759416  0.00147639051  0.00010993215
 42.812  0.0074950908  0.00135106659  0.000107077604
 42.8429  0.00724570971  0.00130416188  0.000104305381
 42.8739  0.00921221556  0.00127938277  0.000123442082
 42.9048  0.0119717017  0.00183680708  0.000169285425
 42.9358  0.0143001755  0.00260656903  0.000208336936
 42.9667  0.0154247375  0.00287444682  0.00021239002
 42.9977  0.0155667214  0.00300333576  0.000219085668
 43.0286  0.0165532173  0.00289495028  0.000219152853
 43.0596  0.0175123214  0.00259949555  0.000211511597
 43.0905  0.0186047048  0.00270756267  0.000223356301
 43.1215  0.0197005859  0.00334460917  0.000248147854
 43.1524  0.0203999079  0.00416410293  0.000283812598
 43.1834  0.0210896875  0.00524029196  0.000316724513
 43.2143  0.0188359349  0.00483079356  0.000307221642
 43.2453  0.0190579803  0.00463458768  0.000298708391
 43.2762  0.020609642  0.00474761621  0.000332841256
 43.3072  0.0207466444  0.00479148941  0.000446751089
 43.3381  0.0236512716  0.00567363372  0.000641768047
 43.3691  0.0332919496  0.00881447444  0.000667340632
 43.4001  0.0446420424  0.0167909251  0.000957495109
 43.431  0.0588890206  0.028120583  0.00127952819
 43.462  0.055355897  0.0279439392  0.0012179552
 43.4929  0.0342122865  0.014703606  0.000810528007
 43.5239  0.0374575832  0.0110802434  0.000646216578
 43.5548  0.0431849472  0.0175978499  0.000922570973
 43.5858  0.0414788795  0.0183656164  0.00113174983
 43.6167  0.0378138861  0.0159134842  0.00133543599
 43.6477  0.0324607067  0.0115142089  0.00152151428
 43.6786  0.0300875759  0.0120405111  0.00185696127
 43.7096  0.0252349416  0.0122764468  0.00167599444
 43.7405  0.0316453944  0.0205838685  0.00338629417
 43.7715  0.0254376093  0.0157017185  0.00339198012
 43.8024  0.0202336732  0.0116310141  0.00374834816
 43.8334  0.0159342571  0.0113893185  0.00393526201
 43.8643  0.0105859909  0.00415027455  0.00209611125
 43.8953  0.00773871246  0.00559010174  0.00524628691
 43.9262  0.0106015751  0.0120007668  0.00939904485
 43.9572  0.0111728708  0.0226508258  0.0190260111
 43.9882  0.00908912888  0.00620474574  0.00327878526
 44.0191  0.00666001474  0.00425329104  0.00367183106
 44.0501  0.00685266713  0.0117750842  0.0106628719
 44.081  0.00575179937  0.00214548877  0.00120455386
 44.112  0.00581645989  0.00502708674  0.00449839971
 44.1429  0.00572316854  0.00481846847  0.00348862354
 44.1739  0.00587457977  0.00371179384  0.00255624058
 44.2048  0.00586165183  0.00128680282  0.0012525603
 44.2358  0.00597044452  0.00404098675  0.00364591283
 44.2667  nan  nan  nan
 44.2977  nan  nan  nan
 44.3286  nan  nan  nan
 44.3596  nan  nan  nan
 44.3905  0.009679474  0.00746257654  0.00498922394
 44.4215  nan  nan  nan
 44.4524  0.00757709908  0.0044683937  0.00307332246
 44.4834  0.00729762919  0.00715077858  0.00396354345
 44.5143  0.00752215978  0.00893661286  0.00661132076
 44.5453  0.0129071806  0.0126815021  0.00460703882
 44.5762  0.0265089777  0.00856647889  0.00313549461
 44.6072  0.0204278048  0.00742877262  0.00189908706
 44.6382  0.0144422191  0.00523650107  0.00178190125
 44.6691  0.0116758531  0.00388008571  0.00177664812
 44.7001  0.0113059934  0.00341348597  0.00175143355
 44.731  0.00922883729  0.00270134609  0.00179963082
 44.762  0.00755543354  0.0026569578  0.00194862604
 44.7929  0.0084120439  0.0025804961  0.00211117288
 44.8239  0.0051858931  0.00160316775  0.00127535548
 44.8548  0.00350486292  0.000981591695  0.000702056773
 44.8858  0.00193553694  0.000553534382  0.000292061354
 44.9167  0.00176733992  0.000413175509  0.000245544521
 44.9477  0.00195970227  0.000457900627  0.000338720975
 44.9786  0.00234751032  0.000544224842  0.000510881621
 45.0096  0.00309977271  0.000639909374  0.000750335335
 45.0405  0.00401630549  0.00054069725  0.000773275802
 45.0715  0.00464441058  0.000337409274  0.000520299303
 45.1024  0.00514637412  0.000312971087  0.000277372192
 45.1334  0.00468468463  0.000392340362  0.000217781267
 45.1643  0.00532997997  0.000729274597  0.000375281985
 45.1953  0.00651093888  0.00126553721  0.000470243316
 45.2263  0.00780767562  0.00188398282  0.000446547614
 45.2572  0.00501802018  0.00102724994  0.000373200988
 45.2882  0.00651582588  0.00208203367  0.00117653698
 45.3191  0.00701982294  0.002505373  0.00161867039
 45.3501  nan  nan  nan
