# X (m) TKE_avg epsilon_turb_pw_avg_Y_avg epsilon_pw_avg_Y_avg
 33.0309  0.000125454559  1.0034137  0.147023336
 33.0618  9.87813301e-05  0.170052528  0.05066706
 33.0927  0.000114816723  0.0325363257  0.00968790865
 33.1236  0.000101771874  4.61547587e-06  2.49735974e-06
 33.1545  0.000107242738  5.7480493e-06  4.47594014e-06
 33.1854  0.000124616105  2.59327532e-05  1.85598545e-05
 33.2163  0.000124026048  9.60611322e-06  8.86571111e-06
 33.2472  0.000103556626  5.51379307e-06  8.62538644e-06
 33.2781  0.000106217405  3.03692356e-06  6.66670077e-06
 33.309  0.000121558513  3.39833879e-06  8.0600558e-06
 33.34  0.000115817522  3.701752e-06  6.59700127e-06
 33.3709  7.57639222e-05  2.1955019e-06  4.22107288e-06
 33.4018  7.02640267e-05  3.84588145e-06  8.32771336e-06
 33.4327  7.23390608e-05  4.29603385e-06  9.18677282e-06
 33.4636  7.56002635e-05  4.86172992e-06  1.04999983e-05
 33.4945  7.92020201e-05  5.54801928e-06  1.1760638e-05
 33.5254  9.06980265e-05  6.07313227e-06  1.30969719e-05
 33.5563  9.02664762e-05  4.55291745e-06  1.14878559e-05
 33.5872  0.000102355839  5.40953249e-06  1.28886711e-05
 33.6181  0.000113852983  5.13712604e-06  1.20301139e-05
 33.649  9.7406759e-05  4.95080727e-06  1.04454486e-05
 33.6799  0.000108338465  5.70792067e-06  1.35024166e-05
 33.7108  0.000109062393  6.74326802e-06  1.94427992e-05
 33.7417  0.00011535885  8.13456016e-06  1.98861257e-05
 33.7726  0.000126755933  7.44309899e-06  1.95608146e-05
 33.8035  0.000124587526  6.3901925e-06  1.90411572e-05
 33.8344  0.000131285374  8.75279763e-06  2.38784572e-05
 33.8653  0.000160481121  1.05124761e-05  3.02070654e-05
 33.8962  0.000179467478  1.1414659e-05  4.01259813e-05
 33.9271  0.000147725062  9.6112207e-06  3.87574676e-05
 33.958  0.000149157208  6.81571182e-06  3.67444818e-05
 33.989  0.000152122087  7.53978343e-06  3.99258726e-05
 34.0199  0.000168147498  8.4516275e-06  4.37888995e-05
 34.0508  0.000181152335  8.53498462e-06  3.91428572e-05
 34.0817  0.000184888123  7.93063162e-06  3.6269259e-05
 34.1126  0.000192387777  7.24629807e-06  3.83158496e-05
 34.1435  0.000177629519  6.02975279e-06  3.93703591e-05
 34.1744  0.000172100616  5.6986826e-06  4.28390884e-05
 34.2053  0.000180633637  6.40123571e-06  4.50113355e-05
 34.2362  0.000194212426  6.62521028e-06  4.11080774e-05
 34.2671  0.000196113838  7.68365531e-06  3.27867147e-05
 34.298  0.000193933582  7.95523776e-06  2.49408788e-05
 34.3289  0.000207208282  7.76196982e-06  2.23926824e-05
 34.3598  0.000174670625  5.20379439e-06  1.89569069e-05
 34.3907  0.000168648468  5.61829217e-06  1.7733529e-05
 34.4216  0.000167039137  6.29449605e-06  2.12965666e-05
 34.4525  0.000133421074  5.34477294e-06  2.19730966e-05
 34.4834  0.000147310276  6.09353238e-06  2.60203431e-05
 34.5143  0.000142501148  6.29574624e-06  2.39079834e-05
 34.5452  0.000124522871  5.33692453e-06  1.83019633e-05
 34.5761  0.000122593248  4.30695602e-06  1.62981861e-05
 34.607  0.000104359319  4.22490907e-06  1.4618939e-05
 34.638  0.000112561912  6.64879185e-06  1.4574291e-05
 34.6689  0.00010621622  6.69220876e-06  1.12479084e-05
 34.6998  0.000117903127  7.35592148e-06  9.78293544e-06
 34.7307  0.000118289343  6.57807443e-06  6.95995489e-06
 34.7616  0.000103182881  7.61022048e-06  8.01399563e-06
 34.7925  9.36236968e-05  7.44499655e-06  6.79703877e-06
 34.8234  8.29778734e-05  5.4978941e-06  5.84402886e-06
 34.8543  8.16092641e-05  3.28140016e-06  4.04732689e-06
 34.8852  8.82029827e-05  3.3132632e-06  3.90841858e-06
 34.9161  8.29795447e-05  3.66552642e-06  4.17434385e-06
 34.947  9.20847476e-05  7.6045381e-06  7.58671432e-06
 34.9779  9.31503007e-05  9.23610776e-06  1.14653759e-05
 35.0088  0.000114672689  5.33926208e-06  4.2502402e-06
 35.0397  0.000126718881  6.84426031e-06  5.35764375e-06
 35.0706  0.000140876799  9.29310752e-06  7.91245089e-06
 35.1015  0.000159545458  1.32252495e-05  9.34240494e-06
 35.1324  0.000160038079  1.54141032e-05  1.40982301e-05
 35.1633  0.000153364745  1.08687596e-05  1.03426074e-05
 35.1942  0.000147901614  1.24117913e-05  1.2220218e-05
 35.2251  0.000139826133  1.56191533e-05  1.59158409e-05
 35.2561  0.000145972828  1.72302139e-05  1.35298081e-05
 35.287  0.000213787548  2.04055338e-05  2.01265167e-05
 35.3179  0.00015417318  1.62375378e-05  1.93543663e-05
 35.3488  0.000153380286  1.62572292e-05  1.18399374e-05
 35.3797  0.000163461253  2.33498479e-05  1.9659205e-05
 35.4106  0.000160319538  2.54627745e-05  2.09793597e-05
 35.4415  0.000167895604  2.20052403e-05  9.49508606e-06
 35.4724  0.000150119037  3.06374653e-05  2.13229724e-05
 35.5033  0.000129940043  1.40806347e-05  1.13852051e-05
 35.5342  0.000118170975  1.09307592e-05  1.29054205e-05
 35.5651  0.000118757614  1.42087709e-05  1.19452423e-05
 35.596  0.000132461426  1.80283464e-05  1.1991216e-05
 35.6269  0.000123840603  1.63470507e-05  2.01429426e-05
 35.6578  0.000137178963  1.72789518e-05  1.29405489e-05
 35.6887  0.00010790804  9.43950275e-06  7.36774645e-06
 35.7196  9.68886722e-05  5.08318826e-06  5.11724708e-06
 35.7505  9.87966017e-05  5.63767053e-06  8.15325007e-06
 35.7814  9.58716934e-05  6.27368257e-06  8.42440747e-06
 35.8123  9.58019061e-05  5.33419828e-06  8.77615378e-06
 35.8432  9.38442563e-05  6.75738419e-06  8.76116234e-06
 35.8741  9.1218011e-05  5.49663233e-06  7.34238561e-06
 35.9051  9.36170153e-05  3.01323241e-06  6.06550629e-06
 35.936  9.231182e-05  2.91619034e-06  6.35068802e-06
 35.9669  9.50707798e-05  3.31071422e-06  5.84162758e-06
 35.9978  9.42160308e-05  4.38641393e-06  6.23745739e-06
 36.0287  8.9606335e-05  2.82763025e-06  5.10003628e-06
 36.0596  9.5875752e-05  2.1997383e-06  5.17432164e-06
 36.0905  9.06197288e-05  2.31184436e-06  6.1322158e-06
 36.1214  9.71859139e-05  3.519926e-06  6.10407016e-06
 36.1523  0.000108801069  3.58851266e-06  5.88577314e-06
 36.1832  0.000117414544  3.36235095e-06  6.05847156e-06
 36.2141  0.000132364838  3.74579174e-06  6.48293964e-06
 36.245  0.000127253767  3.89719257e-06  6.97502404e-06
 36.2759  0.000125567763  4.45893023e-06  7.16509252e-06
 36.3068  0.000118249217  3.50564804e-06  6.54851136e-06
 36.3377  0.000114646973  4.2463983e-06  8.16071036e-06
 36.3686  0.000119754049  4.3561427e-06  7.50311604e-06
 36.3995  0.000113158876  5.5255215e-06  1.01389353e-05
 36.4304  0.000114923986  4.98391189e-06  8.26627494e-06
 36.4613  0.000116696268  5.94037327e-06  6.84598462e-06
 36.4922  0.0001486048  2.25135983e-05  2.35331733e-05
 36.5231  0.000168267678  1.26146395e-05  1.30316844e-05
 36.5541  0.00018637444  2.52884823e-05  2.66264269e-05
 36.585  0.000187512055  2.7759716e-05  3.52811396e-05
 36.6159  0.00017015753  1.71373109e-05  2.88917229e-05
 36.6468  0.000156306913  6.72450947e-06  6.76507004e-06
 36.6777  0.000132016607  1.74343559e-05  4.17121334e-05
 36.7086  0.00011457577  1.35325954e-05  3.01304363e-05
 36.7395  9.75717599e-05  7.46954633e-06  1.36969237e-05
 36.7704  9.28502712e-05  1.28347292e-05  1.93167913e-05
 36.8013  0.000106376573  1.56065089e-05  1.90341965e-05
 36.8322  0.000102337266  1.86632414e-05  3.27853405e-05
 36.8631  0.000116267994  2.03716851e-05  4.24030012e-05
 36.894  0.000125946814  2.20509957e-05  2.85030213e-05
 36.9249  0.000144281821  2.63997348e-05  3.821665e-05
 36.9558  0.000146682309  1.92634986e-05  4.08415601e-05
 36.9867  0.000178207168  1.83865886e-05  4.63952315e-05
 37.0176  0.000156010286  8.2516466e-06  2.47848405e-05
 37.0485  0.000173303538  1.27559934e-05  3.35625959e-05
 37.0794  0.000197148252  1.81015276e-05  5.5060996e-05
 37.1103  0.000168936938  1.24912305e-05  4.05465869e-05
 37.1412  0.000177473274  1.36915531e-05  5.24807018e-05
 37.1721  0.000167003261  1.22092858e-05  4.89347483e-05
 37.2031  0.000181888548  1.45721972e-05  5.44504007e-05
 37.234  0.000199525434  1.92996544e-05  6.4331663e-05
 37.2649  0.000210303481  1.55952974e-05  5.89242379e-05
 37.2958  0.00020655691  1.73437489e-05  6.15370023e-05
 37.3267  0.000195120603  1.01644386e-05  5.43498888e-05
 37.3576  0.000159122642  8.10278005e-06  5.31029318e-05
 37.3885  0.000162499059  7.50913291e-06  5.79966876e-05
 37.4194  0.000167286989  7.35555775e-06  5.32994729e-05
 37.4503  0.000198990292  9.29637878e-06  5.59807553e-05
 37.4812  0.000207602705  9.12295078e-06  5.63944517e-05
 37.5121  0.000169112628  6.79328835e-06  5.31072813e-05
 37.543  0.000181287653  8.08327127e-06  5.52081058e-05
 37.5739  0.0001766979  8.47579307e-06  5.25345721e-05
 37.6048  0.000206035996  9.55781301e-06  5.48512425e-05
 37.6357  0.000235191156  9.98365194e-06  5.91725397e-05
 37.6666  0.000244023803  8.93813507e-06  5.9105127e-05
 37.6975  0.000226060909  8.98241198e-06  5.59833492e-05
 37.7284  0.000188621736  8.14683162e-06  5.47955217e-05
 37.7593  0.000179007845  9.28349736e-06  4.54571264e-05
 37.7902  0.000214855662  1.36251665e-05  3.67354854e-05
 37.8211  0.000214268541  1.71317098e-05  2.65908178e-05
 37.8521  0.000213129057  1.95925656e-05  2.40277163e-05
 37.883  0.000183621389  1.62607752e-05  1.01587007e-05
 37.9139  0.000162736011  1.64889233e-05  8.08329497e-06
 37.9448  0.000143974518  1.17975695e-05  9.56624484e-06
 37.9757  0.000151521595  1.42102317e-05  1.53467442e-05
 38.0066  0.000156163809  2.00389361e-05  2.32495027e-05
 38.0375  0.000161419204  2.06100244e-05  2.55935983e-05
 38.0684  0.00018354933  1.58391788e-05  2.10992217e-05
 38.0993  0.000196662642  9.39713052e-06  1.21031883e-05
 38.1302  0.000216859144  3.86258764e-05  4.30409263e-05
 38.1611  0.000239066881  3.50502625e-05  4.13938337e-05
 38.192  0.000281583749  3.65593365e-05  5.53049637e-05
 38.2229  0.000311844002  4.56451163e-05  5.65624041e-05
 38.2538  0.000279722111  2.95259386e-05  2.75154446e-05
 38.2847  0.00029880867  4.45396596e-05  3.75576735e-05
 38.3156  0.000318594504  5.63884962e-05  4.90599428e-05
 38.3465  0.000325690247  4.15654592e-05  3.25506074e-05
 38.3774  0.000324568244  2.92051181e-05  1.90496013e-05
 38.4083  0.000334988138  2.78719537e-05  1.50718723e-05
 38.4392  0.000317760379  3.21698639e-05  2.19696806e-05
 38.4702  0.00030762371  5.52564691e-05  4.39273388e-05
 38.5011  0.000327578137  8.28307689e-05  8.02812759e-05
 38.532  0.000315115067  3.9248354e-05  2.77805611e-05
 38.5629  0.000283407163  3.51825936e-05  2.50002011e-05
 38.5938  0.000301277843  3.46427033e-05  2.10328101e-05
 38.6247  0.000233750387  2.96164496e-05  3.23756358e-05
 38.6556  0.000216338692  5.14659902e-05  5.22632607e-05
 38.6865  0.000159202901  1.71711075e-05  2.51805529e-05
 38.7174  0.00014361098  1.29018224e-05  2.06396436e-05
 38.7483  0.000132380754  1.48832687e-05  1.87372064e-05
 38.7792  0.000118868101  5.7971652e-06  1.43997632e-05
 38.8101  0.000116301719  5.35667431e-06  1.30969959e-05
 38.841  0.000119912373  2.97025768e-06  1.21418329e-05
 38.8719  0.000122532036  4.64226913e-06  1.31948544e-05
 38.9028  0.000126200251  5.54237699e-06  1.43054179e-05
 38.9337  0.000129428072  8.22348545e-06  1.86539828e-05
 38.9646  0.000161211901  9.79184115e-06  2.25536739e-05
 38.9955  0.000198736931  2.16488154e-05  2.68016318e-05
 39.0264  0.000212195715  2.60241398e-05  2.68052731e-05
 39.0573  0.000200245682  5.32862614e-05  5.22199698e-05
 39.0882  0.000164409907  3.8902587e-05  4.85764645e-05
 39.1192  0.00016128144  2.05604627e-05  3.13640864e-05
 39.1501  0.0001700421  2.40978259e-05  4.61638007e-05
 39.181  0.000170732341  9.33100266e-06  2.42750922e-05
 39.2119  0.000198390912  8.26026214e-06  1.21254643e-05
 39.2428  0.000221646213  1.4352175e-05  1.68763127e-05
 39.2737  0.000253468024  5.6323489e-05  7.88418266e-05
 39.3046  0.000293992558  2.53142991e-05  3.57849488e-05
 39.3355  0.000345594757  4.98762305e-05  6.87239281e-05
 39.3664  0.00036767093  4.52241823e-05  7.19816332e-05
 39.3973  0.000384130618  4.4869857e-05  0.000104006796
 39.4282  0.000341580181  4.36740199e-05  0.000121598995
 39.4591  0.000350454545  2.41192197e-05  5.5910112e-05
 39.49  0.000368416656  2.0359092e-05  5.3951101e-05
 39.5209  0.000381085375  3.93660082e-05  7.76403463e-05
 39.5518  0.000379165725  2.6984053e-05  5.45580008e-05
 39.5827  0.000394985374  1.1550855e-05  3.47007038e-05
 39.6136  0.000390835174  2.45973658e-05  5.7414988e-05
 39.6445  0.000384329681  1.2853211e-05  4.49248915e-05
 39.6754  0.000371020306  1.25437582e-05  4.43069573e-05
 39.7063  0.00035000978  9.30004911e-06  3.11698938e-05
 39.7372  0.000357213642  1.01632479e-05  3.92958728e-05
 39.7682  0.000338771728  8.78103901e-06  3.33200874e-05
 39.7991  0.000345781827  1.39908601e-05  4.10063797e-05
 39.83  0.000356886932  1.24916572e-05  3.47607199e-05
 39.8609  0.000407027951  1.39591973e-05  3.64104106e-05
 39.8918  0.000451529773  1.32498673e-05  3.52717575e-05
 39.9227  0.000469933652  1.32432944e-05  3.59873687e-05
 39.9536  0.00046815485  1.39830072e-05  3.87626243e-05
 39.9845  0.000488615707  1.34814021e-05  4.21400999e-05
 40.0154  0.000533043106  1.57128405e-05  5.02849285e-05
 40.0463  0.000603172275  1.69603424e-05  5.63361448e-05
 40.0772  0.000665806572  1.86906956e-05  5.66717392e-05
 40.1081  0.000657431148  2.09470609e-05  5.20878555e-05
 40.139  0.000672116513  2.22102626e-05  5.57234e-05
 40.1699  0.000738582538  2.5602367e-05  5.70154587e-05
 40.2008  0.000786194067  2.68602466e-05  5.29309374e-05
 40.2317  0.00097395001  3.24138145e-05  5.88323963e-05
 40.2626  0.00116932074  4.19593903e-05  6.48054e-05
 40.2935  0.00140607844  6.50800021e-05  6.51701992e-05
 40.3244  0.00197318623  8.60717668e-05  7.87005772e-05
 40.3553  0.00248945535  0.000139591761  8.27010106e-05
 40.3862  0.00304953009  0.000161575089  8.34699526e-05
 40.4172  0.0034412232  0.000154901127  7.63326984e-05
 40.4481  0.00345561568  0.000145399166  7.08183549e-05
 40.479  0.00328672517  0.000152325627  6.75030456e-05
 40.5099  0.00335101328  0.000161578569  7.9408235e-05
 40.5408  0.00335218655  0.000151557061  8.89210777e-05
 40.5717  0.00358699102  0.000177279845  9.02474998e-05
 40.6026  0.00377511449  0.000226083488  0.000102378285
 40.6335  0.00385138731  0.000284705858  0.000143077602
 40.6644  0.00385649637  0.000342832174  0.000101815133
 40.6953  0.00383364412  0.000332958519  9.56662789e-05
 40.7262  0.00398674458  0.000311519516  8.97790041e-05
 40.7571  0.00445917543  0.00032809984  8.21612457e-05
 40.788  0.00545143985  0.000463016514  0.00014171202
 40.8189  0.00669849245  0.000478527086  0.000108804997
 40.8498  0.00837409017  0.000619538604  0.000127298874
 40.8807  0.00914268143  0.000638317196  0.000111993839
 40.9116  0.00944200486  0.000698350626  0.00011836758
 40.9425  0.0098279715  0.000703447846  0.000107689004
 40.9734  0.0104716724  0.000700711055  9.870792e-05
 41.0043  0.0109778971  0.000794459304  0.00010633846
 41.0352  0.0100127306  0.000987735398  0.0001212637
 41.0662  0.00964247191  0.00110701754  0.000125842346
 41.0971  0.00952796549  0.00106170333  0.00012478721
 41.128  0.00938994413  0.00104026572  0.000127701752
 41.1589  0.0090513248  0.00118134387  0.000124674865
 41.1898  0.00931074308  0.00129306449  0.000147536273
 41.2207  0.0116655714  0.00143843677  0.000197425039
 41.2516  0.0139121025  0.00156728544  0.000274650791
 41.2825  0.0168796029  0.00203341864  0.000360384231
 41.3134  0.0216574334  0.00329793464  0.000444864161
 41.3443  0.0255949573  0.00673490139  0.000498191048
 41.3752  0.0596632178  0.0275924783  0.00153168772
 41.4061  0.053710336  0.0250682681  0.00135962205
 41.437  0.0402303069  0.0170948468  0.000849200705
 41.4679  0.0298893505  0.00832889161  0.000480664781
 41.4988  0.02981524  0.012323462  0.000637470195
 41.5297  0.0236008216  0.0107055146  0.00066933952
 41.5606  0.0168608898  0.00671699451  0.00043790767
 41.5915  0.0152207985  0.00395367075  0.000440870123
 41.6224  0.0133550287  0.00169357436  0.000249096792
 41.6533  0.011123  0.00118925184  0.000242304303
 41.6842  0.0123935231  0.00123669041  0.000298166923
 41.7152  0.0136632448  0.00178901769  0.000505709315
 41.7461  0.0158141434  0.00160465494  0.000171572555
 41.777  0.0166107813  0.00187803602  0.000193415967
 41.8079  0.0171037048  0.00218928427  0.000220329306
 41.8388  0.0185941886  0.00224106333  0.000280694105
 41.8697  0.0178846088  0.00268000471  0.00038041621
 41.9006  0.0181056825  0.00258402304  0.000335958632
 41.9315  0.0185346054  0.0025291866  0.000360514049
 41.9624  0.0179585383  0.00242402649  0.000363090101
 41.9933  0.0163430109  0.00224147025  0.000309653505
 42.0242  0.0144840581  0.00203603324  0.000397919981
 42.0551  0.0148207361  0.00192988364  0.000198196663
 42.086  0.0148604844  0.00240219292  0.000217606727
 42.1169  0.0148437813  0.00249783713  0.000209885167
 42.1478  0.0144281709  0.00229195885  0.00020622072
 42.1787  0.0141704918  0.00228082204  0.000227213126
 42.2096  0.0150136467  0.00218100419  0.00031452483
 42.2405  0.0137364322  0.00190073571  0.000216283274
 42.2714  0.01169801  0.00164076999  0.000180308771
 42.3023  0.0105643853  0.00147975161  0.000155962947
 42.3333  0.0112352312  0.00159549596  0.000193547902
 42.3642  0.0134854222  0.0019845635  0.00027884301
 42.3951  0.018208403  0.00297605696  0.000320041099
 42.426  0.0240366429  0.00356213261  0.000362684358
 42.4569  0.0262921559  0.00377068162  0.000349174633
 42.4878  0.0232362306  0.00381645015  0.000269533919
 42.5187  0.0183704235  0.00378248549  0.000240297366
 42.5496  0.0168324832  0.00328963253  0.000251131356
 42.5805  0.0152754825  0.00297721324  0.000213723842
 42.6114  0.0132265426  0.00290129778  0.000192820378
 42.6423  0.0104380168  0.00235515707  0.000160175562
 42.6732  0.0087454755  0.00175301188  0.0001153587
 42.7041  0.00844904676  0.00136080351  0.000112811394
 42.735  0.00765772757  0.000957666558  9.7816364e-05
 42.7659  0.00701706266  0.00086526059  9.19076338e-05
 42.7968  0.00631539854  0.000824118656  9.51491032e-05
 42.8277  0.00620968235  0.000810902658  9.94087587e-05
 42.8586  0.0068454749  0.00083894687  0.000100847783
 42.8895  0.00789463195  0.000963741171  0.000112854735
 42.9204  0.00955608901  0.00119923573  0.000136079772
 42.9513  0.0105225235  0.00130358357  0.000141556258
 42.9823  0.0113144145  0.00154663599  0.000152232251
 43.0132  0.0119942371  0.0017738321  0.00016713556
 43.0441  0.0128255574  0.00198261637  0.000182904276
 43.075  0.0128349636  0.00226688638  0.000194595418
 43.1059  0.0137298531  0.00244304779  0.000213714173
 43.1368  0.0146820982  0.00242572021  0.000226012833
 43.1677  0.0162345088  0.00291959431  0.0002507894
 43.1986  0.0169858014  0.00329361223  0.000254379101
 43.2295  0.0163451581  0.00312745931  0.000280438902
 43.2604  0.0149503636  0.00304305899  0.000258294837
 43.2913  0.0179747122  0.0034052222  0.000316985312
 43.3222  0.0213414201  0.00444079696  0.000395858597
 43.3531  0.022720619  0.0053241585  0.000480230976
 43.384  0.0218094516  0.00547194675  0.000507330466
 43.4149  0.0194710604  0.00496888533  0.000422104749
 43.4458  0.0329700343  0.0078679223  0.000466149467
 43.4767  0.0429218453  0.0186303951  0.000755883549
 43.5076  0.0392552696  0.0177743207  0.000755491456
 43.5385  0.0285261273  0.0115916618  0.000582484222
 43.5694  0.0212785819  0.00830440706  0.000536625242
 43.6003  0.0257842321  0.00935800735  0.000744462376
 43.6313  0.0255691703  0.0128220672  0.0010076837
 43.6622  0.0288609064  0.0143075725  0.00214009848
 43.6931  0.0334239827  0.0188577634  0.005113157
 43.724  0.0698655098  0.0502925665  0.0131720356
 43.7549  0.0775681866  0.0713400795  0.0266995054
 43.7858  0.0321645277  0.05864691  0.0396838497
 43.8167  0.0266267629  0.0781737078  0.0665486141
 43.8476  0.0298953775  0.0370276131  0.0117560132
 43.8785  0.0214372606  0.0209875422  0.00802789787
 43.9094  0.00550073185  0.0225272299  0.0204844908
 43.9403  0.0133373967  0.0398136718  0.039064608
 43.9712  0.00995850698  0.0503695711  0.048177078
 44.0021  0.00733353791  0.00633410181  0.00594972011
 44.033  0.00673997138  0.0125323112  0.0120632077
 44.0639  0.00852057125  0.0223185422  0.0225886249
 44.0948  0.00790857124  0.00978404329  0.00905824165
 44.1257  0.00679907025  0.00856689208  0.00848555624
 44.1566  0.00944016473  0.0099707218  0.00985024971
 44.1875  nan  nan  nan
 44.2184  nan  nan  nan
 44.2493  nan  nan  nan
 44.2803  nan  nan  nan
 44.3112  nan  nan  nan
 44.3421  nan  nan  nan
 44.373  nan  nan  nan
 44.4039  nan  nan  nan
 44.4348  0.00689264442  0.00215374549  0.00192596117
 44.4657  0.00608310284  0.0014274139  0.00129060366
 44.4966  0.00534212625  0.0009220359  0.000909386547
 44.5275  0.0046003338  0.000823525418  0.000723064735
 44.5584  0.00500602072  0.00090688996  0.000712154328
 44.5893  0.00634055283  0.00106274308  0.000668114623
 44.6202  0.00749198059  0.00103320385  0.000732061276
 44.6511  0.00547872231  0.0010501614  0.00118056039
 44.682  0.00809251751  0.0019018034  0.00197164281
 44.7129  0.00627975304  0.00282130651  0.0027650039
 44.7438  0.00290564642  0.00235839028  0.00231109164
 44.7747  0.00195008526  0.000968294559  0.00138251939
 44.8056  0.00165577489  0.000733994148  0.00136820923
 44.8365  0.00166079426  0.000760868005  0.000852458859
 44.8674  0.00138602539  0.000415740337  0.000570625241
 44.8983  0.00128582071  0.000270246024  0.000430622018
 44.9293  0.000994415616  0.000232299122  0.000315595169
 44.9602  0.00100802573  0.000189004348  0.00025879051
 44.9911  0.00111341814  0.000169044849  0.000217822876
 45.022  0.00106469326  0.000133178129  0.000163028478
 45.0529  0.00122778116  0.000110832041  0.000126022718
 45.0838  0.00139669533  0.000104705227  0.000106144511
 45.1147  0.00189196441  0.000230293755  0.000134621339
 45.1456  0.00268850313  0.000433608969  0.000260991977
 45.1765  0.00357954946  0.00113822019  0.000998222193
 45.2074  0.00288289994  0.00148463594  0.000493740055
 45.2383  0.00215619062  0.00109016726  0.00026118884
 45.2692  0.00242312383  0.0010268138  0.000356561431
 45.3001  0.00198384763  0.000726343137  0.000425565538
 45.331  nan  nan  nan
