# X (m) TKE_avg epsilon_turb_pw_avg_Y_avg epsilon_pw_avg_Y_avg
 33.0309  0.000117749621  1.61605876e+168  0.167521359
 33.0618  9.65296455e-05  1.0984193e+168  0.056087306
 33.0927  0.000109312626  2.10186842e+167  0.0107577419
 33.1236  0.000102591354  4.94336279e-06  3.62118433e-06
 33.1545  8.95560547e-05  3.98946547e-06  5.10542523e-06
 33.1854  0.000110800667  1.140088e-05  1.52586737e-05
 33.2163  0.000126861509  6.30310345e-06  9.75093877e-06
 33.2472  0.000116928326  5.70955132e-06  1.262196e-05
 33.2781  0.000122621061  3.46169677e-06  1.12065823e-05
 33.3091  0.000107473888  2.84625748e-06  1.08015162e-05
 33.34  0.000119932675  3.53598407e-06  9.29906402e-06
 33.3709  8.97899913e-05  2.96247328e-06  7.18093638e-06
 33.4018  8.38457443e-05  4.8113946e-06  1.19783445e-05
 33.4327  8.71765325e-05  5.33783298e-06  1.39634011e-05
 33.4636  8.80051537e-05  5.64411748e-06  1.53251998e-05
 33.4945  9.66391236e-05  6.4141931e-06  1.75540042e-05
 33.5254  0.00010445416  7.0680211e-06  1.89441656e-05
 33.5563  0.000115303518  6.29143024e-06  1.7757778e-05
 33.5872  0.000103752985  6.38396585e-06  1.70092506e-05
 33.6181  0.000117525023  6.30776395e-06  1.79944228e-05
 33.649  0.00014119352  6.81945117e-06  1.96527879e-05
 33.6799  0.000160636757  8.79240536e-06  2.16779965e-05
 33.7108  0.000136639768  8.91391356e-06  2.21136826e-05
 33.7417  0.000142279834  8.26286169e-06  2.31222123e-05
 33.7726  0.000142006574  7.23354543e-06  2.13945779e-05
 33.8035  0.00013180005  6.73573861e-06  1.87773599e-05
 33.8344  0.000126829012  6.8927744e-06  1.84610678e-05
 33.8653  0.000129512436  6.96517028e-06  1.94009863e-05
 33.8962  0.000136266776  7.13954029e-06  2.27670632e-05
 33.9272  0.00013760454  5.89021217e-06  2.2758609e-05
 33.9581  0.000120392149  5.51287702e-06  2.0855306e-05
 33.989  0.000131497158  7.00276022e-06  2.50056403e-05
 34.0199  0.000132811202  7.5848824e-06  2.56710076e-05
 34.0508  0.000136944847  6.54604242e-06  2.60466445e-05
 34.0817  0.00015150238  5.72208344e-06  2.49811514e-05
 34.1126  0.000147014663  6.39269796e-06  2.60925989e-05
 34.1435  0.000144127116  6.21451119e-06  2.48493899e-05
 34.1744  0.000150293295  5.24911662e-06  2.25462469e-05
 34.2053  0.000160972769  5.11477783e-06  2.39922815e-05
 34.2362  0.000141967925  5.39274759e-06  2.06085709e-05
 34.2671  0.000150510118  6.07791478e-06  2.10312489e-05
 34.298  0.000146365631  6.16441562e-06  1.96473025e-05
 34.3289  0.000173697934  6.72964344e-06  2.26517961e-05
 34.3598  0.000142204939  4.16092529e-06  2.03663611e-05
 34.3907  0.000108044759  3.66108029e-06  1.64720227e-05
 34.4216  0.000111927689  4.44208179e-06  1.80521175e-05
 34.4525  0.000139789746  5.96082636e-06  1.89972924e-05
 34.4834  0.000126840946  6.22793607e-06  1.56215934e-05
 34.5143  0.000120374042  6.35176599e-06  1.36063828e-05
 34.5453  0.000102812182  4.76172857e-06  1.1936455e-05
 34.5762  0.000101699842  4.01778048e-06  9.87880903e-06
 34.6071  8.58963479e-05  5.85041635e-06  9.35178647e-06
 34.638  8.93256082e-05  5.44227324e-06  7.53672046e-06
 34.6689  8.84731162e-05  5.82603085e-06  6.6009083e-06
 34.6998  8.44878815e-05  6.05919088e-06  6.74306683e-06
 34.7307  8.40098848e-05  4.98101343e-06  5.85939286e-06
 34.7616  8.42857823e-05  5.40492016e-06  6.47364842e-06
 34.7925  8.12527992e-05  7.45223327e-06  1.02359031e-05
 34.8234  8.51029979e-05  6.49932947e-06  8.55090268e-06
 34.8543  8.20698614e-05  3.69697549e-06  5.18794819e-06
 34.8852  8.07055007e-05  3.13004113e-06  4.9567249e-06
 34.9161  9.11524387e-05  4.01505808e-06  6.12993115e-06
 34.947  0.00010101922  8.69915608e-06  9.61448201e-06
 34.9779  0.000102558595  1.02252355e-05  1.15272771e-05
 35.0088  0.000135786718  1.48182503e-05  9.64087318e-06
 35.0397  0.000177642793  1.82346749e-05  9.80933916e-06
 35.0706  0.000157415012  1.00910653e-05  6.97382109e-06
 35.1015  0.000150367852  6.41728932e-06  5.61163056e-06
 35.1324  0.000133461021  1.11530518e-05  9.11825253e-06
 35.1634  0.000156358172  1.97322942e-05  1.88863904e-05
 35.1943  0.000176723642  2.60597889e-05  2.55860864e-05
 35.2252  0.000145935855  1.45837595e-05  1.07334952e-05
 35.2561  0.000123937607  2.07269118e-05  1.77546327e-05
 35.287  0.000153420828  2.97555696e-05  2.69813163e-05
 35.3179  0.000171508227  2.28129343e-05  1.37193868e-05
 35.3488  0.000160835184  2.46557629e-05  1.85556873e-05
 35.3797  0.000134463007  1.52924977e-05  1.02189923e-05
 35.4106  0.000111205305  1.21378199e-05  9.98426896e-06
 35.4415  9.97328458e-05  1.00668811e-05  7.41998396e-06
 35.4724  9.86817505e-05  1.00887981e-05  9.52260837e-06
 35.5033  0.000100916049  1.12055936e-05  1.31618235e-05
 35.5342  0.000111345812  8.05842139e-06  8.38742799e-06
 35.5651  0.000107904986  1.00587382e-05  9.87577125e-06
 35.596  9.26875517e-05  1.39932649e-05  1.39373992e-05
 35.6269  8.46152827e-05  4.73065376e-06  6.67831812e-06
 35.6578  8.91354243e-05  3.79309949e-06  5.21455359e-06
 35.6887  8.44269249e-05  3.15169148e-06  4.54561239e-06
 35.7196  8.5812997e-05  3.11330412e-06  4.64236576e-06
 35.7505  8.2493601e-05  3.30653351e-06  5.21265152e-06
 35.7815  8.47763042e-05  6.05283412e-06  8.240261e-06
 35.8124  8.24427826e-05  2.4392485e-06  5.32935761e-06
 35.8433  8.3073554e-05  3.41413211e-06  5.80577078e-06
 35.8742  8.03534616e-05  3.31576778e-06  5.77767836e-06
 35.9051  7.87345651e-05  2.7521079e-06  5.06441199e-06
 35.936  7.59518541e-05  2.81856328e-06  5.14164702e-06
 35.9669  7.8529677e-05  1.92443648e-06  4.58415123e-06
 35.9978  7.71345021e-05  1.49839227e-06  4.90660392e-06
 36.0287  7.92355461e-05  2.01434003e-06  6.05733309e-06
 36.0596  7.83591323e-05  2.54537925e-06  7.42391058e-06
 36.0905  8.33068403e-05  2.5958656e-06  6.82503899e-06
 36.1214  9.21917791e-05  2.20153135e-06  5.88364281e-06
 36.1523  9.62071718e-05  2.52186047e-06  6.44893849e-06
 36.1832  0.000107573183  3.66646501e-06  9.13304986e-06
 36.2141  0.000119227029  5.03641587e-06  1.0262255e-05
 36.245  0.000123083351  7.57649581e-06  1.32232992e-05
 36.2759  0.000110336742  5.23601643e-06  8.82919421e-06
 36.3068  0.000115854362  3.93571873e-06  7.43481267e-06
 36.3377  0.00011421386  3.7525206e-06  7.46791007e-06
 36.3686  0.000113064086  4.1262362e-06  6.86299094e-06
 36.3996  0.000110480596  7.07813977e-06  1.18795724e-05
 36.4305  0.00010376876  5.36742927e-06  8.1572935e-06
 36.4614  0.00013044011  6.35623957e-06  7.85984281e-06
 36.4923  0.000133197083  2.10839019e-05  2.40223325e-05
 36.5232  0.000153644732  1.41476315e-05  1.40084833e-05
 36.5541  0.000165093381  2.54045208e-05  2.55116387e-05
 36.585  0.000166769334  2.80929389e-05  3.41204071e-05
 36.6159  0.000167019695  1.90056174e-05  2.79318905e-05
 36.6468  0.00018758185  8.14512265e-06  6.75870081e-06
 36.6777  0.000158407973  1.94185095e-05  3.76006174e-05
 36.7086  0.00013909926  1.43459627e-05  2.56723044e-05
 36.7395  0.000103867596  6.90616465e-06  1.10949796e-05
 36.7704  9.04637267e-05  1.12193219e-05  1.51827113e-05
 36.8013  0.000107116639  1.80751883e-05  1.6903853e-05
 36.8322  0.000116877287  2.00392836e-05  2.81083375e-05
 36.8631  0.000117159692  1.66301543e-05  3.27968423e-05
 36.894  0.000125382693  1.65209726e-05  2.19733991e-05
 36.9249  0.000136262977  2.00194449e-05  2.77864252e-05
 36.9558  0.000154075268  1.81838302e-05  3.16915727e-05
 36.9867  0.000128265174  1.32308393e-05  2.81947052e-05
 37.0177  0.000130766294  7.40299251e-06  1.82590407e-05
 37.0486  0.000140629609  1.10196647e-05  2.48175489e-05
 37.0795  0.000140970036  1.29334499e-05  3.34135696e-05
 37.1104  0.000148827933  9.3704299e-06  2.77408325e-05
 37.1413  0.000159153568  8.73832348e-06  3.20071294e-05
 37.1722  0.000168099505  8.33582564e-06  3.44555244e-05
 37.2031  0.000196748276  1.26169906e-05  4.31390003e-05
 37.234  0.000191008265  1.46872232e-05  4.46942792e-05
 37.2649  0.00019539874  1.29399059e-05  4.29024163e-05
 37.2958  0.000190426196  1.05877764e-05  4.06890909e-05
 37.3267  0.000195676594  1.02127483e-05  4.46073548e-05
 37.3576  0.000193549322  1.00295551e-05  4.78341526e-05
 37.3885  0.000196671162  1.18860934e-05  4.74610036e-05
 37.4194  0.000208930505  1.16994684e-05  4.66461074e-05
 37.4503  0.000196671435  8.89297592e-06  4.24283915e-05
 37.4812  0.000210560909  7.72527497e-06  4.50256632e-05
 37.5121  0.000203196872  7.85026255e-06  4.56494872e-05
 37.543  0.000209216088  1.10666627e-05  4.56908177e-05
 37.5739  0.000177054379  8.26985823e-06  4.17736986e-05
 37.6048  0.000198485756  9.75762876e-06  4.92477469e-05
 37.6358  0.000196571915  8.40922188e-06  4.95321392e-05
 37.6667  0.000177043082  8.46989469e-06  5.0024693e-05
 37.6976  0.000162022025  1.38114179e-05  4.84935729e-05
 37.7285  0.000154457182  1.27464273e-05  3.95368186e-05
 37.7594  0.000147929679  1.55844138e-05  3.26304986e-05
 37.7903  0.000153425981  1.36137697e-05  1.84133599e-05
 37.8212  0.000155980972  1.83431228e-05  1.7650744e-05
 37.8521  0.00019128562  2.50585446e-05  1.70196933e-05
 37.883  0.000147556985  1.31184377e-05  7.89333128e-06
 37.9139  0.000129715148  6.96090732e-06  9.11408651e-06
 37.9448  0.00013393278  8.94122672e-06  1.42892866e-05
 37.9757  0.000156244252  1.84373279e-05  2.53113176e-05
 38.0066  0.000185447116  2.929825e-05  3.80017796e-05
 38.0375  0.000204679366  3.06962736e-05  4.12184712e-05
 38.0684  0.000224965157  2.29461688e-05  3.14176793e-05
 38.0993  0.000270600392  1.6080211e-05  1.79769831e-05
 38.1302  0.000287627617  4.11046805e-05  3.82105275e-05
 38.1611  0.000305300354  7.13052708e-05  7.92443839e-05
 38.192  0.000299534038  6.05717481e-05  0.000106132124
 38.223  0.000341897182  6.1474254e-05  0.00010355966
 38.2539  0.000332564034  2.94448434e-05  2.11709567e-05
 38.2848  0.000324676697  7.34166605e-05  5.35924207e-05
 38.3157  0.000328476936  9.01794613e-05  7.07916879e-05
 38.3466  0.000385594767  6.54469891e-05  5.0997659e-05
 38.3775  0.000349121547  4.13294579e-05  2.25176397e-05
 38.4084  0.000382135499  2.8566825e-05  2.3061863e-05
 38.4393  0.000331571971  3.27482173e-05  2.89573545e-05
 38.4702  0.000317458909  5.37890125e-05  4.43998053e-05
 38.5011  0.00026981004  5.19110754e-05  4.63332232e-05
 38.532  0.000190091981  2.8236671e-05  3.08125579e-05
 38.5629  0.000142873629  2.19786872e-05  2.05565805e-05
 38.5938  0.000116909927  4.95913111e-06  1.73409428e-05
 38.6247  0.000108065944  6.64184438e-06  1.94270493e-05
 38.6556  0.000104938747  5.88206084e-06  1.78399433e-05
 38.6865  0.000103321685  2.77830882e-06  1.24800989e-05
 38.7174  0.000111168448  3.75391267e-06  1.0856795e-05
 38.7483  0.000103283212  1.96807877e-06  1.01754699e-05
 38.7792  0.000102662793  1.88468086e-06  1.00444648e-05
 38.8101  0.000107325134  2.10143693e-06  1.14984687e-05
 38.8411  0.000110790752  2.21134921e-06  1.0459065e-05
 38.872  0.000113916068  3.48573171e-06  1.14073141e-05
 38.9029  0.000137057445  7.80977878e-06  1.5527164e-05
 38.9338  0.000146481231  1.83686413e-05  2.71615849e-05
 38.9647  0.000174856069  1.96251298e-05  3.14395986e-05
 38.9956  0.000216915369  4.74985456e-05  4.99780456e-05
 39.0265  0.000251502305  5.60316892e-05  5.37222491e-05
 39.0574  0.000237731729  3.67537766e-05  4.0360724e-05
 39.0883  0.000193802716  2.36747976e-05  2.88395428e-05
 39.1192  0.000198139418  3.68014232e-05  6.18767604e-05
 39.1501  0.000194615354  1.92137397e-05  3.39933162e-05
 39.181  0.000185984549  1.6572576e-05  3.78478302e-05
 39.2119  0.000190906458  8.87485119e-06  1.59727343e-05
 39.2428  0.000208592196  1.47953287e-05  2.06076924e-05
 39.2737  0.000223047694  6.23833212e-05  8.64769298e-05
 39.3046  0.000247214356  7.10092988e-05  9.86270374e-05
 39.3355  0.000298695403  2.59144122e-05  3.16399561e-05
 39.3664  0.000356466075  3.96545397e-05  6.2080168e-05
 39.3973  0.000406012785  4.42297196e-05  9.41585746e-05
 39.4282  0.000405838241  2.29554236e-05  5.34808294e-05
 39.4592  0.000390760733  3.99887947e-05  7.27082186e-05
 39.4901  0.00036297142  3.28527503e-05  6.48624234e-05
 39.521  0.000363832617  2.42316329e-05  5.53632335e-05
 39.5519  0.000373323669  1.83172338e-05  4.61865177e-05
 39.5828  0.000397617479  1.25791727e-05  3.87300245e-05
 39.6137  0.00039633188  1.87616429e-05  4.69745107e-05
 39.6446  0.000376955111  2.02575384e-05  5.84708289e-05
 39.6755  0.000366416703  1.44537079e-05  4.29710926e-05
 39.7064  0.000353229031  1.27478015e-05  3.48552851e-05
 39.7373  0.000365756842  1.11437825e-05  3.42875012e-05
 39.7682  0.000350931405  1.09893296e-05  3.27973388e-05
 39.7991  0.000361127647  1.11924339e-05  3.29648367e-05
 39.83  0.000383888748  1.08678743e-05  3.63934252e-05
 39.8609  0.00041054182  8.96048252e-06  3.6503818e-05
 39.8918  0.000414805927  8.12467326e-06  3.55741506e-05
 39.9227  0.000431122882  6.40280036e-06  3.61557373e-05
 39.9536  0.000450534003  6.39113589e-06  4.05191747e-05
 39.9845  0.00046077539  6.82372212e-06  4.66630418e-05
 40.0154  0.000489170383  8.70566629e-06  5.76601963e-05
 40.0463  0.000557177277  1.40903667e-05  6.43747262e-05
 40.0773  0.000605661164  1.9104515e-05  6.01408857e-05
 40.1082  0.000622281651  1.33504436e-05  5.31781759e-05
 40.1391  0.000592094493  1.32637685e-05  5.01171521e-05
 40.17  0.000611469968  2.14002721e-05  4.74383692e-05
 40.2009  0.000763302386  4.26149725e-05  6.2221223e-05
 40.2318  0.000848994302  5.23981605e-05  6.46532092e-05
 40.2627  0.00116313976  7.14479602e-05  9.18137671e-05
 40.2936  0.00129482506  8.21844867e-05  8.52593836e-05
 40.3245  0.00175790044  0.000123164304  7.79921926e-05
 40.3554  0.00227768809  0.000126171146  8.03077258e-05
 40.3863  0.00282923829  0.000138122092  8.08920729e-05
 40.4172  0.00331654987  0.000150198169  7.47977823e-05
 40.4481  0.00352007392  0.000160730216  7.52891934e-05
 40.479  0.00343961184  0.00017099865  8.44542303e-05
 40.5099  0.00348578739  0.000206289246  0.000125047726
 40.5408  0.00358031899  0.000198381659  0.000123472813
 40.5717  0.00375785236  0.000213092331  0.000124833048
 40.6026  0.00394380276  0.000237853144  9.23565834e-05
 40.6335  0.00399077512  0.000379342193  0.000150138729
 40.6644  0.00371229007  0.000273060767  9.34391317e-05
 40.6954  0.00380627451  0.000255997011  9.74092213e-05
 40.7263  0.00411437505  0.000296188451  9.92609043e-05
 40.7572  0.0049670426  0.000403371477  0.000151225084
 40.7881  0.00670185587  0.000490580429  0.000166475084
 40.819  0.00857577794  0.000564878754  0.000134584733
 40.8499  0.00995075421  0.000681979948  0.000139772673
 40.8808  0.00988217155  0.000798350129  0.000127501344
 40.9117  0.0102027277  0.000905790101  0.000134105153
 40.9426  0.0111738389  0.00102309138  0.000133808846
 40.9735  0.0115309187  0.00118534582  0.000122834618
 41.0044  0.00989066328  0.00131522443  0.000134946124
 41.0353  0.00904934483  0.00117439426  0.000132896636
 41.0662  0.00925937393  0.0011818924  0.000141952837
 41.0971  0.00932865068  0.00132416789  0.000183125129
 41.128  0.0092228285  0.00150274454  0.000247659748
 41.1589  0.0102429449  0.00147419664  0.000351018558
 41.1898  0.0137657374  0.00388888662  0.000366084748
 41.2207  0.0204249738  0.00558457648  0.000924820354
 41.2516  0.0346862903  0.0083513161  0.00164957141
 41.2825  0.0374959389  0.0103647912  0.00124331894
 41.3135  0.0202508393  0.00552776478  0.000606466512
 41.3444  0.0157262913  0.00201815856  0.000272867691
 41.3753  0.0146838829  0.00147485609  0.000256342194
 41.4062  0.0135288661  0.00135843341  0.000253287496
 41.4371  0.0116009211  0.00112352328  0.000163968312
 41.468  0.0100969304  0.00112826147  0.00025730122
 41.4989  0.0116398054  0.00118825842  0.000187936562
 41.5298  0.0140217003  0.00147295881  0.000303798985
 41.5607  0.0159879424  0.002064315  0.000340007168
 41.5916  0.017266245  0.00239787844  0.000519110853
 41.6225  0.0168400946  0.00231268463  0.000329746329
 41.6534  0.0140622765  0.00200238336  0.000280506912
 41.6843  0.0113309221  0.00129440981  0.000228026431
 41.7152  0.0131263653  0.00172447854  0.000442819199
 41.7461  0.0147989062  0.00178522766  0.000168237469
 41.777  0.0165070428  0.00181345161  0.000185130116
 41.8079  0.0180225088  0.00190942726  0.000212153598
 41.8388  0.0187932199  0.00243350623  0.000334108055
 41.8697  0.019585991  0.00260746159  0.000598208359
 41.9006  0.0202852449  0.00297690058  0.000366574866
 41.9316  0.0208548139  0.00314918873  0.00038005837
 41.9625  0.0210100998  0.00310997887  0.000364922599
 41.9934  0.0201805804  0.00296268538  0.000286133383
 42.0243  0.0178707335  0.00267196614  0.000326510309
 42.0552  0.0160334856  0.00223725482  0.000219106297
 42.0861  0.0166901895  0.00240565379  0.000229027877
 42.117  0.0173299688  0.00262781186  0.000221849916
 42.1479  0.0170045201  0.00281455722  0.000230665782
 42.1788  0.016138259  0.00304101054  0.00024827794
 42.2097  0.0173479756  0.0029495509  0.000309367668
 42.2406  0.0161945784  0.00250811712  0.00024082564
 42.2715  0.014220903  0.00217548906  0.000217048786
 42.3024  0.0122991038  0.00192465459  0.000179282767
 42.3333  0.0116044988  0.00191411473  0.000195426339
 42.3642  0.0127976549  0.00215856164  0.000250608945
 42.3951  0.0169505356  0.00267492915  0.000276110369
 42.426  0.0235529663  0.00336192995  0.000351778703
 42.4569  0.0281037546  0.00419773673  0.000365647557
 42.4878  0.0268707538  0.00482609379  0.000314364124
 42.5188  0.0219298359  0.00482056495  0.00030386204
 42.5497  0.0180368546  0.00370464096  0.000262004007
 42.5806  0.0175175644  0.00396269251  0.000246650748
 42.6115  0.0160597416  0.00404220565  0.000231794828
 42.6424  0.0126725595  0.00321777698  0.000189441158
 42.6733  0.00982799608  0.00220855768  0.00013095012
 42.7042  0.00850062673  0.00155075654  0.00011826617
 42.7351  0.00728416144  0.00096909477  9.87351584e-05
 42.766  0.00702092019  0.000885504216  9.52522667e-05
 42.7969  0.00659234368  0.000841144637  9.62852615e-05
 42.8278  0.00661915654  0.000850940932  9.84762684e-05
 42.8587  0.00756213668  0.000983172835  0.000105592434
 42.8896  0.00914652032  0.00126250131  0.000136052379
 42.9205  0.0100988507  0.00163850052  0.00015544474
 42.9514  0.0110101824  0.00154983892  0.000157363679
 42.9823  0.0116152868  0.00170663504  0.000160912347
 43.0132  0.0121670715  0.00188774234  0.000164658776
 43.0441  0.0125439056  0.0019909868  0.000179683276
 43.075  0.0127724774  0.00223406165  0.000204460911
 43.1059  0.0140917575  0.0023868941  0.000219286185
 43.1369  0.0164245626  0.00299207261  0.000269266465
 43.1678  0.0180294074  0.0033301064  0.000281009058
 43.1987  0.0181408052  0.00316604959  0.000271253058
 43.2296  0.0173727435  0.00319363373  0.000287864433
 43.2605  0.0171016014  0.00333010923  0.000304165972
 43.2914  0.0252904413  0.00636990699  0.000423859348
 43.3223  0.0282064162  0.00806311746  0.000521651603
 43.3532  0.0258261408  0.00752810174  0.000560387656
 43.3841  0.0255324978  0.00670210045  0.000583072574
 43.415  0.0365770162  0.00816910718  0.000611682865
 43.4459  0.0487323713  0.0219468741  0.00106097827
 43.4768  0.0453021249  0.0234930423  0.000942589542
 43.5077  0.0334906359  0.0140741542  0.000721228642
 43.5386  0.0266639158  0.00769134772  0.000635257058
 43.5695  0.0242305114  0.00914708446  0.000822735096
 43.6004  0.0240003087  0.0114128961  0.00107834842
 43.6313  0.0225205666  0.0082631094  0.00147056338
 43.6622  0.0163416406  0.00563860333  0.00171634233
 43.6931  0.0105638408  0.0034002408  0.00101721842
 43.724  0.0153596185  0.0107918613  0.00252335563
 43.755  0.016638126  0.0193698993  0.00279792415
 43.7859  0.0126302591  0.00971950492  0.00412806447
 43.8168  0.0116166812  0.00733324901  0.00757321613
 43.8477  0.00814666322  0.00233675871  0.00275748034
 43.8786  0.0104291603  0.00752099946  0.00781952719
 43.9095  0.0108865203  0.0153056617  0.0165601895
 43.9404  0.0141476945  0.0364081644  0.0361130763
 43.9713  0.0108870332  0.0435884255  0.0406279138
 44.0022  0.00483123337  0.00258904572  0.00252395449
 44.0331  0.00841967395  0.0120828776  0.0120133696
 44.064  0.0104659849  0.0152457431  0.0130757237
 44.0949  0.00428514314  0.00224354545  0.00227509276
 44.1258  0.00589568748  0.00739845404  0.00731255996
 44.1567  0.00576190888  0.00821843598  0.00768090624
 44.1876  0.0128725931  0.00876680016  0.00886830436
 44.2185  0.0136942663  0.00747787807  0.0054199191
 44.2494  0.0103004415  0.00548617844  0.00517862257
 44.2803  nan  nan  nan
 44.3112  nan  nan  nan
 44.3421  nan  nan  nan
 44.3731  nan  nan  nan
 44.404  nan  nan  nan
 44.4349  0.00896252368  0.00236042008  0.00127339492
 44.4658  0.00875204979  0.00209913536  0.00133816929
 44.4967  0.00655265644  0.00123696049  0.000939924627
 44.5276  0.00534338271  0.000946696989  0.00072651057
 44.5585  0.00571252718  0.00100469897  0.000708928901
 44.5894  0.00694487871  0.00117683412  0.000731679822
 44.6203  0.00816689536  0.00129289302  0.000781315097
 44.6512  0.00732027464  0.00100354703  0.00111135341
 44.6821  0.007055224  0.00233019504  0.00200192657
 44.713  0.00485167631  0.00290263551  0.00271113367
 44.7439  0.00289847644  0.00178723148  0.00198519208
 44.7748  0.00212751107  0.000761897182  0.00130906449
 44.8057  0.00172143568  0.00073597428  0.00135173306
 44.8366  0.00169255828  0.000690571702  0.00077853309
 44.8675  0.00143543262  0.000371137362  0.000533761492
 44.8984  0.00134358116  0.000254160988  0.000425794586
 44.9293  0.00106192625  0.000235892107  0.00032715078
 44.9602  0.00114507107  0.000198327152  0.000268761145
 44.9912  0.00112587034  0.000153373508  0.000206339395
 45.0221  0.00122630991  0.00014172804  0.00017306556
 45.053  0.00135645789  0.000122426809  0.00013464216
 45.0839  0.00149953519  0.000120604669  0.000108830577
 45.1148  0.00187120766  0.000282800559  0.000125744442
 45.1457  0.00278616066  0.000811503853  0.000294036279
 45.1766  0.00353074452  0.00153886324  0.00115492559
 45.2075  0.00274396531  0.00130884987  0.000539314971
 45.2384  0.00232675813  0.00109445748  0.000341060994
 45.2693  0.00264076542  0.00108440182  0.000484477038
 45.3002  0.00220357395  0.000775970264  0.000527548918
 45.3311  nan  nan  nan
