# X (m) TKE_avg epsilon_turb_pw_avg_Y_avg epsilon_pw_avg_Y_avg
 33.0309  7.1382954e-05  0.335113984  0.0153154045
 33.0619  7.78028972e-05  0.00882306512  0.000995810051
 33.0928  8.80698652e-05  0.00167248814  0.0001909704
 33.1237  8.92248531e-05  4.86035963e-06  2.62268829e-06
 33.1547  8.71908524e-05  3.51432619e-06  2.57692642e-06
 33.1856  9.62438003e-05  1.20484039e-05  7.817225e-06
 33.2165  9.61535587e-05  8.91752236e-06  6.75502243e-06
 33.2474  8.76200594e-05  6.00985058e-06  7.7921466e-06
 33.2784  6.96206135e-05  2.23838659e-06  5.14718354e-06
 33.3093  6.27501092e-05  1.75096581e-06  4.64286062e-06
 33.3402  7.51189696e-05  2.26215803e-06  3.95322843e-06
 33.3712  8.40111585e-05  2.20799696e-06  3.73333684e-06
 33.4021  8.90588798e-05  1.77100666e-06  3.21259721e-06
 33.433  8.62792954e-05  1.41345587e-06  3.79610853e-06
 33.464  7.19696499e-05  1.47899832e-06  4.63907002e-06
 33.4949  6.90494255e-05  2.26915705e-06  4.89391977e-06
 33.5258  6.37379373e-05  2.4175429e-06  4.85135438e-06
 33.5567  5.78498005e-05  1.89475046e-06  4.87172404e-06
 33.5877  6.62047367e-05  1.8912824e-06  5.47472134e-06
 33.6186  7.45073527e-05  1.97154405e-06  5.25118145e-06
 33.6495  7.98932402e-05  1.89761406e-06  4.75998394e-06
 33.6805  8.4488427e-05  2.58063571e-06  6.37411306e-06
 33.7114  9.60110408e-05  1.82056446e-06  6.90570858e-06
 33.7423  8.34464615e-05  2.95158331e-06  7.63748315e-06
 33.7733  8.74526259e-05  3.45056263e-06  7.47649857e-06
 33.8042  8.70397809e-05  3.27572703e-06  6.72385032e-06
 33.8351  8.67023435e-05  2.80989448e-06  6.04871794e-06
 33.8661  9.25152015e-05  3.45345745e-06  8.28148365e-06
 33.897  9.14537079e-05  4.01903182e-06  1.00011554e-05
 33.9279  8.589885e-05  2.29059468e-06  7.38750101e-06
 33.9588  8.4183925e-05  4.09918279e-06  9.95414019e-06
 33.9898  8.39662803e-05  5.26598432e-06  1.25016058e-05
 34.0207  8.62961634e-05  3.13615968e-06  9.98956217e-06
 34.0516  8.33213261e-05  4.33023325e-06  1.45352199e-05
 34.0826  7.87820048e-05  3.47239464e-06  1.09845362e-05
 34.1135  8.35894125e-05  3.25237434e-06  1.06280171e-05
 34.1444  0.000102712083  4.16605065e-06  1.47388127e-05
 34.1754  9.35285771e-05  5.18056566e-06  1.71898591e-05
 34.2063  9.65172244e-05  6.14090802e-06  2.10225555e-05
 34.2372  0.000120868356  5.76994503e-06  2.41645812e-05
 34.2681  0.000121457392  5.95381356e-06  2.75386333e-05
 34.2991  0.000129117596  6.58123894e-06  3.24882507e-05
 34.33  0.000137709378  6.56706671e-06  3.49727749e-05
 34.3609  0.000155784678  7.02549848e-06  3.76228657e-05
 34.3919  0.00014028184  6.57441237e-06  3.74023231e-05
 34.4228  0.000134224322  7.53997874e-06  3.46439722e-05
 34.4537  0.000129701185  6.87176646e-06  2.54114307e-05
 34.4847  0.000142238083  7.46690185e-06  2.99443657e-05
 34.5156  0.00014658074  7.51424323e-06  3.73615974e-05
 34.5465  0.000126712377  7.95126342e-06  4.30127857e-05
 34.5775  0.000140685832  6.69092332e-06  4.56280404e-05
 34.6084  0.000143761687  8.26031771e-06  4.31587164e-05
 34.6393  0.000132795489  6.98409671e-06  3.27126668e-05
 34.6702  0.000117572943  6.39752779e-06  2.65851553e-05
 34.7012  0.000110151828  5.93995399e-06  2.50976213e-05
 34.7321  0.000115883375  6.45752094e-06  2.75765405e-05
 34.763  0.000134596276  8.20382422e-06  2.53541538e-05
 34.794  0.000162761617  1.10002066e-05  2.15731783e-05
 34.8249  0.000170864471  9.63723699e-06  2.02078535e-05
 34.8558  0.000158419332  8.16949498e-06  1.85010394e-05
 34.8868  0.000136962599  8.36355222e-06  1.58636766e-05
 34.9177  0.000107433616  5.09946554e-06  1.09325244e-05
 34.9486  0.000133316695  7.64367763e-06  1.05988202e-05
 34.9795  0.000151464452  1.04525488e-05  8.99773208e-06
 35.0105  0.00015425842  1.22289438e-05  7.14848349e-06
 35.0414  0.000137822227  1.0116768e-05  5.63092949e-06
 35.0723  0.000114041218  6.36005779e-06  5.0719401e-06
 35.1033  0.000129434331  9.32098236e-06  6.35382567e-06
 35.1342  0.000103378636  1.05074267e-05  5.75908261e-06
 35.1651  9.50428634e-05  9.70864263e-06  5.78962158e-06
 35.1961  9.45884135e-05  7.86510973e-06  4.2917554e-06
 35.227  8.9649498e-05  7.13691318e-06  4.93665484e-06
 35.2579  9.01109827e-05  8.82706444e-06  8.15684135e-06
 35.2889  7.76512881e-05  5.90217777e-06  4.38831809e-06
 35.3198  7.8055822e-05  6.96295797e-06  5.13098791e-06
 35.3507  6.97195713e-05  8.19253614e-06  8.34426403e-06
 35.3816  6.818146e-05  5.54725632e-06  5.76353186e-06
 35.4126  6.56631684e-05  5.79593763e-06  5.75473898e-06
 35.4435  5.90026231e-05  5.88577221e-06  5.85839448e-06
 35.4744  6.1281706e-05  6.91860811e-06  8.65126942e-06
 35.5054  5.75665537e-05  8.01848911e-06  1.14484657e-05
 35.5363  6.06764917e-05  5.45294667e-06  6.64443857e-06
 35.5672  5.60224845e-05  6.00079296e-06  7.7080276e-06
 35.5982  5.91681699e-05  4.9278625e-06  6.612395e-06
 35.6291  6.57323777e-05  5.8780023e-06  1.06784416e-05
 35.66  6.84063887e-05  4.30147824e-06  6.17677908e-06
 35.691  6.64875273e-05  4.62314138e-06  5.22296111e-06
 35.7219  7.11437361e-05  4.63677177e-06  5.20647479e-06
 35.7528  7.65078039e-05  5.23280202e-06  7.38501796e-06
 35.7837  8.13995994e-05  1.01831671e-05  1.845545e-05
 35.8147  7.97116349e-05  3.31881324e-06  7.76261283e-06
 35.8456  8.00436508e-05  8.96150512e-06  1.20547599e-05
 35.8765  7.87105881e-05  8.56362052e-06  1.030337e-05
 35.9075  8.15045694e-05  6.28802355e-06  6.30837898e-06
 35.9384  8.85231768e-05  6.83339749e-06  4.62115733e-06
 35.9693  8.89115277e-05  4.01693131e-06  6.5564911e-06
 36.0003  8.61647942e-05  1.11106634e-05  1.51894627e-05
 36.0312  8.94690313e-05  7.13456546e-06  9.14472351e-06
 36.0621  0.000103150634  6.6335377e-06  8.2219111e-06
 36.093  0.000129866011  1.16022665e-05  1.15706061e-05
 36.124  0.000131015528  1.51407817e-05  1.26613883e-05
 36.1549  0.000116252897  1.52591307e-05  9.86248919e-06
 36.1858  9.7750339e-05  6.99465169e-06  1.06769892e-05
 36.2168  9.28327259e-05  6.43421542e-06  1.06256511e-05
 36.2477  7.31356949e-05  4.62529161e-06  8.46259501e-06
 36.2786  7.71432488e-05  5.03807231e-06  9.571027e-06
 36.3096  8.54696265e-05  5.10354116e-06  1.00789215e-05
 36.3405  0.000106117558  5.60705476e-06  8.49796974e-06
 36.3714  9.97083308e-05  3.66685179e-06  6.70294552e-06
 36.4024  8.77387407e-05  3.77573818e-06  6.31803924e-06
 36.4333  7.64763333e-05  3.07530096e-06  6.07755783e-06
 36.4642  7.01465223e-05  3.91521069e-06  6.24060136e-06
 36.4951  6.04821744e-05  3.69653409e-06  4.78953662e-06
 36.5261  5.18014405e-05  5.24980714e-06  6.47357448e-06
 36.557  4.58071471e-05  3.74036622e-06  6.22463993e-06
 36.5879  4.63376274e-05  1.5401862e-06  4.57829286e-06
 36.6189  4.98283465e-05  2.66385519e-06  6.09407293e-06
 36.6498  4.94697579e-05  3.39443796e-06  7.19695976e-06
 36.6807  4.55979714e-05  1.57981451e-06  6.44352733e-06
 36.7117  5.18227123e-05  2.90208165e-06  1.21870375e-05
 36.7426  5.72416511e-05  2.50281353e-06  1.05241431e-05
 36.7735  6.15276e-05  6.61141355e-06  1.5751607e-05
 36.8044  7.0022567e-05  6.74080338e-06  1.34987727e-05
 36.8354  7.29214273e-05  3.34743877e-06  1.54215354e-05
 36.8663  6.68349265e-05  2.71635742e-06  1.27834204e-05
 36.8972  7.8033954e-05  1.0393613e-05  2.21108066e-05
 36.9282  9.15126625e-05  9.78996919e-06  2.46442287e-05
 36.9591  9.20272492e-05  3.21526925e-06  9.7713002e-06
 36.99  9.69767735e-05  3.81821689e-06  1.01999958e-05
 37.021  9.42377655e-05  3.68528715e-06  9.30655868e-06
 37.0519  0.000121613218  1.28754654e-05  2.34686271e-05
 37.0828  0.000119252915  5.78787642e-06  1.86107572e-05
 37.1138  0.00012909858  5.17436963e-06  2.60682539e-05
 37.1447  0.000119113806  3.90698907e-06  2.59143813e-05
 37.1756  0.000138119103  5.26193448e-06  2.05018478e-05
 37.2065  0.000145631417  6.69804087e-06  2.46727196e-05
 37.2375  0.000129961922  9.46094195e-06  3.257689e-05
 37.2684  0.00011839256  1.45288139e-05  4.99981919e-05
 37.2993  0.000108005207  9.35065333e-06  5.10107779e-05
 37.3303  0.000136329998  1.19353411e-05  7.03116963e-05
 37.3612  0.00014200532  1.41872769e-05  7.89369433e-05
 37.3921  0.000111661772  1.23351313e-05  6.50079931e-05
 37.4231  0.000107378828  1.01059243e-05  6.41446044e-05
 37.454  0.000126865723  8.19781e-06  6.36728318e-05
 37.4849  0.000139112333  6.79727851e-06  5.5751041e-05
 37.5158  0.000164445338  8.17987333e-06  5.85665554e-05
 37.5468  0.000145756854  6.38525044e-06  5.35712499e-05
 37.5777  0.000146773132  6.68754581e-06  5.94614217e-05
 37.6086  0.00014673579  7.40659929e-06  6.46893584e-05
 37.6396  0.00012750044  8.1014905e-06  6.36422923e-05
 37.6705  0.000123663429  9.7280481e-06  6.1993639e-05
 37.7014  0.00014868578  1.2010515e-05  5.66888407e-05
 37.7324  0.000161463414  9.90263477e-06  4.26744776e-05
 37.7633  0.000162248059  9.73753066e-06  2.8593988e-05
 37.7942  0.000193476197  1.11774863e-05  2.37893652e-05
 37.8252  0.000176075126  1.25538004e-05  1.85235118e-05
 37.8561  0.000143745356  1.29447673e-05  1.27834622e-05
 37.887  0.000127529293  9.69491262e-06  8.88968596e-06
 37.9179  0.000156000219  1.27045365e-05  8.3759168e-06
 37.9489  0.000150965037  1.37080785e-05  6.67125739e-06
 37.9798  0.000195071583  1.93694697e-05  8.06610265e-06
 38.0107  0.000201246446  2.09567842e-05  8.79647096e-06
 38.0417  0.000178685918  1.75856582e-05  8.06326403e-06
 38.0726  0.000145822879  1.40176293e-05  6.40735862e-06
 38.1035  0.000196108339  1.07583478e-05  5.10179007e-06
 38.1345  0.000204749317  1.80998126e-05  1.24278248e-05
 38.1654  0.000202189179  1.69015663e-05  1.01544426e-05
 38.1963  0.000199612951  1.73140023e-05  1.16496104e-05
 38.2272  0.000173062686  1.20181962e-05  1.10352826e-05
 38.2582  0.000140435409  1.04051031e-05  8.26272249e-06
 38.2891  0.000128490125  1.60799375e-05  1.45407049e-05
 38.32  0.000124196841  1.88324099e-05  1.52624119e-05
 38.351  0.00010260917  1.34545215e-05  9.72831385e-06
 38.3819  0.000106467471  1.52168545e-05  1.14065176e-05
 38.4128  0.000108556837  7.74733169e-06  4.56986969e-06
 38.4438  0.000102955729  2.7480968e-05  2.28703469e-05
 38.4747  0.000101950907  2.36184937e-05  2.26156326e-05
 38.5056  0.000111028006  3.75572013e-05  4.16383202e-05
 38.5366  0.000101803246  1.97097131e-05  1.72287478e-05
 38.5675  0.00010494738  1.48944113e-05  1.32762429e-05
 38.5984  0.000119107157  1.52598918e-05  1.23449072e-05
 38.6293  0.000140259657  2.04643398e-05  2.01503377e-05
 38.6603  0.000123236084  3.88162306e-05  4.74683745e-05
 38.6912  0.000109234747  1.97543612e-05  1.90953008e-05
 38.7221  0.000106843905  2.05369263e-05  2.09903898e-05
 38.7531  0.000110189109  1.01013722e-05  1.23796347e-05
 38.784  0.000113482423  3.72741166e-05  5.60198437e-05
 38.8149  0.00011208565  2.82811318e-05  4.87603744e-05
 38.8459  0.000124989841  5.42505565e-06  7.48354557e-06
 38.8768  0.000133182914  4.59361638e-06  7.97715778e-06
 38.9077  0.000152270915  7.70541163e-06  1.04346708e-05
 38.9386  0.000167161543  1.54365052e-05  1.56476801e-05
 38.9696  0.000206867832  3.01411772e-05  2.64359041e-05
 39.0005  0.000237098623  3.53770197e-05  3.22855467e-05
 39.0314  0.000266717498  2.325631e-05  3.23502816e-05
 39.0624  0.00028539943  1.63201889e-05  3.41319432e-05
 39.0933  0.000324472782  2.87335039e-05  4.22754125e-05
 39.1242  0.000278996897  4.20268851e-05  4.79212593e-05
 39.1552  0.000250998011  3.7040932e-05  4.34999635e-05
 39.1861  0.000259543658  1.01302366e-05  1.97471273e-05
 39.217  0.000315110471  1.23606884e-05  2.14571768e-05
 39.248  0.00037414584  1.73425138e-05  2.20872477e-05
 39.2789  0.000410648822  1.62813213e-05  1.80998102e-05
 39.3098  0.000390509321  1.70190965e-05  2.4295401e-05
 39.3407  0.000335113253  1.34675616e-05  2.80495901e-05
 39.3717  0.000338603354  6.72283431e-06  1.67096507e-05
 39.4026  0.000339683204  5.3885272e-06  1.88856042e-05
 39.4335  0.000357844913  8.59632258e-06  2.97362236e-05
 39.4645  0.000389848786  9.93270271e-06  2.83098065e-05
 39.4954  0.000417413871  1.26127962e-05  2.55588219e-05
 39.5263  0.000480038292  2.99698529e-05  4.5341054e-05
 39.5573  0.000497532726  2.59843917e-05  3.67983272e-05
 39.5882  0.000524275047  1.39550615e-05  2.27889531e-05
 39.6191  0.000582609009  1.64609563e-05  3.52476198e-05
 39.65  0.000554961107  6.26064405e-06  2.07542877e-05
 39.681  0.000618433504  1.44046696e-05  3.72420793e-05
 39.7119  0.000596812524  1.68179797e-05  2.6581419e-05
 39.7428  0.000586057847  2.77154274e-05  3.08680293e-05
 39.7738  0.000662592582  1.59662693e-05  3.36799337e-05
 39.8047  0.000748048087  3.41261762e-05  6.61673021e-05
 39.8356  0.000788403279  2.75907806e-05  6.64485872e-05
 39.8666  0.00073330481  2.31693211e-05  4.60473333e-05
 39.8975  0.000723279011  1.58293686e-05  2.81441437e-05
 39.9284  0.000704165697  1.80333074e-05  3.2045046e-05
 39.9594  0.000746225154  2.06225096e-05  3.52301122e-05
 39.9903  0.000810713956  2.69520359e-05  3.84111609e-05
 40.0212  0.000926804238  2.83863436e-05  5.59244989e-05
 40.0521  0.00100160921  4.30974961e-05  6.31020325e-05
 40.0831  0.00114529976  4.53018497e-05  5.85629995e-05
 40.114  0.00123628938  5.10186239e-05  6.68883644e-05
 40.1449  0.00106987896  4.16682408e-05  5.52498919e-05
 40.1759  0.00114352139  6.54287309e-05  7.509985e-05
 40.2068  0.00132908762  6.14984123e-05  5.23255863e-05
 40.2377  0.00162071388  9.10342222e-05  6.49172327e-05
 40.2687  0.00212169856  0.000128819518  8.05973966e-05
 40.2996  0.00261402415  0.000163507654  8.69316067e-05
 40.3305  0.00296813067  0.00019212415  7.57422976e-05
 40.3615  0.00417979964  0.000233277552  9.5646654e-05
 40.3924  0.00476511084  0.000338095311  9.51972388e-05
 40.4233  0.00478731836  0.000401068757  0.000112318586
 40.4542  0.0045514585  0.000377025255  0.000106213291
 40.4852  0.00461683993  0.000359446398  6.98604e-05
 40.5161  0.00417248458  0.000461112534  8.84294498e-05
 40.547  0.00358225127  0.000329861963  5.49201978e-05
 40.578  0.00379693126  0.000321021613  6.03180413e-05
 40.6089  0.0039051375  0.000314669706  6.53932275e-05
 40.6398  0.00367021943  0.00030058082  5.05568856e-05
 40.6708  0.00310974807  0.000279434929  4.45917458e-05
 40.7017  0.00290122483  0.000288361629  4.52312643e-05
 40.7326  0.00308702263  0.000336858354  4.66202259e-05
 40.7635  0.00426226659  0.000462177039  6.00971435e-05
 40.7945  0.00683502174  0.000773742414  9.00403329e-05
 40.8254  0.0109510523  0.00149479576  0.000132689783
 40.8563  0.0153245971  0.00267804692  0.000190078515
 40.8873  0.0204191708  0.00347808282  0.000218812283
 40.9182  0.0209929968  0.00460204622  0.000249411152
 40.9491  0.0212333042  0.00481210757  0.00026921455
 40.9801  0.0212369855  0.00441316096  0.000267242268
 41.011  0.0186221805  0.00414505761  0.000239824113
 41.0419  0.0181171833  0.00339373507  0.000233409289
 41.0729  0.0161924696  0.00314294331  0.000196160829
 41.1038  0.0159174673  0.00272329156  0.000179720723
 41.1347  0.0159827383  0.00283057636  0.000181799114
 41.1656  0.0151344318  0.00324390548  0.000179057572
 41.1966  0.013445014  0.00250463821  0.000151024894
 41.2275  0.0117897502  0.00189877946  0.000146111487
 41.2584  0.0117948816  0.00207815261  0.000159079248
 41.2894  0.0155471754  0.00283768334  0.000190404814
 41.3203  0.022999959  0.00413976474  0.000236073839
 41.3512  0.0313383399  0.00561508405  0.000287857228
 41.3822  0.034994521  0.00817831386  0.000379660407
 41.4131  0.0317060181  0.00798380766  0.000374501983
 41.444  0.0330556871  0.00664819404  0.000340856168
 41.4749  0.0364710873  0.00688580707  0.000356415066
 41.5059  0.0384772522  0.0078942638  0.000390532534
 41.5368  0.0371976366  0.00800041464  0.000433309971
 41.5677  0.0345158256  0.00814259812  0.000423729608
 41.5987  0.0345496847  0.00885759746  0.000407047724
 41.6296  0.0301281267  0.00815824785  0.000396790049
 41.6605  0.031943796  0.00771314408  0.000432592062
 41.6915  0.0466545426  0.0105448828  0.000547264807
 41.7224  0.0650571507  0.018010563  0.000719719562
 41.7533  0.0727248522  0.0320129369  0.00108163252
 41.7843  0.0791668999  0.0346815878  0.00115996926
 41.8152  0.0762225577  0.0281452295  0.00100075283
 41.8461  0.0650151862  0.0207839226  0.000837547153
 41.877  0.0540139318  0.0214601549  0.000873138568
 41.908  0.0546163751  0.0257553559  0.00088674241
 41.9389  0.066023798  0.0414732598  0.00126527641
 41.9698  0.0768166079  0.0453393299  0.00135004431
 42.0008  0.0705467929  0.0413893578  0.00132224553
 42.0317  0.0624929846  0.0391888368  0.00152283312
 42.0626  0.0534806497  0.0281117755  0.00146086949
 42.0936  0.0442144816  0.0220582637  0.00156116407
 42.1245  0.0505659133  0.0205050552  0.00145261607
 42.1554  0.0532075481  0.0218666686  0.00159780201
 42.1863  0.0482891052  0.0222720894  0.00182518675
 42.2173  0.0460355886  0.0184653318  0.00171118223
 42.2482  0.040050118  0.0161479997  0.00171849179
 42.2791  0.0378434545  0.0229964148  0.0018731896
 42.3101  0.0353007369  0.018618551  0.00139323571
 42.341  0.026437146  0.0102221444  0.000942046558
 42.3719  0.0154484923  0.00285999172  0.000451175227
 42.4029  0.01636807  0.00213881353  0.000288446294
 42.4338  0.0148982654  0.00240149888  0.000343726426
 42.4647  0.0143264477  0.00216659247  0.000249032407
 42.4957  0.0161551751  0.00259999116  0.000239351702
 42.5266  0.0172767708  0.00287452482  0.000231560566
 42.5575  0.0161394039  0.00277515323  0.000260286284
 42.5884  0.0138420027  0.00236100957  0.000191296985
 42.6194  0.0112463392  0.00199979904  0.000157301939
 42.6503  0.00991212442  0.00168366328  0.000131636288
 42.6812  0.00841668276  0.00121389229  9.8999633e-05
 42.7122  0.00702437392  0.000948766875  9.93728028e-05
 42.7431  0.00574942849  0.000836769582  8.51136707e-05
 42.774  0.00520980178  0.000818613073  7.584723e-05
 42.805  0.00597737789  0.000787178751  0.000101872862
 42.8359  0.0059852425  0.000734297122  0.000107930571
 42.8668  0.00669597095  0.000783728613  9.74472849e-05
 42.8977  0.00823842299  0.000982556043  0.000121798741
 42.9287  0.0101807727  0.00132987336  0.000162666376
 42.9596  0.012344946  0.0017317453  0.000199940006
 42.9905  0.0144404028  0.00176242463  0.000177694117
 43.0215  0.0159423517  0.00195516557  0.000190293617
 43.0524  0.0161140177  0.00215311995  0.000191857052
 43.0833  0.0159866189  0.00231366967  0.000230494547
 43.1143  0.0180748999  0.00273933555  0.000326891142
 43.1452  0.0194180702  0.00327231932  0.000281524584
 43.1761  0.0179375571  0.00285494559  0.000298923264
 43.2071  0.0161453567  0.00309379468  0.000236334779
 43.238  0.0143495056  0.00342113193  0.000241856334
 43.2689  0.01340471  0.00264454577  0.000222579014
 43.2998  0.013967275  0.00231859428  0.000212834141
 43.3308  0.0152377744  0.0021678964  0.000222100232
 43.3617  0.0171509341  0.00321622202  0.000334697481
 43.3926  0.0205530294  0.00507999803  0.000411545173
 43.4236  0.0250406344  0.00727898013  0.000609948851
 43.4545  0.0331997158  0.00992249518  0.000605787404
 43.4854  0.0380642078  0.0133870594  0.000667828324
 43.5164  0.0369198904  0.0138807911  0.00064071045
 43.5473  0.0284928605  0.0102632275  0.000507580551
 43.5782  0.0205659025  0.00581992452  0.000359493357
 43.6091  0.0160049867  0.00287490424  0.000274943095
 43.6401  0.0145987603  0.00251651711  0.000282905113
 43.671  0.0230324532  0.00694057828  0.000443417532
 43.7019  0.0347436153  0.0125239235  0.000645651181
 43.7329  0.048825518  0.0215264486  0.0012746822
 43.7638  0.061154026  0.0311405571  0.00159915126
 43.7947  0.0798603832  0.0494158746  0.00281985465
 43.8257  0.114721625  0.102152989  0.00479483198
 43.8566  0.134928872  0.158035949  0.00877696049
 43.8875  0.111138595  0.123260863  0.0156714687
 43.9185  0.0894460569  0.0903238696  0.0184253737
 43.9494  0.0771332835  0.0881574679  0.020700633
 43.9803  0.0651496252  0.0808305356  0.0231759687
 44.0112  0.12986115  0.357413331  0.0637714435
 44.0422  0.110853972  0.181024257  0.0346833377
 44.0731  nan  nan  nan
 44.104  nan  nan  nan
 44.135  nan  nan  nan
 44.1659  nan  nan  nan
 44.1968  nan  nan  nan
 44.2278  nan  nan  nan
 44.2587  nan  nan  nan
 44.2896  nan  nan  nan
 44.3205  nan  nan  nan
 44.3515  nan  nan  nan
 44.3824  nan  nan  nan
 44.4133  nan  nan  nan
 44.4443  nan  nan  nan
 44.4752  nan  nan  nan
 44.5061  0.0138807084  0.00401585309  0.00176302092
 44.5371  0.014037089  0.00518423421  0.00169645482
 44.568  0.0117245594  0.00476012192  0.00154652572
 44.5989  0.00933825606  0.00260695572  0.00101923813
 44.6299  0.00770965228  0.00207525365  0.000900262724
 44.6608  0.00657039358  0.00310887571  0.0012053413
 44.6917  0.00550197443  0.0013828721  0.00099604301
 44.7226  0.00642526099  0.00190097604  0.00154560333
 44.7536  0.00625025663  0.00167497911  0.00146001743
 44.7845  0.00577426831  0.0012869944  0.00119449842
 44.8154  0.00538373758  0.00124836437  0.00101055355
 44.8464  0.00421479952  0.00171533957  0.00109924808
 44.8773  0.00658036831  0.00218602544  0.0026036224
 44.9082  0.00508205253  0.000877135606  0.00156657965
 44.9392  0.00327770695  0.000574071842  0.000923518359
 44.9701  0.00321210881  0.000612884786  0.00078056711
 45.001  0.00330016571  0.000502492654  0.000630982528
 45.032  0.00372870028  0.00059316776  0.000541428291
 45.0629  0.00378552082  0.000390387855  0.0003149611
 45.0938  0.00368861736  0.00037310758  0.000202366177
 45.1247  0.00369826405  0.000514107546  0.000170274827
 45.1557  0.00434428541  0.000840119563  0.000342934878
 45.1866  0.00513425036  0.00135003248  0.000580751769
 45.2175  0.00503835275  0.00140297271  0.000460088932
 45.2485  0.00445191321  0.00150495764  0.000404582164
 45.2794  0.00455541261  0.0016684468  0.000982897773
 45.3103  0.00511394427  0.00163541714  0.00157856224
 45.3413  nan  nan  nan
