# X (m) TKE_avg epsilon_turb_pw_avg_Y_avg epsilon_pw_avg_Y_avg
 33.0309  0.000120664781  4.7267496e+166  0.189431904
 33.0618  7.91427182e-05  0.102495378  0.0162227849
 33.0927  8.62223746e-05  0.0193489436  0.00305120112
 33.1236  7.5205782e-05  2.79702116e-06  3.81888673e-06
 33.1545  7.4715114e-05  3.73124744e-06  6.65218764e-06
 33.1855  9.26759227e-05  5.31885071e-06  1.50193386e-05
 33.2164  0.000114308895  3.67556272e-06  7.53700122e-06
 33.2473  0.000123664384  7.61916799e-06  1.24905466e-05
 33.2782  0.000131286488  7.35407713e-06  8.58079253e-06
 33.3091  0.000120744446  8.40026438e-06  1.06848225e-05
 33.34  9.89343954e-05  6.04001008e-06  1.07752748e-05
 33.3709  8.51668167e-05  8.91714222e-06  7.68018069e-06
 33.4018  7.07265114e-05  6.41979855e-06  9.93158439e-06
 33.4327  7.21756283e-05  5.9814804e-06  9.11995597e-06
 33.4636  7.51627505e-05  5.45300751e-06  8.19638393e-06
 33.4945  9.58419452e-05  6.25879187e-06  8.27878637e-06
 33.5254  9.75989741e-05  6.92919925e-06  9.34999451e-06
 33.5564  8.92602023e-05  4.87300021e-06  8.05887914e-06
 33.5873  8.37911713e-05  5.75823419e-06  7.80090214e-06
 33.6182  7.45327433e-05  3.07328402e-06  4.51436548e-06
 33.6491  6.96195514e-05  1.95084359e-06  3.82659791e-06
 33.68  7.9593036e-05  2.44591285e-06  4.73672207e-06
 33.7109  8.6373082e-05  2.73429433e-06  5.71025922e-06
 33.7418  9.61058972e-05  3.92447879e-06  7.06981488e-06
 33.7727  9.65910597e-05  3.21428501e-06  5.20027155e-06
 33.8036  8.63728442e-05  2.05029494e-06  3.62003379e-06
 33.8345  8.88543392e-05  1.79710938e-06  2.96802637e-06
 33.8654  9.16726713e-05  1.95518953e-06  3.32145327e-06
 33.8963  9.25466783e-05  2.8458177e-06  4.68261867e-06
 33.9273  9.67798445e-05  2.00966445e-06  4.33247438e-06
 33.9582  9.42989913e-05  2.39672707e-06  4.49863373e-06
 33.9891  8.78891818e-05  2.79050834e-06  4.22534355e-06
 34.02  7.73725136e-05  2.1070912e-06  4.04176324e-06
 34.0509  7.88070745e-05  1.70115485e-06  3.66155158e-06
 34.0818  7.91330625e-05  1.80107249e-06  4.08121755e-06
 34.1127  6.48845618e-05  1.64243374e-06  4.03781532e-06
 34.1436  6.45001508e-05  1.94442367e-06  4.23983324e-06
 34.1745  6.36025847e-05  2.28921948e-06  4.65255103e-06
 34.2054  6.16382522e-05  2.24399327e-06  4.11087329e-06
 34.2363  6.53839196e-05  2.81581045e-06  5.41522998e-06
 34.2672  6.31881897e-05  2.01387181e-06  4.36108591e-06
 34.2982  6.4435278e-05  1.83254785e-06  3.99229432e-06
 34.3291  6.45117007e-05  1.83703044e-06  4.29616604e-06
 34.36  6.55841918e-05  1.849907e-06  4.19060992e-06
 34.3909  6.5021689e-05  1.57829067e-06  4.15462837e-06
 34.4218  6.29170159e-05  2.81904171e-06  6.29047061e-06
 34.4527  6.12124751e-05  2.17964597e-06  5.68922976e-06
 34.4836  5.9434682e-05  2.74033451e-06  7.55644485e-06
 34.5145  5.75291948e-05  3.22345875e-06  7.56510605e-06
 34.5454  5.53720759e-05  3.16909701e-06  7.24222009e-06
 34.5763  5.7237901e-05  1.94279525e-06  5.18015198e-06
 34.6072  6.46543049e-05  3.99830312e-06  8.21936772e-06
 34.6381  6.62475121e-05  5.3822385e-06  9.89394491e-06
 34.6691  6.53436761e-05  3.80063226e-06  7.1357799e-06
 34.7  6.20512816e-05  4.54988505e-06  8.03220014e-06
 34.7309  6.76532171e-05  4.20525498e-06  6.53749854e-06
 34.7618  7.49303088e-05  7.23161878e-06  1.5046211e-05
 34.7927  8.11822902e-05  8.06528834e-06  1.54343579e-05
 34.8236  8.47215512e-05  5.70568448e-06  8.8496368e-06
 34.8545  9.03706172e-05  5.27929316e-06  7.3845298e-06
 34.8854  9.37396427e-05  5.03775742e-06  6.60105658e-06
 34.9163  0.000106487814  6.91183056e-06  7.02771558e-06
 34.9472  0.000108514294  1.12461602e-05  1.07037044e-05
 34.9781  0.000103550829  8.95555799e-06  1.04126702e-05
 35.0091  0.000106640779  6.96057095e-06  5.67421442e-06
 35.04  0.000111129535  7.14191847e-06  4.41068275e-06
 35.0709  0.000105578219  7.60914282e-06  5.1258205e-06
 35.1018  8.50425456e-05  5.73794923e-06  4.06358953e-06
 35.1327  8.4817157e-05  7.07362421e-06  6.81334407e-06
 35.1636  9.81423886e-05  9.69304868e-06  1.27105038e-05
 35.1945  0.000102395428  7.58017177e-06  8.37663193e-06
 35.2254  0.000101103828  9.06912706e-06  9.27479094e-06
 35.2563  9.98190427e-05  1.21666299e-05  1.22228374e-05
 35.2872  8.46303387e-05  6.23693342e-06  7.97054346e-06
 35.3181  8.69995814e-05  7.35805931e-06  1.30139315e-05
 35.349  7.14473415e-05  6.99869867e-06  1.25789079e-05
 35.38  7.91601283e-05  8.03787683e-06  1.46444037e-05
 35.4109  8.4674792e-05  8.22365776e-06  1.62599613e-05
 35.4418  9.01170898e-05  7.37668236e-06  1.93261565e-05
 35.4727  9.33826525e-05  7.88456849e-06  2.32506338e-05
 35.5036  0.000102921549  8.04432084e-06  2.64738472e-05
 35.5345  9.49901224e-05  5.57819121e-06  2.22744154e-05
 35.5654  0.000120744014  5.42505018e-06  2.62120466e-05
 35.5963  0.000121436373  4.82279139e-06  2.77941824e-05
 35.6272  0.000111915551  5.38643017e-06  2.89607968e-05
 35.6581  0.000103464821  5.621246e-06  2.77752331e-05
 35.689  8.79197154e-05  5.18792827e-06  2.504016e-05
 35.7199  0.000101348255  6.90926551e-06  2.97709325e-05
 35.7509  0.000127505527  7.61579517e-06  3.02072169e-05
 35.7818  0.000152053244  5.46775722e-06  2.99607986e-05
 35.8127  0.000139280899  4.46653997e-06  2.82102551e-05
 35.8436  0.000116173105  5.64860744e-06  2.39355007e-05
 35.8745  0.000126852401  6.89975273e-06  2.78348312e-05
 35.9054  0.000115568938  5.62567725e-06  2.37137651e-05
 35.9363  0.000141791216  6.05613243e-06  2.18954914e-05
 35.9672  0.000111924386  4.76601781e-06  1.9663181e-05
 35.9981  0.000124853145  8.47186415e-06  2.30597384e-05
 36.029  0.000103288626  6.4757687e-06  1.81612803e-05
 36.0599  0.000110279451  5.48324835e-06  1.70841073e-05
 36.0908  0.000106204489  5.2412737e-06  1.4911442e-05
 36.1218  9.23999031e-05  6.72525825e-06  1.55990083e-05
 36.1527  0.000107186235  8.93237356e-06  1.25378761e-05
 36.1836  9.89307778e-05  6.29128236e-06  8.13364249e-06
 36.2145  0.000100925732  7.23098813e-06  8.24456511e-06
 36.2454  0.00011541012  1.31227563e-05  1.4543898e-05
 36.2763  0.000127845211  2.08205737e-05  2.17185069e-05
 36.3072  0.000148845558  1.71245095e-05  7.23084017e-06
 36.3381  0.000129886013  1.06581798e-05  1.09661893e-05
 36.369  0.000118929402  5.80122896e-06  9.78220198e-06
 36.3999  0.000124082443  8.71167119e-06  1.4454754e-05
 36.4308  0.00012267909  6.68124102e-06  9.10988479e-06
 36.4618  0.000130141347  7.32708371e-06  9.14300548e-06
 36.4927  0.000126919775  1.50376552e-05  1.90438436e-05
 36.5236  0.0001339331  1.03461723e-05  1.29123808e-05
 36.5545  0.000187749  1.93902702e-05  2.06730568e-05
 36.5854  0.000193797173  3.17937819e-05  2.79743847e-05
 36.6163  0.000175126663  3.42633106e-05  2.78420497e-05
 36.6472  0.000156039021  1.27939487e-05  1.72663407e-05
 36.6781  0.000119205659  2.76296213e-05  4.04345367e-05
 36.709  8.3261439e-05  1.45922912e-05  2.3379659e-05
 36.7399  7.22697712e-05  9.3618504e-06  1.46316474e-05
 36.7708  7.21985174e-05  1.37181264e-05  1.85874013e-05
 36.8017  6.99870035e-05  1.19947074e-05  1.50374117e-05
 36.8327  7.31115471e-05  1.55552982e-05  2.3088576e-05
 36.8636  8.33265303e-05  3.57378997e-06  8.16041373e-06
 36.8945  9.17299377e-05  1.26564721e-05  1.6024307e-05
 36.9254  9.10601167e-05  1.6807221e-05  2.21107419e-05
 36.9563  9.82748136e-05  1.84151887e-05  2.52048965e-05
 36.9872  0.000112915172  1.88742407e-05  2.48429123e-05
 37.0181  0.000119756353  5.79716296e-06  8.59937604e-06
 37.049  0.000106326843  3.59576564e-06  6.81233569e-06
 37.0799  0.000106655222  5.68549122e-06  9.49603245e-06
 37.1108  0.00011466972  4.76610831e-06  9.30216622e-06
 37.1417  0.000113237356  5.94478763e-06  9.75736632e-06
 37.1726  9.75705402e-05  3.22481729e-06  8.04068783e-06
 37.2036  8.62310472e-05  2.17841602e-06  7.27374867e-06
 37.2345  7.54179153e-05  1.43158056e-06  6.37253325e-06
 37.2654  6.92243435e-05  1.2859493e-06  7.42389179e-06
 37.2963  6.36044761e-05  9.16231213e-07  7.56986911e-06
 37.3272  5.88132073e-05  4.09645406e-07  6.38394691e-06
 37.3581  6.44235636e-05  6.0019578e-07  6.83203721e-06
 37.389  6.61022717e-05  1.60063309e-06  8.04941025e-06
 37.4199  7.08852076e-05  2.19835052e-06  9.71197902e-06
 37.4508  7.62503569e-05  2.76737697e-06  1.10036925e-05
 37.4817  8.7543322e-05  3.38832619e-06  1.24376658e-05
 37.5126  0.000103049783  3.86483576e-06  1.39451395e-05
 37.5435  9.87653463e-05  4.02572996e-06  1.35662949e-05
 37.5745  9.01723129e-05  7.94665935e-06  1.71258337e-05
 37.6054  0.000102276234  1.16225434e-05  2.87665285e-05
 37.6363  9.55324315e-05  8.42889126e-06  2.26282144e-05
 37.6672  0.00010996566  1.21409177e-05  2.70582846e-05
 37.6981  0.00011001341  1.94510427e-05  3.84536474e-05
 37.729  0.000125032539  1.62017876e-05  3.79912039e-05
 37.7599  0.000122200373  9.55548547e-06  2.49784256e-05
 37.7908  0.000114890899  5.55378562e-06  1.34730184e-05
 37.8217  0.00011331237  1.11792754e-05  2.23640226e-05
 37.8526  0.000110285932  1.68283553e-05  2.86324603e-05
 37.8835  0.000142815435  1.0033131e-05  7.93903442e-06
 37.9144  0.000158612955  1.03701672e-05  8.10194174e-06
 37.9454  0.000152987019  1.61473932e-05  1.1636386e-05
 37.9763  0.000156246065  2.51093206e-05  1.81878106e-05
 38.0072  0.000167673507  2.86684981e-05  2.40052263e-05
 38.0381  0.000209617449  2.7542231e-05  2.53035776e-05
 38.069  0.000213334307  2.49631061e-05  1.90159595e-05
 38.0999  0.000209309826  2.28438403e-05  1.03629331e-05
 38.1308  0.000197689019  2.33735975e-05  1.55876383e-05
 38.1617  0.000161188573  2.24606967e-05  2.4547031e-05
 38.1926  0.000155460431  2.05453587e-05  2.41904263e-05
 38.2235  0.000143898643  1.3723913e-05  2.27807542e-05
 38.2544  0.000137451904  8.06066259e-06  6.65012501e-06
 38.2854  0.000115730319  8.56301098e-06  9.34844478e-06
 38.3163  0.000114713889  9.98251036e-06  1.15036872e-05
 38.3472  0.000119998742  1.0619347e-05  1.16729783e-05
 38.3781  0.000113933733  1.0423878e-05  1.27483445e-05
 38.409  0.000117119857  9.73006294e-06  1.25886467e-05
 38.4399  0.000139843921  1.00460106e-05  1.83900324e-05
 38.4708  0.000136239251  8.46620787e-06  1.92922036e-05
 38.5017  0.000127465123  7.36633465e-06  1.93248336e-05
 38.5326  0.000130069089  7.49224438e-06  2.16082015e-05
 38.5635  0.000155041252  8.3529113e-06  2.65445795e-05
 38.5944  0.000151342305  6.15316039e-06  2.31050408e-05
 38.6253  0.000166391152  8.02541101e-06  2.91892315e-05
 38.6563  0.000155778466  9.19736655e-06  3.32535797e-05
 38.6872  0.000137678826  8.17328118e-06  3.30151417e-05
 38.7181  0.000124213379  1.24106824e-05  3.67070615e-05
 38.749  0.000135685975  1.06969571e-05  3.93013214e-05
 38.7799  0.000140327726  1.32568741e-05  4.30055999e-05
 38.8108  0.00018148355  1.58490361e-05  5.27371004e-05
 38.8417  0.000187950907  1.38661287e-05  4.88199303e-05
 38.8726  0.000193634524  1.25355708e-05  4.59943409e-05
 38.9035  0.000200333385  1.24442631e-05  4.35460884e-05
 38.9344  0.000192713663  1.14753672e-05  3.89112906e-05
 38.9653  0.000244171526  1.79929751e-05  5.18230793e-05
 38.9962  0.000249365987  1.6692563e-05  5.01934845e-05
 39.0272  0.000247649078  1.89354968e-05  3.97094712e-05
 39.0581  0.000361871711  4.59088826e-05  4.15444475e-05
 39.089  0.000534561388  7.48617383e-05  3.57909605e-05
 39.1199  0.000366248369  6.21079554e-05  4.65945823e-05
 39.1508  0.00026877597  5.17244102e-05  5.35031084e-05
 39.1817  0.000211034353  1.59370419e-05  1.75555284e-05
 39.2126  0.00022746224  1.2350762e-05  2.05181177e-05
 39.2435  0.000240115967  2.22110693e-05  3.18052255e-05
 39.2744  0.000246981683  9.16177164e-05  0.000108578615
 39.3053  0.000310914134  3.71545394e-05  4.25120577e-05
 39.3362  0.000327298481  4.45352713e-05  4.69134415e-05
 39.3671  0.000359502509  7.99641416e-05  0.000101008726
 39.3981  0.000437528115  6.15787832e-05  7.57849071e-05
 39.429  0.000500213584  6.41341914e-05  8.21958556e-05
 39.4599  0.000583891926  6.0201018e-05  4.52309681e-05
 39.4908  0.000589020747  6.32653719e-05  3.73876541e-05
 39.5217  0.00054182351  5.89865003e-05  4.18568999e-05
 39.5526  0.000522721058  3.34390222e-05  4.12582461e-05
 39.5835  0.000523847174  3.03060764e-05  4.16711408e-05
 39.6144  0.000490932462  7.98828063e-05  6.41517493e-05
 39.6453  0.000468194388  5.20190051e-05  5.00699332e-05
 39.6762  0.000480174796  4.58262995e-05  5.91401222e-05
 39.7071  0.000467256304  1.46780791e-05  2.40471011e-05
 39.738  0.000454305955  2.93161094e-05  3.7872533e-05
 39.769  0.000480364987  1.9255076e-05  2.33572141e-05
 39.7999  0.000554382646  1.60591312e-05  2.16602388e-05
 39.8308  0.000603951517  1.04438075e-05  2.44794018e-05
 39.8617  0.000600874438  1.06025448e-05  2.69315044e-05
 39.8926  0.000590228591  1.21350659e-05  2.94000972e-05
 39.9235  0.000563833123  6.49470591e-06  1.64866103e-05
 39.9544  0.000623121524  1.46076691e-05  2.04165486e-05
 39.9853  0.000701903224  1.6164315e-05  1.80472698e-05
 40.0162  0.00077450924  1.40330876e-05  1.76400699e-05
 40.0471  0.000810879391  2.39918373e-05  2.66967025e-05
 40.078  0.000808984594  2.18061105e-05  2.01290855e-05
 40.109  0.000920537173  2.31827617e-05  2.60144884e-05
 40.1399  0.00110333318  4.22714944e-05  5.13665428e-05
 40.1708  0.00154378648  8.85183958e-05  7.67774973e-05
 40.2017  0.00197462019  9.22490165e-05  4.35812924e-05
 40.2326  0.00275663797  0.000149036867  7.41475834e-05
 40.2635  0.00375457583  0.000216014382  0.000122263318
 40.2944  0.00428358315  0.000306296828  0.000190652563
 40.3253  0.00417427121  0.00037579047  0.000179318361
 40.3562  0.00420541181  0.000309774009  0.000173210515
 40.3871  0.00381264524  0.000319779702  0.000112305656
 40.418  0.00316450938  0.000342557707  0.000165987455
 40.4489  0.00265067737  0.000272515733  0.000164714426
 40.4799  0.00304411893  0.00017578286  6.89865759e-05
 40.5108  0.00362006174  0.000333125547  0.0001429519
 40.5417  0.00311411917  0.000229398649  7.48332463e-05
 40.5726  0.00251465445  0.000160168066  8.46980827e-05
 40.6035  0.00228625922  0.000137928934  5.21797247e-05
 40.6344  0.00240672194  0.000171490088  6.77203594e-05
 40.6653  0.00302931099  0.000245485603  7.8217749e-05
 40.6962  0.00437957575  0.000364665645  0.000105295526
 40.7271  0.00630330051  0.000621099247  0.000117318168
 40.758  0.00802456827  0.00105974304  0.000174916037
 40.7889  0.00964840645  0.00162051686  0.000264412121
 40.8198  0.012668799  0.00201921568  0.000205386679
 40.8508  0.0164433348  0.0025389834  0.000184863483
 40.8817  0.0169181539  0.00297280027  0.000226021993
 40.9126  0.0158631935  0.00284826004  0.000230658461
 40.9435  0.0146403023  0.00245083703  0.000203351051
 40.9744  0.0143420465  0.0023170402  0.000184252914
 41.0053  0.012804421  0.00188222952  0.000150187168
 41.0362  0.0113418162  0.00186196225  0.000170848223
 41.0671  0.0105339704  0.00174619487  0.000171827733
 41.098  0.0105281545  0.00179923303  0.000162775141
 41.1289  0.0109512289  0.00199591184  0.000154960363
 41.1598  0.0117718753  0.00223382674  0.000164572673
 41.1907  0.0124681458  0.00224389065  0.000172469633
 41.2217  0.0100935613  0.00145681308  0.000130823828
 41.2526  0.00938071539  0.00137484134  0.000127895688
 41.2835  0.0102770179  0.00169048514  0.000155196292
 41.3144  0.0123573357  0.00181947435  0.000167366115
 41.3453  0.0182158191  0.00249139885  0.000209926098
 41.3762  0.0252209275  0.0033466915  0.000248791056
 41.4071  0.0272580558  0.00436244472  0.000274708074
 41.438  0.0260896014  0.00481605947  0.000276980761
 41.4689  0.0241228525  0.00467523542  0.000286550407
 41.4998  0.024679468  0.00469293385  0.000296297939
 41.5307  0.0286605748  0.00499078869  0.000321766551
 41.5617  0.0302341885  0.00536592164  0.000348999825
 41.5926  0.028002819  0.00463279408  0.000327453998
 41.6235  0.0241782494  0.00374357444  0.000264455411
 41.6544  0.0205757543  0.00342629966  0.000246780655
 41.6853  0.0198908032  0.00354476187  0.000224322084
 41.7162  0.0264694017  0.00359152865  0.00024004235
 41.7471  0.0308392444  0.00440868991  0.000288882287
 41.778  0.0319379009  0.00578439505  0.000344979284
 41.8089  0.0371574162  0.00813287568  0.000431505244
 41.8398  0.0478452228  0.0098541518  0.000506715194
 41.8707  0.0517454506  0.0142914905  0.000641793828
 41.9016  0.0511899388  0.0152877231  0.00062349731
 41.9326  0.0509369936  0.0135546466  0.000557697348
 41.9635  0.0503851423  0.0113337234  0.000506076348
 41.9944  0.0518074236  0.0105965686  0.000499688331
 42.0253  0.0576217025  0.0123597679  0.000575930181
 42.0562  0.0599557989  0.0152891846  0.000635810629
 42.0871  0.0585258665  0.0173765957  0.000737599969
 42.118  0.0590489425  0.0204554194  0.000798279639
 42.1489  0.0625888575  0.0244869457  0.000855597616
 42.1798  0.0689918923  0.0273772036  0.000902227159
 42.2107  0.0675431089  0.0212355062  0.000769992858
 42.2416  0.0584264435  0.0182418115  0.000824961702
 42.2725  0.0652712072  0.023984708  0.000959996872
 42.3035  0.0781678411  0.033881029  0.00119326483
 42.3344  0.0911590956  0.0429643827  0.00142822636
 42.3653  0.102968999  0.0480325394  0.00161642664
 42.3962  0.083307491  0.0389263776  0.00143223065
 42.4271  0.0577754718  0.0294972558  0.00127433131
 42.458  0.0450506316  0.0228072125  0.00112416866
 42.4889  0.0264189249  0.00901850247  0.000630083875
 42.5198  0.0238819978  0.00837900455  0.000677898346
 42.5507  0.0266407055  0.0108645685  0.000777933272
 42.5816  0.0224629484  0.007957683  0.000783046747
 42.6125  0.0170690181  0.00473639846  0.000672754022
 42.6434  0.0136165978  0.00339059398  0.000625322799
 42.6744  0.0116565916  0.00298040732  0.000512902282
 42.7053  0.011898661  0.00324585086  0.000529296564
 42.7362  0.00802684763  0.00309477672  0.000370023359
 42.7671  0.00845285628  0.00236937124  0.000339175962
 42.798  0.00752706802  0.00176303537  0.000277214149
 42.8289  0.00811121638  0.00183234552  0.000257502195
 42.8598  0.00880487625  0.00194175976  0.000197308696
 42.8907  0.00918012272  0.00209357448  0.000192276403
 42.9216  0.0106495828  0.00279693197  0.000228463578
 42.9525  0.0120676564  0.00206956712  0.000228686801
 42.9834  0.0134679336  0.00181806134  0.000192414031
 43.0143  0.0144730252  0.00215830258  0.000234420073
 43.0453  0.01471807  0.0023809004  0.000273202046
 43.0762  0.0152745515  0.00226887007  0.000268497626
 43.1071  0.0156350585  0.00221739265  0.000417892012
 43.138  0.014555091  0.00221214506  0.000258663455
 43.1689  0.0128420605  0.00202594917  0.000237868138
 43.1998  0.0116465433  0.00170404486  0.000190545504
 43.2307  0.0112685006  0.00176567532  0.000196186013
 43.2616  0.0119997286  0.0017914608  0.000197251633
 43.2925  0.0121925908  0.00189282248  0.000200867435
 43.3234  0.013035467  0.00173271536  0.000197878089
 43.3543  0.0133458794  0.00244452547  0.000254137061
 43.3853  0.0135055475  0.00357078281  0.000378552212
 43.4162  0.0158742318  0.00420960061  0.000393563296
 43.4471  0.0214504202  0.00486651062  0.00044107267
 43.478  0.0248437798  0.00638434426  0.000462121146
 43.5089  0.0243131158  0.00639134737  0.000470296706
 43.5398  0.0207201415  0.00515968752  0.00034341963
 43.5707  0.0156037241  0.00339698692  0.000257035976
 43.6016  0.0136914347  0.00301690939  0.000265673963
 43.6325  0.0124918577  0.00359590066  0.000259819726
 43.6634  0.0116905022  0.00237050849  0.000207735906
 43.6943  0.0117770215  0.00201143708  0.000198159194
 43.7252  0.0136163606  0.00285164163  0.00028334774
 43.7562  0.0178843632  0.00448953142  0.000399025722
 43.7871  0.0203446927  0.00603368013  0.000573045712
 43.818  0.0224334655  0.00624708166  0.000640370851
 43.8489  0.0254702429  0.00763732731  0.000524367772
 43.8798  0.0282093219  0.00979874692  0.000737012659
 43.9107  0.0296280132  0.0113614254  0.00100009689
 43.9416  0.0319429786  0.0136856653  0.00140413539
 43.9725  0.0353855067  0.0138467006  0.00214269874
 44.0034  0.0337181242  0.0146598105  0.00148283438
 44.0343  0.0351794256  0.016275158  0.00198323354
 44.0652  0.0326309576  0.0138201344  0.00141506207
 44.0961  0.0293793551  0.0114424839  0.00124030153
 44.1271  0.0274255603  0.00764151924  0.00168643772
 44.158  0.0223127346  0.00653128168  0.00195182904
 44.1889  0.0211256058  0.0092624232  0.00168202532
 44.2198  0.023365541  0.0124927264  0.0027800324
 44.2507  0.0233875787  0.0133972511  0.00360381571
 44.2816  0.0308210194  0.0196799073  0.00372276066
 44.3125  nan  nan  nan
 44.3434  nan  nan  nan
 44.3743  nan  nan  nan
 44.4052  nan  nan  nan
 44.4361  nan  nan  nan
 44.467  nan  nan  nan
 44.498  0.00592074176  0.00240196759  0.00165758664
 44.5289  0.0061631825  0.00276002954  0.00104741571
 44.5598  0.00615224171  0.00164826487  0.000630152283
 44.5907  0.00574828755  0.000685165258  0.000428054734
 44.6216  0.00471045475  0.000848396577  0.000476126497
 44.6525  0.00495665243  0.00164722567  0.000825648951
 44.6834  0.00518648758  0.00330897011  0.000934730638
 44.7143  0.00748409493  0.0048091096  0.00277411655
 44.7452  0.00692147868  0.00380849307  0.00406309435
 44.7761  0.00647249411  0.00366885342  0.00387100337
 44.807  0.00614091958  0.00218745187  0.00260951782
 44.8379  0.00399825715  0.000801332782  0.00135985284
 44.8689  0.00299206006  0.000513048694  0.000998677489
 44.8998  0.00216339022  0.000348511784  0.00072662886
 44.9307  0.0022463428  0.000319115795  0.000676155389
 44.9616  0.00263496371  0.000345508294  0.000574321616
 44.9925  0.00238801556  0.000278811307  0.000390046044
 45.0234  0.00252030018  0.000294202916  0.000330468035
 45.0543  0.0025363962  0.000198149856  0.000229862633
 45.0852  0.00280251775  0.000213321628  0.000168953518
 45.1161  0.00304962628  0.000336924348  0.000151422965
 45.147  0.00342740578  0.00050255434  0.00022517242
 45.1779  0.00514172218  0.000854639437  0.000514864301
 45.2089  0.00414608801  0.00099893929  0.000421158782
 45.2398  0.00415525537  0.00141384259  0.000403193006
 45.2707  0.00352785197  0.00142383272  0.000557151443
 45.3016  0.00454799159  0.0018954484  0.00110526134
 45.3325  nan  nan  nan
