# X (m) TKE_avg epsilon_turb_pw_avg_Y_avg epsilon_pw_avg_Y_avg
 33.031  7.32783132e-05  0.105861494  0.00567151237
 33.062  4.62895923e-05  0.00440284068  0.000365171434
 33.093  5.8748309e-05  0.000821853716  7.14728472e-05
 33.124  6.03758875e-05  4.60514121e-06  3.43803836e-06
 33.155  6.51570485e-05  1.80145967e-06  3.04832582e-06
 33.186  6.69607128e-05  4.48138153e-06  6.00997175e-06
 33.217  6.43273745e-05  4.3162992e-06  5.08705237e-06
 33.248  5.26212329e-05  3.51984642e-06  4.87926992e-06
 33.279  4.17741692e-05  1.6151071e-06  3.36198311e-06
 33.31  4.31187964e-05  1.86506112e-06  3.59821332e-06
 33.341  4.92642083e-05  2.06446036e-06  3.23813059e-06
 33.372  5.19039949e-05  1.63130862e-06  3.20960976e-06
 33.403  4.78380154e-05  1.75505895e-06  3.12082333e-06
 33.434  4.91758673e-05  1.83986751e-06  3.32314061e-06
 33.465  4.76411291e-05  1.80909967e-06  3.81370444e-06
 33.496  4.27703039e-05  1.91442897e-06  4.25596406e-06
 33.527  4.01106793e-05  2.69684252e-06  5.97015362e-06
 33.558  3.73459917e-05  2.26279878e-06  6.28562941e-06
 33.589  3.7974425e-05  1.41715843e-06  4.746235e-06
 33.62  3.90431517e-05  1.8124666e-06  4.82477942e-06
 33.651  4.04681915e-05  2.93068573e-06  5.6352729e-06
 33.682  4.08325149e-05  2.18760155e-06  5.38231471e-06
 33.713  4.13778824e-05  1.50141629e-06  6.25822319e-06
 33.744  3.388559e-05  2.22444866e-06  6.79934065e-06
 33.775  3.33770639e-05  3.91185092e-06  1.06017936e-05
 33.806  3.02248289e-05  3.41989972e-06  8.90626428e-06
 33.837  3.02320303e-05  2.96067607e-06  7.65608251e-06
 33.868  3.04505529e-05  2.53679823e-06  6.91555287e-06
 33.899  3.05171857e-05  2.68624616e-06  7.26949008e-06
 33.9301  2.84623544e-05  2.28461454e-06  8.14543263e-06
 33.9611  3.20134406e-05  4.66250966e-06  1.08794597e-05
 33.9921  2.90129959e-05  2.58597352e-06  7.87883749e-06
 34.0231  3.39422233e-05  2.99660425e-06  1.17185232e-05
 34.0541  3.47760488e-05  2.79261268e-06  1.06692628e-05
 34.0851  3.52474781e-05  3.63310762e-06  1.31842479e-05
 34.1161  4.13856885e-05  2.97713307e-06  1.22492754e-05
 34.1471  4.2247575e-05  3.24458491e-06  1.25551745e-05
 34.1781  5.50953494e-05  4.97076786e-06  1.63276838e-05
 34.2091  7.97270645e-05  7.07976768e-06  2.26944657e-05
 34.2401  7.65611753e-05  6.36784785e-06  2.29648228e-05
 34.2711  9.91596633e-05  6.98151609e-06  3.01083283e-05
 34.3021  9.159246e-05  6.17700377e-06  2.75734513e-05
 34.3331  9.74414658e-05  4.56546039e-06  2.32587199e-05
 34.3641  0.000114796125  3.52827229e-06  2.1972355e-05
 34.3951  0.00013529519  4.56121546e-06  2.92308857e-05
 34.4261  0.000154274328  5.80389332e-06  3.91927867e-05
 34.4571  0.000159390921  6.38574265e-06  4.53883801e-05
 34.4881  0.000148239071  6.05771473e-06  5.02607383e-05
 34.5191  0.000144376531  5.75279444e-06  5.08396194e-05
 34.5501  0.000137887679  7.19046267e-06  5.41548082e-05
 34.5811  0.000113152826  5.0392493e-06  4.52723051e-05
 34.6121  8.08411223e-05  5.22879798e-06  4.32963235e-05
 34.6431  0.000100370584  3.53239658e-06  4.5790393e-05
 34.6741  0.000113118174  3.89519933e-06  4.7521972e-05
 34.7051  9.43565482e-05  3.27100828e-06  3.74683003e-05
 34.7361  8.5486277e-05  3.65056872e-06  3.53184678e-05
 34.7671  6.85430331e-05  4.15421515e-06  4.54298537e-05
 34.7981  5.88013688e-05  3.11218601e-06  4.44396255e-05
 34.8291  7.00107032e-05  6.80036499e-06  4.77447359e-05
 34.8601  7.70747685e-05  8.42838135e-06  4.18807493e-05
 34.8911  8.4618614e-05  6.9792644e-06  3.24180957e-05
 34.9221  0.000100695945  3.99390845e-06  2.5302961e-05
 34.9531  0.000107495244  3.27784843e-06  2.86040306e-05
 34.9841  8.3637384e-05  2.70144225e-06  2.54822493e-05
 35.0151  6.28929324e-05  2.29362241e-06  2.25241686e-05
 35.0461  6.53015e-05  2.92793596e-06  2.65779492e-05
 35.0771  4.70374363e-05  3.05479425e-06  2.30949494e-05
 35.1081  5.62903249e-05  4.4396932e-06  2.34637835e-05
 35.1391  4.52331401e-05  2.73486038e-06  1.43129505e-05
 35.1701  4.57111435e-05  2.31738974e-06  1.20487755e-05
 35.2011  4.48205422e-05  2.53238041e-06  1.0925369e-05
 35.2321  4.74946688e-05  3.58525052e-06  1.11031553e-05
 35.2631  4.19836064e-05  3.16295565e-06  9.08794744e-06
 35.2941  4.23271404e-05  3.53027408e-06  8.7383081e-06
 35.3251  4.37682853e-05  3.29938888e-06  8.44998999e-06
 35.3561  3.25717063e-05  2.972604e-06  6.00117639e-06
 35.3871  3.76910379e-05  4.0107535e-06  6.66485464e-06
 35.4181  2.72094591e-05  3.10758918e-06  4.82055113e-06
 35.4491  3.30531536e-05  2.5857535e-06  4.73863296e-06
 35.4801  3.32827916e-05  5.39012058e-06  8.08323058e-06
 35.5111  3.41497771e-05  2.58017549e-06  4.5614875e-06
 35.5421  3.62417213e-05  1.63713179e-06  3.38683901e-06
 35.5731  3.74840144e-05  4.49148273e-06  7.31985046e-06
 35.6041  3.76772851e-05  3.65115869e-06  5.94932299e-06
 35.6351  3.79027605e-05  3.61762016e-06  7.25401715e-06
 35.6661  3.32408719e-05  1.85195919e-06  4.41077863e-06
 35.6971  4.04846964e-05  2.36397508e-06  4.12731197e-06
 35.7281  3.44875248e-05  2.03969359e-06  4.25823593e-06
 35.7592  3.6141966e-05  4.38891313e-06  8.3001525e-06
 35.7902  3.46721291e-05  2.59458307e-06  5.22811514e-06
 35.8212  3.33995094e-05  2.19377059e-06  6.14867804e-06
 35.8522  3.17168253e-05  7.50097602e-06  9.69204834e-06
 35.8832  3.53621908e-05  5.1245266e-06  7.52378477e-06
 35.9142  3.59874482e-05  2.6431985e-06  5.57957169e-06
 35.9452  3.69358308e-05  2.1636962e-06  5.3250115e-06
 35.9762  3.54256459e-05  4.53459038e-06  7.62407366e-06
 36.0072  3.63949041e-05  1.29636897e-05  1.72715508e-05
 36.0382  3.36679285e-05  4.03728465e-06  8.78099751e-06
 36.0692  3.56099338e-05  2.8519758e-06  5.63216437e-06
 36.1002  4.057044e-05  5.65326601e-06  1.01851601e-05
 36.1312  3.92349664e-05  1.04757083e-05  1.64087117e-05
 36.1622  3.88520162e-05  1.10357786e-05  1.01277462e-05
 36.1932  4.08294612e-05  3.5449869e-06  8.9988907e-06
 36.2242  3.3525885e-05  5.78596016e-06  6.76194728e-06
 36.2552  3.05330957e-05  8.11343363e-06  9.93116624e-06
 36.2862  3.04559771e-05  4.90223009e-06  9.57875197e-06
 36.3172  2.83990993e-05  3.75003504e-06  8.14603861e-06
 36.3482  2.87074573e-05  5.40645385e-06  1.08294313e-05
 36.3792  2.98556636e-05  5.58727585e-06  1.25041724e-05
 36.4102  2.93162004e-05  7.28414433e-06  1.23978884e-05
 36.4412  3.06386605e-05  3.69526254e-06  9.20383097e-06
 36.4722  3.32480646e-05  3.68889839e-06  8.43040342e-06
 36.5032  2.95904852e-05  2.26793102e-06  7.32045178e-06
 36.5342  2.92962353e-05  4.42570161e-06  7.6598582e-06
 36.5652  2.77664407e-05  2.4384128e-06  6.35824361e-06
 36.5962  3.31926472e-05  3.95015698e-06  8.79224158e-06
 36.6272  3.54364507e-05  4.55602429e-06  1.25499877e-05
 36.6582  3.81238497e-05  5.0240391e-06  1.20743762e-05
 36.6892  3.86846227e-05  2.91176567e-06  1.04053225e-05
 36.7202  3.71431959e-05  2.30620467e-06  1.13082563e-05
 36.7512  3.40726001e-05  2.09719519e-06  1.46808398e-05
 36.7822  3.24068128e-05  4.4051259e-06  1.37143871e-05
 36.8132  3.11713673e-05  4.43478485e-06  1.64061319e-05
 36.8442  3.12369432e-05  1.32483498e-06  1.09716404e-05
 36.8752  3.72996569e-05  4.04045598e-06  2.02039041e-05
 36.9062  3.59329407e-05  1.25630529e-05  2.857433e-05
 36.9372  3.93653131e-05  2.32421321e-06  1.17728023e-05
 36.9682  3.2223927e-05  1.75816555e-06  1.13753538e-05
 36.9992  3.58008511e-05  2.9729034e-06  1.19237481e-05
 37.0302  4.25062591e-05  8.32646947e-06  1.73279274e-05
 37.0612  5.24932005e-05  2.20485029e-05  3.74533029e-05
 37.0922  5.96287682e-05  5.9273212e-06  2.31673244e-05
 37.1232  4.66015937e-05  4.02783835e-06  2.73157262e-05
 37.1542  4.0082025e-05  4.53938766e-06  2.29358206e-05
 37.1852  5.56762903e-05  8.07067413e-06  2.27675382e-05
 37.2162  4.7683187e-05  1.43502912e-05  3.18035658e-05
 37.2472  6.93515555e-05  1.80399533e-05  4.61316504e-05
 37.2782  6.45846232e-05  2.53685095e-05  6.83166786e-05
 37.3092  4.45205163e-05  9.96509902e-06  4.09403941e-05
 37.3402  5.47975422e-05  1.13208742e-05  5.10955527e-05
 37.3712  6.64484545e-05  1.79902012e-05  6.61540457e-05
 37.4022  7.67392681e-05  2.2803641e-05  7.19339443e-05
 37.4332  8.10502378e-05  2.98711904e-05  8.95482686e-05
 37.4642  7.05945182e-05  2.86945436e-05  0.000104257947
 37.4952  6.42871691e-05  2.31303058e-05  0.000112243307
 37.5262  6.57706437e-05  1.91028147e-05  0.000113473804
 37.5572  7.57313174e-05  2.01529009e-05  0.000112844456
 37.5883  9.44277337e-05  2.71899079e-05  0.000118462714
 37.6193  0.000132375197  3.00763438e-05  0.000131970837
 37.6503  0.000128747756  2.41811564e-05  0.000114881707
 37.6813  0.000150841098  3.19837637e-05  0.000113903057
 37.7123  0.000171382205  3.31057615e-05  0.000108497378
 37.7433  0.000269979385  3.11577374e-05  0.000122524459
 37.7743  0.000227311462  1.65194203e-05  9.17899372e-05
 37.8053  0.000334916461  1.60620839e-05  0.000111199702
 37.8363  0.000188714562  1.2796938e-05  9.25669687e-05
 37.8673  0.000193624498  1.3965009e-05  9.88889123e-05
 37.8983  0.000170228984  1.59548732e-05  9.41670643e-05
 37.9293  0.000248283748  1.96201018e-05  0.000106754515
 37.9603  0.00022493862  1.29335785e-05  9.36191747e-05
 37.9913  0.000272969603  1.80971949e-05  0.00012372791
 38.0223  0.000251968454  1.45543446e-05  0.00011750574
 38.0533  0.000293733171  1.679855e-05  0.000117061159
 38.0843  0.000216995388  1.70885516e-05  9.4679933e-05
 38.1153  0.000266026862  2.06778423e-05  9.55638506e-05
 38.1463  0.000321788883  2.74872579e-05  0.000114692376
 38.1773  0.000344952489  2.78608823e-05  0.000102669402
 38.2083  0.000368927997  2.42241031e-05  9.60493889e-05
 38.2393  0.000270281051  2.00554898e-05  8.05965772e-05
 38.2703  0.000300689453  2.62037125e-05  9.24625191e-05
 38.3013  0.000315387724  2.46707475e-05  8.73797285e-05
 38.3323  0.000192256726  1.69818942e-05  7.08663546e-05
 38.3633  0.000140867684  2.0712855e-05  6.72496596e-05
 38.3943  0.000231438931  1.86734045e-05  6.86910088e-05
 38.4253  0.000152989941  1.51147936e-05  5.04721962e-05
 38.4563  9.42510837e-05  1.80544717e-05  3.81333279e-05
 38.4873  0.000114459023  4.17804416e-05  6.35676672e-05
 38.5183  0.000113815146  2.91556897e-05  4.1995364e-05
 38.5493  9.43919435e-05  1.86094953e-05  2.71451552e-05
 38.5803  7.81325334e-05  1.34961404e-05  2.19743268e-05
 38.6113  7.38243139e-05  1.33135446e-05  2.1046345e-05
 38.6423  7.68190323e-05  4.12009038e-05  4.84440013e-05
 38.6733  6.92462811e-05  2.20529416e-05  1.83738699e-05
 38.7043  4.35683525e-05  7.23440232e-06  9.97343004e-06
 38.7353  3.9923725e-05  6.16802979e-06  1.06752976e-05
 38.7663  4.15707739e-05  1.08740797e-05  1.78453495e-05
 38.7973  4.39850401e-05  1.07486578e-05  1.76142702e-05
 38.8283  4.38864557e-05  8.71830305e-06  1.70615936e-05
 38.8593  3.93544569e-05  5.64317697e-06  1.23341932e-05
 38.8903  4.05160977e-05  6.09745271e-06  1.54541685e-05
 38.9213  5.41821265e-05  3.2937187e-05  2.74308217e-05
 38.9523  9.92704236e-05  8.90457444e-05  5.09273801e-05
 38.9833  0.000109268913  0.000167988629  5.9166837e-05
 39.0143  0.000103941653  5.95844015e-05  6.09570411e-05
 39.0453  0.000225244893  6.06497414e-05  0.000137938404
 39.0763  0.000230065927  4.37530307e-05  0.000136490987
 39.1073  0.000287148261  6.01229533e-05  0.000176618071
 39.1383  0.000553242043  6.89437298e-05  0.000199447548
 39.1693  0.00138436037  0.000140000299  0.000121845675
 39.2003  5.43041321e-05  9.07494105e-06  3.72226546e-05
 39.2313  4.03407354e-05  9.54077962e-06  3.37069308e-05
 39.2623  4.15612047e-05  3.44895464e-06  2.50402241e-05
 39.2933  4.19381706e-05  1.60306952e-06  2.77207226e-05
 39.3243  5.02442793e-05  1.47134737e-05  4.71944593e-05
 39.3553  4.86348902e-05  2.98771775e-05  6.03209948e-05
 39.3864  4.92174266e-05  1.21341514e-05  5.12680043e-05
 39.4174  4.16300165e-05  1.03041937e-05  4.67946207e-05
 39.4484  6.24102848e-05  3.44884856e-05  6.92450342e-05
 39.4794  6.06866818e-05  4.82428222e-05  7.06706485e-05
 39.5104  4.61379357e-05  3.87847199e-05  5.62293453e-05
 39.5414  6.20097952e-05  3.43345891e-05  5.22730941e-05
 39.5724  7.93541123e-05  1.78885139e-05  3.9318259e-05
 39.6034  0.000104377592  2.72469819e-05  6.30142947e-05
 39.6344  6.63919993e-05  3.5466565e-05  7.75350739e-05
 39.6654  9.0350139e-05  1.89308479e-05  6.79535899e-05
 39.6964  0.000121755267  2.80966784e-05  7.34028301e-05
 39.7274  0.000101460181  2.39946287e-05  6.96143398e-05
 39.7584  0.000134257583  4.15746555e-05  0.000100438
 39.7894  0.000218938283  6.39696445e-05  0.000142757461
 39.8204  0.000215529136  3.8591109e-05  0.000102106189
 39.8514  0.000177663376  1.20533985e-05  5.44542794e-05
 39.8824  0.000182674566  2.04824378e-05  6.62547323e-05
 39.9134  0.000123907361  1.33578878e-05  5.15343978e-05
 39.9444  0.000170065313  1.30985335e-05  6.71017229e-05
 39.9754  0.000136260438  1.23296917e-05  7.66650511e-05
 40.0064  0.000116671751  1.8035173e-05  9.96810208e-05
 40.0374  0.000226143923  3.1352825e-05  0.000142370282
 40.0684  0.000244729185  3.70309139e-05  0.000153363097
 40.0994  0.000222010132  2.3059779e-05  0.000133155194
 40.1304  0.00026530579  4.58326117e-05  0.000158477396
 40.1614  0.000227949971  3.45124587e-05  0.00011964681
 40.1924  0.000220325849  3.64978465e-05  0.000124360466
 40.2234  0.000215250145  1.69272834e-05  0.000102627448
 40.2544  0.000203612317  2.17611143e-05  0.000103625521
 40.2854  0.000154379048  2.22029785e-05  8.47097385e-05
 40.3164  0.000109974268  2.74111658e-05  8.15230108e-05
 40.3474  8.21947889e-05  2.18000189e-05  7.13529025e-05
 40.3784  0.000118695615  1.27743859e-05  5.94995546e-05
 40.4094  0.000105415352  9.02395573e-06  3.93204933e-05
 40.4404  8.80597902e-05  5.63953393e-06  3.58042257e-05
 40.4714  6.99202978e-05  4.87931867e-06  2.86095144e-05
 40.5024  6.18285702e-05  2.06842908e-06  1.92686701e-05
 40.5334  7.07543545e-05  2.88156326e-06  2.18455368e-05
 40.5644  9.31647662e-05  2.32025026e-06  2.09825353e-05
 40.5954  8.39138231e-05  1.83028116e-06  1.61649694e-05
 40.6264  8.92282864e-05  3.53067585e-06  1.72329681e-05
 40.6574  9.41727903e-05  1.05117724e-05  2.43964037e-05
 40.6884  9.75725762e-05  1.10442081e-05  2.84487043e-05
 40.7194  0.000106666717  8.14322927e-06  2.84075504e-05
 40.7504  0.000134003357  7.62439346e-06  3.15918928e-05
 40.7814  0.00012101432  1.47183922e-05  3.52240134e-05
 40.8124  0.000219439608  1.66155351e-05  4.75289269e-05
 40.8434  0.000225954792  1.89974564e-05  5.19020691e-05
 40.8744  0.000275201125  2.88644745e-05  7.34536207e-05
 40.9054  0.000402973299  5.78233885e-05  0.000116920394
 40.9364  0.000618849777  0.000112710598  0.000187921184
 40.9674  0.000791327916  0.000222007205  0.000325692485
 40.9984  0.000666553151  0.000142572964  0.000256437946
 41.0294  0.000493157803  0.000150076441  0.000234289215
 41.0604  0.000266362831  8.7207309e-05  0.000130632269
 41.0914  0.000225626009  5.35142921e-05  8.01663237e-05
 41.1224  0.000206035638  4.23540294e-05  7.38093091e-05
 41.1534  0.000430892609  0.000313889746  5.96413864e-05
 41.1844  0.00339905537  0.0012411223  0.000347129551
 41.2155  0.00337636641  0.00133650782  0.000311089688
 41.2465  0.00399389648  0.00177149122  0.000266599044
 41.2775  0.00388596568  0.00167209045  0.000167679948
 41.3085  0.00178637961  0.000961572108  8.34780591e-05
 41.3395  0.00099289451  0.000417841716  6.87963306e-05
 41.3705  0.00102202827  0.000468080312  7.49518451e-05
 41.4015  0.00124407  0.000558375669  7.11582726e-05
 41.4325  0.00144549299  0.00054542933  8.24530566e-05
 41.4635  0.00174324247  0.000438180872  0.000114875704
 41.4945  0.00309259818  0.000583540596  0.000231846805
 41.5255  0.00813572378  0.00213528965  0.000318165102
 41.5565  0.0109519802  0.00531736221  0.000404660543
 41.5875  0.0132641468  0.0139915345  0.000628919257
 41.6185  0.0154752224  0.0204593763  0.000751338488
 41.6495  0.0110404706  0.00955200129  0.000479517703
 41.6805  0.00905826344  0.00408259844  0.000459223477
 41.7115  0.0260640383  0.0270638184  0.000921060951
 41.7425  0.0457995922  0.0618071561  0.0014942744
 41.7735  0.0466800003  0.0638361583  0.00161962057
 41.8045  0.0221223431  0.0245739103  0.00109500075
 41.8355  0.0230264059  0.0165115477  0.00116851766
 41.8665  0.024840102  0.0154424446  0.00156388694
 41.8975  0.0226501905  0.017991335  0.00224190204
 41.9285  0.0206382006  0.0214628388  0.00252621971
 41.9595  0.0161602846  0.0169474034  0.00254995584
 41.9905  0.0116473573  0.0116734013  0.00253402762
 42.0215  0.00183195688  0.00151001774  0.00109470492
 42.0525  0.000761704176  0.000361084689  0.000630266972
 42.0835  0.000725285142  0.000260786118  0.000477467523
 42.1145  0.00049293441  0.000192429678  0.000289694117
 42.1455  6.24092673e-05  2.31504424e-05  8.67708211e-05
 42.1765  4.21990175e-05  1.97852688e-05  6.80140039e-05
 42.2075  9.67552203e-05  6.77371083e-05  0.000138558309
 42.2385  8.85579259e-05  3.84388381e-05  0.000106672967
 42.2695  0.00016127416  6.68197382e-05  0.000135816156
 42.3005  0.000104975818  3.47309649e-05  6.1685439e-05
 42.3315  0.000104181046  3.11343548e-05  5.6077501e-05
 42.3625  0.000101704531  4.9239748e-05  8.06793896e-05
 42.3935  9.25768666e-05  1.35312651e-05  3.62497564e-05
 42.4245  5.53677051e-05  8.8537308e-06  1.78734061e-05
 42.4555  6.43207777e-05  1.14009307e-05  1.52702691e-05
 42.4865  4.97428142e-05  4.59944663e-06  4.56557681e-06
 42.5175  4.9968492e-05  3.13585525e-06  2.8200354e-06
 42.5485  5.26663207e-05  2.82503471e-06  4.7516814e-06
 42.5795  5.42967157e-05  6.48072025e-06  4.50957145e-06
 42.6105  6.01342655e-05  4.8032349e-06  5.33000439e-06
 42.6415  6.73657327e-05  1.48663878e-05  5.01219396e-06
 42.6725  0.000150473411  4.85234728e-05  1.59206606e-05
 42.7035  0.000225319845  6.84704456e-05  4.57725446e-05
 42.7345  0.000418747276  7.25595329e-05  9.92616932e-05
 42.7655  0.000620681404  0.000164368869  5.37644543e-05
 42.7965  0.000935798154  0.000242205703  3.08758672e-05
 42.8275  0.00105910895  0.000252879357  2.54737802e-05
 42.8585  0.000855615373  0.000209952542  2.21688777e-05
 42.8895  0.000431116406  0.000118449946  1.34798111e-05
 42.9205  0.000349560659  0.000103800806  1.22339863e-05
 42.9515  0.00407424911  0.00174190551  0.000172726717
 42.9825  0.00982721776  0.00970920006  0.000511210812
 43.0135  0.0096134137  0.0108810015  0.000518164901
 43.0446  0.00234538758  0.000591956278  8.6198539e-05
 43.0756  0.0037215148  0.00179114003  0.000156062291
 43.1066  0.00546377218  0.00266192209  0.000201399974
 43.1376  0.00859008007  0.00416369544  0.000328091475
 43.1686  0.00733203822  0.0034444729  0.000310932282
 43.1996  0.00369814366  0.00160174312  0.000213991604
 43.2306  0.00313699545  0.00139647944  0.000275438044
 43.2616  0.00259927588  0.000518321708  0.000323129099
 43.2926  0.00179296929  0.000329166349  0.000220230671
 43.3236  0.00149237669  0.00053375359  0.000186778248
 43.3546  0.00164669856  0.000908905221  0.000135417278
 43.3856  0.00175736945  0.000821800723  0.000108697414
 43.4166  0.0017202804  0.000169485166  0.000132966938
 43.4476  0.00271395591  0.0008146782  0.000778279053
 43.4786  0.00367330056  0.001192862  0.00056665072
 43.5096  0.00461696713  0.00122912509  0.00031211097
 43.5406  0.00807800102  0.00183125585  0.000434701711
 43.5716  0.0136056187  0.00241121265  0.000524068301
 43.6026  0.0192875132  0.00493117865  0.000766458143
 43.6336  0.0230930858  0.00740650886  0.00169869142
 43.6646  0.0331109686  0.019275634  0.00136075658
 43.6956  0.0412404821  0.023600125  0.00177861012
 43.7266  0.0481467417  0.0344494718  0.00336063831
 43.7576  0.0479090632  0.0536973289  0.00649686223
 43.7886  0.0535445449  0.0646205853  0.0205769413
 43.8196  0.0905566248  0.171480988  0.0217344084
 43.8506  0.215380759  0.271711072  0.0232928856
 43.8816  0.401797633  0.49778265  0.0390951117
 43.9126  0.528085936  0.677635556  0.056880674
 43.9436  0.519007234  0.647238896  0.0533186005
 43.9746  0.40423389  0.749568065  0.0865763327
 44.0056  0.392033282  0.733991786  0.0876079922
 44.0366  0.257200212  0.323375912  0.0750344677
 44.0676  0.083335033  0.199261673  0.104246885
 44.0986  0.0378563123  0.0419862449  0.0246947253
 44.1296  0.051999065  0.0457180196  0.0561152591
 44.1606  0.0234742764  0.0156834966  0.0254986998
 44.1916  0.0557353459  0.0688279734  0.0697459911
 44.2226  0.0518067064  0.112464858  0.0716256267
 44.2536  0.0499090975  0.092596878  0.0458542477
 44.2846  nan  nan  nan
 44.3156  nan  nan  nan
 44.3466  nan  nan  nan
 44.3776  nan  nan  nan
 44.4086  0.0200636495  0.0215139896  0.00788868665
 44.4396  0.00519067545  0.00391426621  0.0024543662
 44.4706  0.00498419253  0.00370819573  0.0024579606
 44.5016  0.00512746544  0.00417483986  0.00395308326
 44.5326  0.00450529399  0.00427893224  0.00389524329
 44.5636  0.00419972516  0.00357841924  0.00293703578
 44.5946  0.0037677563  0.00287045076  0.0019184359
 44.6256  0.00294038134  0.00313638523  0.00206232494
 44.6566  0.00305272506  0.00475194671  0.00370590504
 44.6876  0.00424936784  0.0112102708  0.00958550362
 44.7186  0.00748578062  0.0143484992  0.0131513101
 44.7496  0.00889134022  0.00557793616  0.00727445204
 44.7806  0.00684849003  0.00242570744  0.00557633958
 44.8116  0.00539982607  0.00222321983  0.00503537763
 44.8426  0.00479154122  0.003970406  0.00331687846
 44.8737  0.00635024257  0.00634509456  0.00577183617
 44.9047  0.00912324499  0.0092076671  0.00872780355
 44.9357  0.00968522619  0.0120346715  0.0110410662
 44.9667  0.00924100753  0.0122518705  0.0107700914
 44.9977  0.00916304855  0.0105445435  0.00911404825
 45.0287  0.010283536  0.00999271612  0.00746888452
 45.0597  0.0173255663  0.0113359539  0.00749997812
 45.0907  0.0227551227  0.0126501589  0.00804858774
 45.1217  0.0258240976  0.0110101054  0.00652691099
 45.1527  0.026372171  0.0089869275  0.00449265677
 45.1837  0.0252329147  0.00874473344  0.0038078434
 45.2147  0.0227161698  0.00996350242  0.00342036814
 45.2457  0.0192370554  0.00780329062  0.00350314223
 45.2767  0.0171483441  0.00606778906  0.00572565499
 45.3077  0.0219778589  0.00612766155  0.00804344054
 45.3387  0.0241949655  0.00879231744  0.00732613242
 45.3697  nan  nan  nan
