# X (m) TKE_avg epsilon_turb_avg epsilon_avg
 18.05  7.29780806e-05  2.35470271e-06  8.00938697e-06
 18.1  9.3715648e-05  2.5189543e-06  1.25578943e-05
 18.15  0.00017878881  4.81134243e-06  9.93155401e-06
 18.2  6.82115513e-06  1.22567373e-06  1.0412659e-05
 18.25  0.00017499882  2.55427063e-06  1.24040942e-05
 18.3  0.00020127374  3.26293746e-06  1.47392825e-05
 18.35  0.000273841857  1.04305724e-05  1.79119792e-05
 18.4  0.000573440666  2.37904406e-05  1.71333331e-05
 18.45  0.000758644025  2.24547685e-05  1.26138102e-05
 18.5  0.000274568044  3.84794866e-06  1.82110293e-05
 18.55  0.000469156062  1.46436114e-05  1.98021e-05
 18.6  7.19935715e-06  6.80774948e-06  1.04621092e-05
 18.65  0.000346967594  1.5785104e-05  1.04229223e-05
 18.7  0.00040851002  1.92226186e-05  1.84544256e-05
 18.75  0.000225236065  6.11054699e-06  1.07528495e-05
 18.8  0.000178646808  4.23926398e-06  1.39308519e-05
 18.85  0.000146618208  4.6929225e-06  1.5753029e-05
 18.9  0.00010309746  3.46914166e-06  2.25499569e-05
 18.95  5.42505858e-05  2.21648068e-06  2.43795784e-05
 19  0.000126379415  2.36544131e-06  3.04761749e-05
 19.05  2.06695731e-05  2.22013085e-06  4.69037142e-05
 19.1  0.000104958588  2.22571419e-06  3.74264198e-05
 19.15  0.00053695461  2.06965946e-05  5.09504813e-05
 19.2  0.000955309768  2.73841324e-05  4.28070628e-05
 19.25  0.000965546063  4.12799451e-05  5.99556409e-05
 19.3  2.09519018e-05  2.63361942e-06  5.91745182e-05
 19.35  0.000872858798  2.53407439e-05  7.11323585e-05
 19.4  0.00139482538  4.56012408e-05  5.30083994e-05
 19.45  0.00102158313  7.43690624e-05  5.74684142e-05
 19.5  0.00161861612  6.90278051e-05  5.3863205e-05
 19.55  0.00125094865  2.36231427e-05  4.00249364e-05
 19.6  0.00124063597  2.31392939e-05  3.43396525e-05
 19.65  0.00119298102  2.29069264e-05  3.81796007e-05
 19.7  0.00191489448  4.61072981e-05  3.60423105e-05
 19.75  0.00186566419  6.4601727e-05  4.34024499e-05
 19.8  0.000921564421  1.65269748e-05  4.39432488e-05
 19.85  0.00128583171  4.0592912e-05  3.41917019e-05
 19.9  0.00194284134  6.83904349e-05  2.95232685e-05
 19.95  0.000441469035  1.22691193e-05  2.77795099e-05
 20  0.000170134273  5.58938953e-06  2.75116676e-05
 20.05  0.000300808869  4.34867928e-05  3.02875562e-05
 20.1  0.000502122706  5.24288966e-05  1.44340633e-05
 20.15  0.000543976007  5.46737862e-05  1.12286695e-05
 20.2  0.000119127073  1.37315371e-05  1.41897346e-05
 20.25  0.000480441626  3.74552229e-05  9.40405751e-06
 20.3  0.00159355705  0.00025850222  4.00199879e-05
 20.35  0.00255420674  0.000195826111  7.28041532e-05
 20.4  0.00399508593  0.000430682437  9.1527196e-05
 20.45  0.0053793472  0.0008717517  0.000135371922
 20.5  0.00888489056  0.00149121975  0.000228606121
 20.55  0.0120074316  0.00270252092  0.000480313345
 20.6  0.018486301  0.00702283807  0.000587732843
 20.65  0.035773375  0.0179727289  0.0010624043
 20.7  0.058489012  0.0314776194  0.00200292764
 20.75  0.0576169137  0.0407482828  0.00210996623
 20.8  0.0262204697  0.0104158757  0.000892348794
 20.85  0.0393681094  0.0214348354  0.00130556234
 20.9  0.0695484422  0.0631554469  0.00223816658
 20.95  0.100722354  0.0947479479  0.00361002608
 21  0.0924830587  0.0603377536  0.00258942742
 21.05  0.0505665988  0.0256841462  0.00122728024
 21.1  0.0230485595  0.00797701106  0.000580423896
 21.15  0.0203009613  0.0139502941  0.000484795756
 21.2  0.0227162593  0.0243398312  0.000825147494
 21.25  0.0433641269  0.0282679722  0.00102286834
 21.3  0.0239135288  0.012344506  0.000772874885
 21.35  0.0122513677  0.00443775366  0.000521932644
 21.4  0.0196636624  0.003149578  0.000694053809
 21.45  0.0146425737  0.00274502307  0.00105468034
 21.5  0.00919155249  0.00191691346  0.000887714226
 21.55  0.00759709029  0.0024652905  0.000677100748
 21.6  0.00545789995  0.000800739496  0.000466777693
 21.65  0.00530353485  0.000872941317  0.000302837979
 21.7  0.0045349151  0.000486268147  0.000167188033
 21.75  0.00155264096  0.000209424391  0.000105780499
 21.8  0.00168192202  0.000221875594  0.000112756867
 21.85  0.00332560845  0.00044625813  0.00015161697
 21.9  0.00433907715  0.000605449223  0.000145665558
 21.95  0.00263823346  0.00037779998  9.7546366e-05
 22  0.00410475069  0.000651528838  0.000131046557
 22.05  0.00390440794  0.00044101367  0.000116166403
 22.1  0.00289725627  0.00039821092  9.7603975e-05
 22.15  0.0021005774  0.000209314739  6.79334395e-05
 22.2  0.00242580451  0.000439071262  0.000135109938
 22.25  0.00231478905  0.000224671465  6.80053056e-05
 22.3  0.00262043308  0.000520732969  8.45676684e-05
 22.35  0.00315388368  0.000401867395  8.81822382e-05
 22.4  0.00349581849  0.000531612413  0.000116686386
 22.45  0.00232347155  0.000356087648  7.00214451e-05
 22.5  0.00350254382  0.000499773357  9.16293609e-05
 22.55  0.00284127295  0.000293103126  8.89535266e-05
 22.6  0.00270856028  0.000399687871  0.000132100493
 22.65  0.00320482561  0.000247474557  0.000129947094
 22.7  0.00322326264  0.000220918107  9.73832965e-05
 22.75  0.00276255913  0.000116210742  0.000126849195
 22.8  0.00288057658  0.000171148723  0.000182077252
 22.85  0.00403825456  0.000421715269  0.000192454598
 22.9  0.00420221168  0.000511665441  0.000163440689
 22.95  0.00384126542  0.000541428053  0.0001980684
 23  0.00439911575  0.000626847483  0.000206255419
 23.05  0.00463890744  0.000754132942  0.000219743644
 23.1  0.00418041501  0.000685666261  0.00027701911
 23.15  0.0173127557  0.0074501925  0.001401697
 23.2  0.0396475614  0.0320921094  0.00408570723
 23.25  nan  nan  nan
