# X (m) TKE_avg epsilon_turb_avg epsilon_avg
 18.05  0.000462651784  1.98204427e-05  1.54582654e-05
 18.1  0.000555553929  2.54940493e-05  1.363324e-05
 18.15  0.000843956084  2.51298549e-05  1.66055026e-05
 18.2  2.81032156e-06  2.43777365e-06  1.37349294e-05
 18.25  0.000246328429  4.92690856e-06  9.24627929e-06
 18.3  0.000227160245  4.82492858e-06  8.92457135e-06
 18.35  0.000250276026  1.24928178e-05  7.12628002e-06
 18.4  0.000445619047  2.1471995e-05  6.89308619e-06
 18.45  0.000460814892  1.52923782e-05  6.21153309e-06
 18.5  0.000130185001  2.03962819e-06  5.55575951e-06
 18.55  0.000190174691  6.30599734e-06  3.94243013e-06
 18.6  3.67561974e-06  3.01789644e-06  2.99167906e-06
 18.65  0.000138821237  5.87099801e-06  3.61266738e-06
 18.7  0.000146694578  7.33996158e-06  3.78311937e-06
 18.75  7.25467407e-05  2.17511317e-06  3.93074154e-06
 18.8  5.82816093e-05  1.34770805e-06  4.35090199e-06
 18.85  6.1494563e-05  1.60142467e-06  5.88785609e-06
 18.9  4.21324362e-05  1.97493307e-06  6.16581227e-06
 18.95  5.39613908e-05  2.7858358e-06  8.35704461e-06
 19  7.02978086e-05  2.35523271e-06  1.03212887e-05
 19.05  5.96265382e-06  4.91807221e-07  9.22958544e-06
 19.1  1.29785231e-05  3.56239578e-07  1.5240002e-05
 19.15  1.92280861e-05  6.39506211e-07  1.37119573e-05
 19.2  3.1899179e-05  1.2990671e-06  1.83468154e-05
 19.25  5.56958203e-05  1.7915621e-06  2.40898526e-05
 19.3  1.51809784e-05  1.27905168e-06  2.43991634e-05
 19.35  0.000136858024  3.81467607e-06  2.9017783e-05
 19.4  0.000312853746  8.73271759e-06  4.33444006e-05
 19.45  0.000316698024  1.87616919e-05  3.16460265e-05
 19.5  0.000677315422  2.49415069e-05  4.56449445e-05
 19.55  0.000636086032  1.09739002e-05  5.93678266e-05
 19.6  0.000692301835  1.2635005e-05  4.76397702e-05
 19.65  0.000646999803  1.33120255e-05  4.56990004e-05
 19.7  0.000889349338  2.47514412e-05  0.000101778185
 19.75  0.000750994459  2.85753259e-05  6.5433047e-05
 19.8  0.000271281206  9.10943407e-06  9.87865794e-05
 19.85  0.000195237457  7.32574942e-06  0.000100031664
 19.9  0.000498834864  1.44162576e-05  0.000130038513
 19.95  0.000362924568  1.10652734e-05  0.000185309232
 20  0.000268242125  9.01248992e-06  0.000173867987
 20.05  0.000796879251  0.000120035651  0.000245029442
 20.1  0.000204316812  5.38195837e-05  0.000305802165
 20.15  0.00119332371  0.000255126053  0.000291248518
 20.2  0.0019256496  0.00028233766  0.000261847213
 20.25  0.00260421259  0.000328595182  0.000145554259
 20.3  0.0029684609  0.000772598906  0.000150523979
 20.35  0.00455086496  0.000775314178  0.000175296874
 20.4  0.00357276584  0.000573875003  0.000136777707
 20.45  0.00485634383  0.000661282257  0.00010293287
 20.5  0.00444544848  0.000752513828  0.000156559799
 20.55  0.00550273539  0.000878978289  0.000174278115
 20.6  0.00774392835  0.00212313195  0.0002843444
 20.65  0.010573914  0.00285184626  0.000452354106
 20.7  0.0149862382  0.00356133042  0.000514596292
 20.75  0.0141839167  0.00426577744  0.000503769164
 20.8  0.0127954127  0.00342765296  0.000429463545
 20.85  0.012905679  0.00356982346  0.000500360429
 20.9  0.0141162249  0.0039907044  0.000441945614
 20.95  0.017154067  0.00532386783  0.000561558581
 21  0.0154315435  0.00364087169  0.000364224559
 21.05  0.0108077615  0.00263804733  0.000299226768
 21.1  0.0090095256  0.00248698433  0.000230199434
 21.15  0.00718110519  0.00141278399  0.000167835788
 21.2  0.00555034657  0.00134855428  0.000153362742
 21.25  0.0056872713  0.00125266671  0.000116780201
 21.3  0.00497830881  0.000899302948  0.000117848542
 21.35  0.00587788781  0.00178608437  0.000196062584
 21.4  0.00540952561  0.00115187865  0.000157302359
 21.45  0.00586427339  0.00173129465  0.000171325633
 21.5  0.00666200019  0.00152611973  0.000199101858
 21.55  0.00810887619  0.00217818941  0.000237830896
 21.6  0.00321641245  0.00053561813  0.000137633229
 21.65  0.00831349658  0.00190626099  0.000248371342
 21.7  0.0061715952  0.0013480567  0.000201195623
 21.75  0.0125171028  0.00313045808  0.000290511499
 21.8  0.0102836404  0.00184756133  0.000295680022
 21.85  0.00631095242  0.00180295062  0.00027432106
 21.9  0.00320743253  0.000340001824  0.000197092133
 21.95  0.00457810731  0.000682457361  0.000223129584
 22  0.00650484134  0.00349085579  0.000380572871
 22.05  0.00699612101  0.00279125374  0.000432165653
 22.1  0.0248423766  0.0115011997  0.000720188303
 22.15  0.00873572457  0.00138509027  0.000415092268
 22.2  0.00383449656  0.000478485082  0.000428382645
 22.25  0.0022581014  0.000162876181  0.000296185008
 22.3  0.00231412002  0.000216769071  0.000233373287
 22.35  0.00204577301  0.000230206252  0.000186631227
 22.4  0.00228850995  0.000230218384  0.000187686135
 22.45  0.00149445487  0.000143085756  0.000124162679
 22.5  0.00187791828  0.0003425425  0.00018069231
 22.55  0.00189300627  0.000127113692  0.000153917863
 22.6  0.00167227814  0.00013438959  0.000145212139
 22.65  0.00294587711  0.000261224061  0.000175181384
 22.7  0.00225781599  0.000130301415  0.000120541258
 22.75  0.00222926717  0.000151190178  0.000125678501
 22.8  0.00289168381  0.000284783832  0.00010172455
 22.85  0.00172334846  8.29822898e-05  6.52006885e-05
 22.9  0.00205506206  0.000139631133  7.2702339e-05
 22.95  0.00244864003  0.00017440084  6.93194641e-05
 23  0.00294436395  0.00036175767  0.000107642685
 23.05  0.0081648856  0.00061606514  0.000196464029
 23.1  0.00448323597  0.000325825951  0.000162792133
 23.15  0.00537924547  0.0008258411  0.000236387396
 23.2  0.00588897113  0.00121487493  0.000212154823
 23.25  0.00671458497  0.00059965093  0.000204443395
 23.3  0.00390335245  0.000539140214  0.000226907992
 23.35  0.00376569012  0.000426702274  0.00022690417
 23.4  0.00452641522  0.000594698562  0.000228316676
 23.45  0.00373603783  0.000544296908  0.000737871353
 23.5  0.00426076733  0.00051370605  0.001411047
 23.55  0.00404741299  0.000481296428  0.00160080994
 23.6  0.00269811274  0.000259151524  0.000766084912
 23.65  0.00325991393  0.000535275912  0.00236498653
 23.7  0.003596415  0.00150797597  0.00567665392
 23.72  0.00574311307  0.00256690026  0.00638099062
