# X (m) TKE_avg epsilon_turb_avg epsilon_avg
 18.05  7.21947557e-05  3.08280802e-06  5.01911502e-06
 18.1  4.60668453e-05  8.43266309e-07  5.98488668e-06
 18.15  2.94765205e-05  6.11542094e-07  1.0653384e-05
 18.2  8.12083461e-06  6.53794844e-07  1.32776314e-05
 18.25  7.86358159e-05  1.19421794e-06  9.37535248e-06
 18.3  9.11776207e-05  1.45421284e-06  1.17029964e-05
 18.35  0.000128415037  4.31506893e-06  1.20378914e-05
 18.4  0.000291633343  1.16683747e-05  1.6497006e-05
 18.45  0.00043944754  1.20945516e-05  1.80650267e-05
 18.5  0.000187518157  2.33115963e-06  1.60170004e-05
 18.55  0.000371309292  1.02076314e-05  2.31674577e-05
 18.6  6.97568568e-06  7.14637986e-06  1.60981737e-05
 18.65  0.000499089991  2.06331805e-05  2.87976343e-05
 18.7  0.000739186869  3.51368049e-05  1.84005762e-05
 18.75  0.000506915007  1.38796355e-05  2.02728566e-05
 18.8  0.000502345269  8.45207519e-06  1.92425156e-05
 18.85  0.000684086027  1.57917509e-05  1.49525627e-05
 18.9  0.000566459596  2.30014175e-05  2.01208187e-05
 18.95  0.0010534867  5.92543362e-05  1.78729507e-05
 19  0.00190530835  5.35633426e-05  2.21456114e-05
 19.05  1.11143154e-05  5.42008032e-06  1.72860895e-05
 19.1  0.00026740615  4.90032716e-06  1.27263782e-05
 19.15  0.00135922689  5.74535313e-05  1.08233584e-05
 19.2  0.00159670793  5.08207487e-05  8.92657522e-06
 19.25  0.00115649123  5.38856723e-05  7.58583484e-06
 19.3  2.16601071e-05  2.84233428e-06  7.45671685e-06
 19.35  0.000573955843  1.76333931e-05  6.30027595e-06
 19.4  0.000690036978  2.11119552e-05  9.38346668e-06
 19.45  0.000367981467  2.43525783e-05  7.37330735e-06
 19.5  0.00039895691  1.83927908e-05  1.27715731e-05
 19.55  0.000220172451  5.19567385e-06  1.48900692e-05
 19.6  0.000141157129  3.33891401e-06  1.66319083e-05
 19.65  8.45748321e-05  1.9556159e-06  1.79730643e-05
 19.7  6.05975773e-05  1.50817892e-06  3.29212767e-05
 19.75  4.35010873e-05  1.03797883e-06  3.61132711e-05
 19.8  5.12954651e-05  1.1251705e-06  4.56632477e-05
 19.85  0.000106017793  2.75322381e-06  7.34415822e-05
 19.9  0.000280947622  8.70877129e-06  0.000101781755
 19.95  0.000159409944  5.58852397e-06  0.000101279533
 20  0.00022998532  8.16569373e-06  7.60507606e-05
 20.05  0.000254893764  3.12320807e-05  0.000100095865
 20.1  0.00123496775  0.000219658438  0.000108712785
 20.15  0.00191475901  0.000418926261  0.000230516154
 20.2  0.0030576297  0.000995230562  0.000419988104
 20.25  0.00303938694  0.000376131518  0.000198796335
 20.3  0.00464558247  0.000635340891  0.000434067363
 20.35  0.00527770169  0.000750091875  0.000778965403
 20.4  0.0220837645  0.0128706848  0.00147091975
 20.45  0.0337992251  0.0202758496  0.00204225174
 20.5  0.0173943219  0.0048836924  0.00141646928
 20.55  0.00468512662  0.00061519661  0.000347526764
 20.6  0.0149912531  0.0070721076  0.00210436015
 20.65  0.00622981144  0.00780002967  0.000894853933
 20.7  0.00638704407  0.0127799797  0.000734998278
 20.75  0.00717663377  0.00119140623  0.000462697465
 20.8  0.00565492039  0.00150641498  0.000365851673
 20.85  0.00586347374  0.00127296954  0.000421487804
 20.9  0.00686896065  0.00115580403  0.000451915899
 20.95  0.00500839536  0.000984955841  0.000363340407
 21  0.00599020472  0.00134052672  0.000435276983
 21.05  0.00370031466  0.000756175233  0.000134021185
 21.1  0.00396026385  0.000603733303  0.000136105976
 21.15  0.00413564775  0.00128088446  9.94385133e-05
 21.2  0.00467525016  0.00114589365  0.000154083912
 21.25  0.00746200239  0.00128160413  0.000185448298
 21.3  0.00536008576  0.00152849872  0.000191677295
 21.35  0.00614523483  0.00120777543  0.0001997516
 21.4  0.00485182634  0.00127445363  0.00022312947
 21.45  0.00510202337  0.00113274845  0.000188436288
 21.5  0.00773059591  0.00216977793  0.000236365788
 21.55  0.00546332729  0.00128170778  0.000178705276
 21.6  0.0059409558  0.000796386021  0.000188495692
 21.65  0.00693369449  0.00102586995  0.000266836274
 21.7  0.00793380446  0.00189301492  0.000198523096
 21.75  0.00383519364  0.00118659883  0.00015445119
 21.8  0.00455560429  0.000743805904  0.000158141369
 21.85  0.00675752097  0.00123881433  0.000183131507
 21.9  0.00608003998  0.00137444235  0.000207212417
 21.95  0.00405794312  0.000741733873  0.000117784146
 22  0.00338025561  0.000507850037  0.000115228034
 22.05  0.00459165268  0.00061313978  0.000136421086
 22.1  0.00647898342  0.00103241066  0.000165222878
 22.15  0.00455549515  0.000754984988  0.000175806046
 22.2  0.00480876903  0.000935081632  0.00019093512
 22.25  0.0066371242  0.00151148463  0.000186045065
 22.3  0.00614866379  0.00168293433  0.000203071065
 22.35  0.00677184907  0.00118650404  0.000334823422
 22.4  0.0121086473  0.00249333683  0.000274392742
 22.45  0.00684243629  0.00240779612  0.000302894645
 22.5  0.00571746976  0.000982105002  0.000167129428
 22.55  0.00560469066  0.000909080599  0.00021633835
 22.6  0.00486126264  0.000705206612  0.000344327705
 22.65  0.00480230233  0.000758222469  0.00040527726
 22.7  0.00507016301  0.00108589744  0.000486429655
 22.75  0.00242125155  0.000262723703  0.000402884484
 22.8  0.00177004465  0.000235188625  0.000301164331
 22.85  0.00160065202  0.000171202176  0.000120071102
 22.9  0.00234277121  0.000168962635  8.64297955e-05
 22.95  0.00446171867  0.000213313848  0.00018964719
 23  0.00473844397  0.000424340009  0.000225274948
 23.05  0.00588009868  0.000883301295  0.000344095781
 23.1  0.00303866205  0.000603541923  0.000513551338
 23.15  0.00368776816  0.000305240785  0.000598667939
 23.2  0.00288341823  0.000404913317  0.000409941459
 23.25  0.0126785276  0.00533716598  0.00958459803
 23.3  0.00873803297  0.00202555899  0.0174421549
 23.35  0.00775506915  0.0125226218  0.0321060575
 23.38  nan  nan  nan
