# X (m) TKE_avg epsilon_turb_avg epsilon_avg
 18.05  0.000311667494  1.31641624e-05  1.54255447e-05
 18.1  0.0003817303  1.72655954e-05  1.20848277e-05
 18.15  0.000579342955  1.83471749e-05  1.38956911e-05
 18.2  4.48708014e-06  1.64846645e-06  8.49958093e-06
 18.25  0.000175823223  3.27866859e-06  4.46155723e-06
 18.3  0.000164023567  3.51417423e-06  1.9103675e-06
 18.35  0.000180465761  8.48418933e-06  1.51661457e-06
 18.4  0.000317087654  1.51462022e-05  1.82057394e-06
 18.45  0.000320394639  1.06200817e-05  1.30945736e-06
 18.5  9.50776246e-05  1.60487641e-06  2.45421449e-06
 18.55  0.000134629984  4.59738696e-06  2.34807857e-06
 18.6  6.10106538e-06  1.66585935e-06  3.91330425e-06
 18.65  6.07905958e-05  2.6817955e-06  4.39634953e-06
 18.7  6.28253182e-05  2.84094728e-06  1.08411539e-05
 18.75  3.97071613e-05  1.31097147e-06  9.77450988e-06
 18.8  3.53437682e-05  7.7429459e-07  1.84149004e-05
 18.85  3.73570465e-05  1.04657927e-06  1.74514408e-05
 18.9  4.66716585e-05  1.04163418e-06  2.02205803e-05
 18.95  7.57327637e-05  2.58476333e-06  3.2030331e-05
 19  0.000234210925  4.76879283e-06  3.53163839e-05
 19.05  1.78508563e-05  1.91501318e-06  3.60057983e-05
 19.1  0.00010608099  1.91793154e-06  5.24007399e-05
 19.15  0.000645214897  2.49128357e-05  5.45916265e-05
 19.2  0.00106604462  2.95680321e-05  7.02817057e-05
 19.25  0.00104449826  4.36475786e-05  6.60620079e-05
 19.3  2.33636429e-05  2.45772019e-06  8.14065744e-05
 19.35  0.000921070716  2.64632711e-05  8.13720763e-05
 19.4  0.00141028958  4.44497002e-05  0.000119578213
 19.45  0.000950515238  6.43608658e-05  6.51218001e-05
 19.5  0.00139137557  6.67913856e-05  8.22288775e-05
 19.55  0.000925504568  2.36716213e-05  8.28219888e-05
 19.6  0.000731645968  2.03109252e-05  5.62756363e-05
 19.65  0.000488648919  1.42570979e-05  3.98146056e-05
 19.7  0.000370685465  1.42600373e-05  3.41540303e-05
 19.75  0.000261313341  9.43211065e-06  5.33021268e-05
 19.8  0.000380990525  1.31266349e-05  0.000148157102
 19.85  0.000567473315  2.79649878e-05  0.000183458754
 19.9  0.00139857102  0.000142030252  0.000200375281
 19.95  0.00166795027  0.000108267288  0.000178953727
 20  0.00141419213  8.51427922e-05  0.000165494591
 20.05  0.00213048581  0.00089457135  0.000229895536
 20.1  0.00332528466  0.00292401324  0.000269767905
 20.15  0.00420218501  0.00128622728  0.000163349946
 20.2  0.00492231195  0.00235800018  0.000184587573
 20.25  0.00314607811  0.000248886854  0.000165830896
 20.3  0.00199062766  0.000210777558  8.86352087e-05
 20.35  0.00339653661  0.000536330969  0.000232180979
 20.4  0.00369692319  0.000428468315  0.000127096771
 20.45  0.00409451279  0.000526726846  0.000103968931
 20.5  0.00388450134  0.00054275908  0.000180087829
 20.55  0.00477387524  0.00087418851  0.000154217484
 20.6  0.00796992254  0.00171364305  0.000337584989
 20.65  0.00825977626  0.00169633799  0.000215830814
 20.7  0.010431737  0.00290267278  0.000459813105
 20.75  0.0162906688  0.00491002189  0.000510076768
 20.8  0.0145429569  0.00493790832  0.000521082512
 20.85  0.0247412444  0.00783091346  0.000681650785
 20.9  0.0196209164  0.00587994788  0.000481081872
 20.95  0.0178092351  0.0085918697  0.00065013371
 21  0.0169817335  0.00533885363  0.000533647405
 21.05  0.00868767958  0.00222037167  0.00024897727
 21.1  0.0121632225  0.00286271045  0.000312662043
 21.15  0.0106696605  0.00361295451  0.000220900177
 21.2  0.00678354796  0.0015625823  0.000126688165
 21.25  0.0064532256  0.00254465756  0.000187468729
 21.3  0.0109160456  0.00282465211  0.000217081557
 21.35  0.00977235431  0.00476088847  0.000212306155
 21.4  0.0101115523  0.00211537665  0.000182848941
 21.45  0.00780640225  0.00239070701  0.000188201197
 21.5  0.00837262919  0.0017299589  0.000207340081
 21.55  0.0108539281  0.00275852145  0.000204093919
 21.6  0.00888323579  0.00175817477  0.000177264759
 21.65  0.00931700575  0.00177720091  0.000182380106
 21.7  0.00811090901  0.00150053486  0.000189621638
 21.75  0.00881646271  0.00222840769  0.000229801355
 21.8  0.00755147255  0.00173387796  0.000321125352
 21.85  0.00659641524  0.00123166121  0.000245580885
 21.9  0.00995853279  0.000961913259  0.000423479384
 21.95  0.00623254076  0.000747665351  0.000343604316
 22  0.00760233717  0.00153783713  0.000547623825
 22.05  0.00606130335  0.000369754166  0.000578034134
 22.1  0.00442131379  0.000357662571  0.000441330673
 22.15  0.00297125115  0.000260526437  0.00015643363
 22.2  0.00163339377  0.000179446831  0.00017850374
 22.25  0.00212267889  0.000153942387  0.00014778969
 22.3  0.00218344169  0.000229690258  0.000184323381
 22.35  0.00221672033  0.000171725907  0.00012592444
 22.4  0.00186025813  0.000186872216  0.00015796302
 22.45  0.00258664477  0.00022814707  0.00010011168
 22.5  0.00230681863  0.000280809718  8.99242016e-05
 22.55  0.00209882113  0.000206331539  9.17776017e-05
 22.6  0.00226997391  0.000146477228  7.74874792e-05
 22.65  0.00183449032  0.000121474007  7.95223083e-05
 22.7  0.00126565066  0.000197776539  6.89221916e-05
 22.75  0.00191570145  0.00017385973  8.48519127e-05
 22.8  0.00222175595  0.000189435592  8.32202866e-05
 22.85  0.00182579112  0.000259018183  8.80841362e-05
 22.9  0.00275392267  0.000210988638  9.55835814e-05
 22.95  0.00432256091  0.000255181072  0.000107825313
 23  0.00447961998  0.000473730246  0.000189262486
 23.05  0.00626573044  0.00059175847  0.000288496193
 23.1  0.00702719541  0.000473022384  0.000374969719
 23.15  0.00491397638  0.000907851737  0.000443251144
 23.2  0.00450687604  0.000823303538  0.000304225951
 23.25  0.00549080874  0.000731572139  0.000283373411
 23.3  0.00627498335  0.000987849971  0.000495784902
 23.35  0.00722487345  0.00125844464  0.000869545507
 23.4  0.00744757561  0.00138884787  0.000854050123
 23.45  0.00517683858  0.00114556532  0.00109022928
 23.5  0.00495062208  0.000442854022  0.00202729684
 23.55  0.00589294139  0.00149547339  0.00209090899
