# X (m) TKE_avg epsilon_turb_pw_avg_Y_avg epsilon_pw_avg_Y_avg
 33.0307  0.000103099325  1.59421349e+14  1.59421354e+14
 33.0614  9.06742989e-05  9.77038547e+13  9.77038581e+13
 33.0921  0.000107883774  2.00345628e+13  2.00345635e+13
 33.1228  0.000130270497  4.42974002e-06  3.25638781e-06
 33.1535  0.000162255108  6.04908506e-06  6.85618213e-06
 33.1842  0.000226095746  9.65416642e-06  1.79481274e-05
 33.2149  0.000390506054  4.55506227e-05  2.38566966e-05
 33.2456  0.000483846419  0.000353987323  0.000358552367
 33.2763  0.000389865661  0.000148697977  0.000126939395
 33.307  0.000394107604  0.000183792141  0.00011486719
 33.3377  0.000389110724  3.06488165e-05  2.40861096e-05
 33.3685  0.000381133536  2.60766544e-05  2.00382091e-05
 33.3992  0.000366453944  2.91294702e-05  1.8360579e-05
 33.4299  0.000370135483  3.45837592e-05  1.89399958e-05
 33.4606  0.000297344023  2.64281163e-05  1.6062825e-05
 33.4913  0.000283915879  1.27629824e-05  1.57377189e-05
 33.522  0.000455699325  3.04233804e-05  1.53698215e-05
 33.5527  0.000386958631  2.78042042e-05  1.50412748e-05
 33.5834  0.000400228347  5.51436004e-05  1.54065782e-05
 33.6141  0.000431921307  8.44549991e-05  2.00045968e-05
 33.6448  0.000546362509  0.000757908694  3.81469712e-05
 33.6755  0.000625958614  0.00140845037  4.77480125e-05
 33.7062  0.000641824595  0.000516259285  6.09472309e-05
 33.7369  0.000660866084  0.000193888697  4.03665678e-05
 33.7676  0.000771804051  0.000127230552  8.16584502e-05
 33.7983  0.000941143238  0.000135337349  0.000111805566
 33.829  0.000937991132  0.000121531814  3.67042635e-05
 33.8597  0.000825517682  0.000101157348  1.75242234e-05
 33.8904  0.000538444526  6.33948425e-05  1.1812026e-05
 33.9211  0.000355340515  3.13566396e-05  8.07729541e-06
 33.9518  0.000345175931  2.32358999e-05  8.76970882e-06
 33.9825  0.000232699186  1.2381282e-05  5.46677535e-06
 34.0132  0.000296322841  1.47100539e-05  9.39893789e-06
 34.044  0.000312507434  1.52679019e-05  1.12275299e-05
 34.0747  0.000297421669  1.21751754e-05  9.34996854e-06
 34.1054  0.000327109327  1.41673992e-05  9.62952568e-06
 34.1361  0.000300524077  1.29153195e-05  7.63870878e-06
 34.1668  0.000309831359  1.71098794e-05  8.64252212e-06
 34.1975  0.000288473043  1.04942109e-05  5.84302694e-06
 34.2282  0.000314497868  1.09750996e-05  6.039178e-06
 34.2589  0.000331877029  8.0971783e-06  4.78213628e-06
 34.2896  0.000367442418  1.02341109e-05  6.21092664e-06
 34.3203  0.000336559077  9.18466808e-06  5.70779564e-06
 34.351  0.000314911746  8.26973891e-06  5.33932093e-06
 34.3817  0.00021409187  1.19961025e-05  5.28303898e-06
 34.4124  0.000143719927  9.39290093e-06  6.15287906e-06
 34.4431  0.000120313604  6.07226092e-06  4.58689624e-06
 34.4738  0.000124879427  6.04982628e-06  4.00987707e-06
 34.5045  0.000120299901  7.07723795e-06  4.48006463e-06
 34.5352  0.000110460786  9.18353466e-06  6.07339573e-06
 34.5659  0.000123296345  7.37618856e-06  6.49002034e-06
 34.5966  0.000125373786  5.72616289e-06  6.02511385e-06
 34.6273  0.000118670602  6.35726236e-06  7.89898392e-06
 34.658  0.000114131176  7.53249997e-06  5.93816211e-06
 34.6887  0.000119014521  1.73110066e-05  1.25649622e-05
 34.7194  0.000120233187  1.24479764e-05  1.03089535e-05
 34.7502  0.000114852579  1.27665539e-05  1.21664195e-05
 34.7809  0.000125597004  1.50628831e-05  1.33799044e-05
 34.8116  0.000130119621  1.33353183e-05  9.06782674e-06
 34.8423  0.000118491926  1.39174574e-05  7.96473244e-06
 34.873  0.000144880398  1.06438119e-05  5.83525869e-06
 34.9037  0.000138651181  1.41190969e-05  1.17221655e-05
 34.9344  0.000136790967  1.16253528e-05  8.81533752e-06
 34.9651  0.000154161864  1.17273218e-05  1.14182896e-05
 34.9958  0.000190959859  1.36375934e-05  1.05775365e-05
 35.0265  0.000129373512  1.06402189e-05  9.5734931e-06
 35.0572  0.000139634779  5.19748981e-06  5.24615442e-06
 35.0879  0.00017015641  9.33122057e-06  5.85296122e-06
 35.1186  0.000199977029  2.19871824e-05  6.51331534e-06
 35.1493  0.000248158434  7.45320288e-05  9.57009868e-06
 35.18  0.000301395786  0.000200433666  1.3085022e-05
 35.2107  0.000280794223  5.00726741e-05  6.44355447e-06
 35.2414  0.000302299533  1.80879543e-05  8.1368618e-06
 35.2721  0.000315265477  1.31825483e-05  7.82408688e-06
 35.3028  0.000311276111  1.00055515e-05  8.79912624e-06
 35.3335  0.000355484972  8.69667858e-06  5.50648156e-06
 35.3642  0.000327092599  1.08148809e-05  7.51786885e-06
 35.3949  0.000259587093  5.87336827e-06  4.86168251e-06
 35.4257  0.000247831169  5.82582644e-06  4.48760453e-06
 35.4564  0.000270751389  6.12579705e-06  4.31163792e-06
 35.4871  0.000290909251  7.33210941e-06  4.71020646e-06
 35.5178  0.000278214479  7.6757877e-06  4.61932938e-06
 35.5485  0.000255300244  8.74507302e-06  4.64871504e-06
 35.5792  0.000214391354  6.19750218e-06  4.94863007e-06
 35.6099  0.000194614837  5.95791506e-06  4.37530426e-06
 35.6406  0.000204579486  7.99804869e-06  5.39642456e-06
 35.6713  0.000240022986  1.1420994e-05  5.89963587e-06
 35.702  0.000233642897  9.21717354e-06  6.67848563e-06
 35.7327  0.000265267854  8.70335527e-06  5.71495074e-06
 35.7634  0.000307172574  1.40431383e-05  8.23355346e-06
 35.7941  0.000318630768  1.26714611e-05  6.96237979e-06
 35.8248  0.00032575549  9.72407613e-06  7.75729766e-06
 35.8555  0.000314388575  2.27083902e-05  7.90546391e-06
 35.8862  0.00026566415  1.81307037e-05  8.54938807e-06
 35.9169  0.000230244514  9.15388062e-06  8.88044204e-06
 35.9476  0.000235378866  1.01578611e-05  1.00631042e-05
 35.9783  0.000252153941  1.42779528e-05  1.18157966e-05
 36.009  0.000253222927  1.33189588e-05  1.18976966e-05
 36.0397  0.000289837054  1.93585958e-05  1.24022801e-05
 36.0704  0.000313962326  2.06299733e-05  1.02048877e-05
 36.1011  0.000368599406  3.36992734e-05  2.06091662e-05
 36.1319  0.000402487654  5.0781577e-05  2.9987725e-05
 36.1626  0.000402461642  0.00022348266  8.64508092e-05
 36.1933  0.0004024057  0.00107790419  0.000356099478
 36.224  0.000448145083  0.000165096237  6.11420232e-05
 36.2547  0.000481348653  2.33595194e-05  2.43823368e-05
 36.2854  0.000491932415  2.79938552e-05  2.49495503e-05
 36.3161  0.000532930575  4.14404337e-05  2.2106158e-05
 36.3468  0.000534629617  5.06621887e-05  2.7569113e-05
 36.3775  0.000558281895  4.80155039e-05  2.48041661e-05
 36.4082  0.000507938446  0.000160069713  0.000131215585
 36.4389  0.000454437806  0.000120213012  9.76025736e-05
 36.4696  0.000438531614  4.77055578e-05  2.7086283e-05
 36.5003  0.000417841615  3.53961607e-05  1.99319865e-05
 36.531  0.000421201239  3.449121e-05  1.97124875e-05
 36.5617  0.000411068094  6.33037414e-05  2.62230052e-05
 36.5924  0.000515292541  7.36633648e-05  2.38823962e-05
 36.6231  0.00054781293  0.000114255496  7.38682381e-05
 36.6538  0.000637660034  0.000153848185  0.000117584105
 36.6845  0.000694690799  0.000149914085  9.19368145e-05
 36.7152  0.000662785635  0.00012128627  6.19213531e-05
 36.7459  0.00065632876  9.45579714e-05  4.00446251e-05
 36.7766  0.000693475904  0.000105508562  3.61482554e-05
 36.8074  0.000666431205  0.000135882245  7.02058095e-05
 36.8381  0.000645904902  0.000250409966  0.000225174526
 36.8688  0.000540581165  0.000116575013  6.13785279e-05
 36.8995  0.000542654355  6.63072192e-05  2.01388691e-05
 36.9302  0.000611386734  8.97285365e-05  1.57702098e-05
 36.9609  0.000657386448  0.000129175887  2.83535372e-05
 36.9916  0.000542992129  0.000122631273  4.42693308e-05
 37.0223  0.000576449342  8.03774386e-05  5.64031012e-05
 37.053  0.000636076138  8.09856228e-05  3.78148697e-05
 37.0837  0.000512888247  5.77946126e-05  1.78471176e-05
 37.1144  0.000595112054  8.42843476e-05  3.569831e-05
 37.1451  0.000708189813  0.000108719749  5.18397533e-05
 37.1758  0.000661734308  9.20942185e-05  3.15245466e-05
 37.2065  0.00065865381  9.6682964e-05  2.51420454e-05
 37.2372  0.000537914716  5.93874688e-05  1.83377299e-05
 37.2679  0.000563803166  0.000206106047  4.74462427e-05
 37.2986  0.000689463419  0.00027500508  6.76976387e-05
 37.3293  0.00083699726  0.000135903717  4.36083422e-05
 37.36  0.000741636916  0.000145173568  3.98229924e-05
 37.3907  0.000628216655  8.70770806e-05  3.16206482e-05
 37.4214  0.000521632824  4.16999555e-05  2.54727953e-05
 37.4521  0.000509216323  2.56260405e-05  2.55424071e-05
 37.4828  0.000484450906  2.74969255e-05  2.64515267e-05
 37.5136  0.000480406643  5.2663349e-05  2.38067746e-05
 37.5443  0.000317413835  3.40807753e-05  2.15281338e-05
 37.575  0.000221941387  2.33533977e-05  2.35669234e-05
 37.6057  0.000204811212  1.90272986e-05  2.11762452e-05
 37.6364  0.000232534727  2.75664749e-05  2.96272521e-05
 37.6671  0.000225153522  1.77728981e-05  1.71653488e-05
 37.6978  0.000228852946  2.0841534e-05  2.15204557e-05
 37.7285  0.000234575591  2.44432675e-05  2.21929583e-05
 37.7592  0.000251743172  3.06023214e-05  1.85538598e-05
 37.7899  0.000284450804  6.56741052e-05  4.3160989e-05
 37.8206  0.000286106698  6.92162832e-05  3.87109075e-05
 37.8513  0.000296669658  6.16155345e-05  3.16240209e-05
 37.882  0.000362298443  0.00010145548  5.70401139e-05
 37.9127  0.000445355549  0.0102104694  0.000996385974
 37.9434  0.000560056829  0.00892638282  0.000875884082
 37.9741  0.000590386201  4.60058011e-05  2.14791228e-05
 38.0048  0.000544290063  6.36573908e-05  2.96812935e-05
 38.0355  0.000524974793  3.90815654e-05  1.98374967e-05
 38.0662  0.000481109147  4.15703012e-05  1.90172151e-05
 38.0969  0.00046674516  4.64961219e-05  4.46156906e-05
 38.1276  0.000489191974  5.38191333e-05  5.14829702e-05
 38.1583  0.000511279816  4.9303833e-05  3.59616952e-05
 38.1891  0.000457985568  1.85078866e-05  1.6748129e-05
 38.2198  0.000505846623  2.45056055e-05  1.64438866e-05
 38.2505  0.00053352978  3.65813321e-05  2.64137267e-05
 38.2812  0.000537030892  4.56885302e-05  3.53702291e-05
 38.3119  0.000507522854  4.01394256e-05  3.94617961e-05
 38.3426  0.00049091129  1.52749212e-05  1.5763064e-05
 38.3733  0.000483735921  1.99777944e-05  1.74368662e-05
 38.404  0.000515574537  2.55613842e-05  2.53424956e-05
 38.4347  0.00054944539  1.79923309e-05  1.60930983e-05
 38.4654  0.000565602269  1.58964329e-05  1.4721417e-05
 38.4961  0.000576631611  1.29951449e-05  1.23369053e-05
 38.5268  0.000656237329  1.33585807e-05  1.43562514e-05
 38.5575  0.00072897319  1.57130378e-05  1.25233487e-05
 38.5882  0.000764183548  1.73499532e-05  1.73145893e-05
 38.6189  0.000899409631  2.41664856e-05  2.41202275e-05
 38.6496  0.00114541623  3.18651644e-05  2.75905194e-05
 38.6803  0.00136734083  3.15069596e-05  2.27853674e-05
 38.711  0.00123926788  5.99892047e-05  2.54122598e-05
 38.7417  0.00115337491  5.6860623e-05  2.28987383e-05
 38.7724  0.000934721468  4.11612046e-05  1.91235403e-05
 38.8031  0.000799785911  3.34282409e-05  1.78438007e-05
 38.8338  0.000797889248  2.45180183e-05  2.23237424e-05
 38.8645  0.000858926925  2.78840536e-05  2.4798829e-05
 38.8953  0.00078924995  2.62271192e-05  2.67134126e-05
 38.926  0.00071870776  2.80946457e-05  2.57628191e-05
 38.9567  0.000687200342  3.97231857e-05  3.54988623e-05
 38.9874  0.000664369553  3.2375445e-05  2.51537045e-05
 39.0181  0.000690790861  4.25805864e-05  4.38766219e-05
 39.0488  0.000629916533  2.06731756e-05  2.34847954e-05
 39.0795  0.00062328162  3.742977e-05  4.89770118e-05
 39.1102  0.000596647768  2.59174667e-05  3.52464358e-05
 39.1409  0.000595361885  2.55455312e-05  3.08517207e-05
 39.1716  0.00060001269  4.58786194e-05  5.20458118e-05
 39.2023  0.000583227332  3.82964659e-05  5.4176725e-05
 39.233  0.000546344406  3.10158168e-05  5.41039341e-05
 39.2637  0.000536044835  2.7100226e-05  5.32197696e-05
 39.2944  0.00053355428  2.51922606e-05  5.31570714e-05
 39.3251  0.000552225535  2.4510729e-05  4.87972405e-05
 39.3558  0.000572253387  2.1559234e-05  3.09595841e-05
 39.3865  0.000590870228  2.71888739e-05  3.80437683e-05
 39.4172  0.000557165654  2.24674856e-05  4.37641427e-05
 39.4479  0.000611018564  2.30507773e-05  3.54025921e-05
 39.4786  0.000659450511  3.32953794e-05  4.76516656e-05
 39.5093  0.000697140123  3.60540662e-05  3.83128829e-05
 39.54  0.000717521825  3.17715728e-05  3.83061492e-05
 39.5708  0.00076350256  3.76117902e-05  3.51200905e-05
 39.6015  0.000830392086  4.10569088e-05  3.75884245e-05
 39.6322  0.000849800251  3.6629052e-05  3.25021462e-05
 39.6629  0.000872768352  3.74116017e-05  3.56048565e-05
 39.6936  0.000954066082  3.833701e-05  3.95033791e-05
 39.7243  0.00104774585  4.20164326e-05  4.4669097e-05
 39.755  0.00114176219  4.46990127e-05  4.24015945e-05
 39.7857  0.0011299096  5.39502441e-05  4.33932333e-05
 39.8164  0.00127240407  7.55938908e-05  4.98057981e-05
 39.8471  0.00151348438  9.94681116e-05  5.42790778e-05
 39.8778  0.00195026715  0.0001360671  5.53537172e-05
 39.9085  0.00227450898  0.000149856952  5.5433107e-05
 39.9392  0.00256768437  0.000171651643  5.74892215e-05
 39.9699  0.00289869856  0.000192217796  5.91931543e-05
 40.0006  0.00317271803  0.000185513269  5.61137486e-05
 40.0313  0.00331972836  0.000161506684  5.11853963e-05
 40.062  0.00335561073  0.000157313334  4.96401946e-05
 40.0927  0.00313414188  0.000133797427  4.78850912e-05
 40.1234  0.00299559937  0.000176649929  6.0163074e-05
 40.1541  0.00277697331  0.000189642266  6.35599612e-05
 40.1848  0.00268713397  0.000166924377  5.93950416e-05
 40.2155  0.00276514201  0.000250808451  5.84156464e-05
 40.2462  0.00315088999  0.000250105789  6.67632487e-05
 40.277  0.00328537557  0.000358950793  6.71424352e-05
 40.3077  0.00335078679  0.000358615938  5.87357781e-05
 40.3384  0.00343576504  0.000343452057  5.47646129e-05
 40.3691  0.00407547188  0.000538682117  5.79109272e-05
 40.3998  0.00454008717  0.000472250139  7.09777901e-05
 40.4305  0.00586179223  0.0082323813  0.00123279718
 40.4612  0.00884628799  0.00877322443  0.00100011503
 40.4919  0.0109231095  0.0130025255  0.00117917862
 40.5226  0.00981971782  0.0138548128  0.00157797667
 40.5533  0.0100259579  0.0148483609  0.00185306314
 40.584  0.0104171348  0.00333339387  0.000273156429
 40.6147  0.0100461361  0.00108888754  0.000136489137
 40.6454  0.00901572796  0.000918533524  0.000119699562
 40.6761  0.00848792119  0.000767708685  9.4665896e-05
 40.7068  0.0081906723  0.000740397136  0.00011901133
 40.7375  0.00767537825  0.000626257391  9.33180432e-05
 40.7682  0.00718024054  0.000863338771  0.00012540091
 40.7989  0.00884991571  0.00157277557  0.000198664109
 40.8296  0.0149904247  0.00299640135  0.000239248891
 40.8603  0.0272417934  0.00540001054  0.000334314373
 40.891  0.0419265981  0.0114461114  0.000807467492
 40.9217  0.0522394538  0.0123020188  0.00100531589
 40.9525  0.0525841409  0.0120763061  0.000651695415
 40.9832  0.0496480083  0.0144598123  0.000775394445
 41.0139  0.047873405  0.0187573452  0.00128959407
 41.0446  0.0419589904  0.0128925545  0.00115042168
 41.0753  0.0316898986  0.00968674054  0.000537533484
 41.106  0.0347318934  0.0107410311  0.000532979018
 41.1367  0.0479139769  0.0186051906  0.000807541126
 41.1674  0.0661411344  0.0402298598  0.00247128485
 41.1981  0.0825489793  0.0727773592  0.00592047242
 41.2288  0.0792096854  0.0575215371  0.00271786174
 41.2595  0.0842240102  0.071154415  0.00381549977
 41.2902  0.0660641867  0.0626794143  0.00377205314
 41.3209  0.0440589136  0.0260470786  0.00188842406
 41.3516  0.0400069056  0.0206363684  0.00177459253
 41.3823  0.0404968681  0.016027348  0.00171756215
 41.413  0.025040952  0.0142394148  0.00108353501
 41.4437  0.0259435769  0.0212976019  0.00109130041
 41.4744  0.021787197  0.0154302563  0.000763707883
 41.5051  0.0167725096  0.00556368935  0.000623867801
 41.5358  0.0147431319  0.00427312834  0.000392242
 41.5665  0.0147246289  0.00400503727  0.000350105737
 41.5972  0.0155551682  0.00384144861  0.000618492702
 41.6279  0.0188347422  0.00405223369  0.000727997278
 41.6587  0.0226134623  0.00414023513  0.00084739676
 41.6894  0.0251523904  0.00392625975  0.000501819856
 41.7201  0.0266935615  0.004937902  0.000501575462
 41.7508  0.0252503817  0.00401002173  0.000420222076
 41.7815  0.0225496543  0.00309519197  0.000311762269
 41.8122  0.0197876969  0.00267793608  0.000349462681
 41.8429  0.0175118542  0.00253018856  0.000269014022
 41.8736  0.0161344022  0.00261965418  0.000251786259
 41.9043  0.017570567  0.00272300264  0.000273798556
 41.935  0.0225079169  0.00390509192  0.000430540745
 41.9657  0.0248860728  0.00384568231  0.000446868349
 41.9964  0.0240861717  0.00314591224  0.000372206616
 42.0271  0.0226911963  0.00328836823  0.000330473252
 42.0578  0.0217416884  0.00387573598  0.0002955456
 42.0885  0.0216785587  0.00533975298  0.0016753688
 42.1192  0.0247061243  0.00529229111  0.00111981274
 42.1499  0.0282024958  0.00488666009  0.000545811169
 42.1806  0.0301817646  0.00484640379  0.000459514529
 42.2113  0.0303266913  0.00703939414  0.000974434461
 42.242  0.0260154825  0.033166954  0.00820909641
 42.2727  0.0227427139  0.0151861506  0.00336186534
 42.3034  0.0200208312  0.0134027788  0.00312544597
 42.3342  0.0190506188  0.00563027194  0.00103963445
 42.3649  0.01947788  0.00308172169  0.000237589835
 42.3956  0.017489603  0.00284882715  0.000249542475
 42.4263  0.0171474492  0.00312038485  0.000219056316
 42.457  0.0176747988  0.00314584785  0.000246539915
 42.4877  0.0225376285  0.00342327884  0.000321871973
 42.5184  0.0314607144  0.00515258738  0.000447969809
 42.5491  0.0358829979  0.00658630282  0.000517058103
 42.5798  0.0335833869  0.00720608029  0.000456988289
 42.6105  0.0345517462  0.00845448735  0.000489033061
 42.6412  0.0355621477  0.00931142907  0.000532612149
 42.6719  0.0365425404  0.00948174557  0.000565765502
 42.7026  0.0383117292  0.00880776361  0.000562353888
 42.7333  0.0357244349  0.00765127425  0.000453630928
 42.764  0.0366376652  0.00712841744  0.000504353046
 42.7947  0.0359735927  0.00727134089  0.000427095535
 42.8254  0.0335262016  0.00696926561  0.000394371186
 42.8561  0.031481943  0.00633182094  0.000407716918
 42.8868  0.0323202131  0.00685570734  0.000442320178
 42.9175  0.0335413401  0.0066315859  0.000472315907
 42.9482  0.0385995933  0.00711066295  0.000528637513
 42.9789  0.0422415946  0.00883955164  0.000614424464
 43.0096  0.0454713673  0.01157182  0.00073383627
 43.0404  0.0526014127  0.0173853  0.000890574181
 43.0711  0.0553299358  0.0211236479  0.000980118294
 43.1018  0.0516849389  0.0197945012  0.000867688886
 43.1325  0.0512329401  0.0168012302  0.000910952806
 43.1632  0.0543571438  0.0166971552  0.00113290752
 43.1939  0.0592500274  0.02163084  0.00144445238
 43.2246  0.0669120777  0.0213280404  0.00143746692
 43.2553  0.0785596637  0.0318066299  0.00170368687
 43.286  0.0621011601  0.0258351987  0.00175382823
 43.3167  0.0494340047  0.0188090446  0.00162327675
 43.3474  0.0441941491  0.0135870578  0.00207067622
 43.3781  0.0402394343  0.00982254871  0.00296186727
 43.4088  0.0386536772  0.00729557531  0.00276716528
 43.4395  0.0336674263  0.00601193831  0.00245409697
 43.4702  0.0276344402  0.007627833  0.00235953164
 43.5009  0.0188219342  0.0075834987  0.00214800999
 43.5316  0.0169774936  0.00695447634  0.00200865696
 43.5623  0.0141967056  0.0037229917  0.00157026591
 43.593  0.0122018358  0.00235202518  0.00109761351
 43.6237  0.0103919213  0.00233612325  0.000811679064
 43.6544  0.00952158425  0.00286691454  0.000707589949
 43.6851  0.00814610516  0.00245293164  0.000421299921
 43.7158  0.00822012301  0.00289357484  0.00033758056
 43.7466  0.00839653852  0.00235563808  0.000341652569
 43.7773  0.00778751999  0.0013510529  0.000299091345
 43.808  0.00794947408  0.00118522629  0.000301893914
 43.8387  0.00818594602  0.00126219329  0.000299061999
 43.8694  0.00815102477  0.00123068949  0.000271207911
 43.9001  0.00825408109  0.00122578386  0.000181126409
 43.9308  0.00792782616  0.00138311825  0.0001897956
 43.9615  0.00707053574  0.00102972824  0.000222785701
 43.9922  0.00718259486  0.000973511517  0.000268957542
 44.0229  0.00814526945  0.00137073777  0.000267428088
 44.0536  0.00802490353  0.00177722599  0.000319693822
 44.0843  0.00791114634  0.00173079823  0.00034024798
 44.115  0.00861618552  0.00142059239  0.000281129474
 44.1457  0.00815132502  0.00136267298  0.00035698129
 44.1764  0.00764911868  0.0013588767  0.000443129496
 44.2071  0.00850274413  0.00126127524  0.000636713678
 44.2378  0.00900873693  0.00203236843  0.00134827147
 44.2685  0.00843807581  0.00260692723  0.00189537803
 44.2992  0.00966225936  0.00388305665  0.00321214184
 44.3299  0.00876883049  0.00447541387  0.00430059259
 44.3606  0.00843151814  0.00558999989  0.00584681949
 44.3913  0.00946767069  0.00563847663  0.00659694364
 44.4221  0.0110718265  0.00808342489  0.00631197044
 44.4528  0.0116123567  0.302046354  0.16372686
 44.4835  0.011860356  0.43749274  0.236129392
 44.5142  0.0114692373  0.0115358409  0.00466704648
 44.5449  0.0092247737  0.00905258361  0.00344362245
 44.5756  0.00776614471  0.00485811765  0.00296477088
 44.6063  0.00769975827  0.00409858273  0.00246096362
 44.637  0.00513669487  0.0026355237  0.00151282884
 44.6677  0.00314882647  0.00180917632  0.00112361396
 44.6984  0.00237579989  0.00181704575  0.00133895875
 44.7291  0.00284867602  0.00236592604  0.00154165988
 44.7598  0.0044059804  0.00103006379  0.000866611346
 44.7905  0.00428599633  0.00110434862  0.000889458219
 44.8212  0.00396183217  0.00149603571  0.00106916125
 44.8519  0.00280946854  0.00155265143  0.0011210189
 44.8826  0.00204300176  0.00132938632  0.000965050777
 44.9133  0.00226443935  0.00102399401  0.000554942055
 44.944  0.00280049992  0.00104722081  0.000690246979
 44.9747  nan  nan  nan
 45.0054  nan  nan  nan
 45.0361  nan  nan  nan
 45.0668  nan  nan  nan
 45.0975  nan  nan  nan
 45.1283  nan  nan  nan
 45.159  nan  nan  nan
 45.1897  nan  nan  nan
 45.2204  0.00182360637  0.00470796669  0.00141243345
 45.2511  nan  nan  nan
