# X (m) TKE_avg epsilon_turb_pw_avg_Y_avg epsilon_pw_avg_Y_avg
 33.0307  0.000122672411  0.0579573293  0.00460253761
 33.0614  9.08672068e-05  0.00222959787  0.000250930436
 33.0922  0.00011703834  0.000460860294  5.23147746e-05
 33.1229  0.000142883591  7.61258297e-06  1.38224281e-06
 33.1536  0.000163918331  5.83394816e-06  4.97658301e-06
 33.1843  0.000198357713  2.479741e-05  2.70066177e-05
 33.215  0.000232659167  2.49859414e-05  1.18198398e-05
 33.2458  0.000236420971  0.000672718043  0.000247844147
 33.2765  0.00021879899  0.000240109461  8.51766274e-05
 33.3072  0.000190881113  0.000194543809  7.05777114e-05
 33.3379  0.000142719346  8.99004739e-06  4.21579526e-06
 33.3687  0.000161964421  7.79072105e-06  2.89146282e-06
 33.3994  0.000180462343  5.69903115e-06  3.51316836e-06
 33.4301  0.00018854617  5.11047039e-06  4.43237134e-06
 33.4608  0.000199669046  5.63775066e-06  3.89473709e-06
 33.4915  0.000241008778  8.58856892e-06  3.26791165e-06
 33.5223  0.000255700656  1.02701996e-05  4.97132782e-06
 33.553  0.000315160785  1.2235771e-05  6.75363427e-06
 33.5837  0.000390957293  4.16809904e-05  1.26654853e-05
 33.6144  0.000446549958  0.000130741074  1.8338864e-05
 33.6451  0.000388787417  0.00146649261  3.00606894e-05
 33.6759  0.000439321109  0.00274821624  4.8281206e-05
 33.7066  0.000520895802  0.000538238844  0.000117768757
 33.7373  0.00054977146  0.000136008376  7.65585717e-05
 33.768  0.00054238662  0.000768724399  0.000273466165
 33.7987  0.000530198733  0.00116799287  0.000415049343
 33.8295  0.000355296849  0.000132915059  4.87930693e-05
 33.8602  0.000270163519  4.67174762e-05  5.66609698e-06
 33.8909  0.000253179272  5.93539682e-05  6.43605441e-06
 33.9216  0.000227093312  2.8558679e-05  8.71961003e-06
 33.9523  0.000225174436  8.03258392e-06  6.53087363e-06
 33.9831  0.000218885121  6.9562258e-06  7.10275328e-06
 34.0138  0.000244906758  5.9282315e-06  7.42214969e-06
 34.0445  0.000240815906  6.40862859e-06  6.86065816e-06
 34.0752  0.000238806647  6.91547553e-06  9.72030694e-06
 34.106  0.000254355269  6.17816098e-06  8.88704319e-06
 34.1367  0.000277955481  8.78603182e-06  1.36116213e-05
 34.1674  0.000297430465  9.24791106e-06  1.1899767e-05
 34.1981  0.000339935372  8.48809527e-06  1.02460258e-05
 34.2288  0.000354615632  1.32110241e-05  1.37951028e-05
 34.2596  0.000338489146  1.15575356e-05  1.14095598e-05
 34.2903  0.000292250181  1.43029188e-05  1.60967158e-05
 34.321  0.000219035652  1.58913447e-05  1.65412725e-05
 34.3517  0.000195748203  1.4872517e-05  1.48853529e-05
 34.3824  0.000196567204  1.46946939e-05  1.5933413e-05
 34.4132  0.000184938387  1.39979273e-05  1.5145888e-05
 34.4439  0.000167581211  1.27886635e-05  1.36342293e-05
 34.4746  0.00016835385  1.20481411e-05  1.39905964e-05
 34.5053  0.000160106393  9.01934224e-06  1.42260967e-05
 34.536  0.000144490528  9.26066715e-06  1.42466502e-05
 34.5668  0.000149307792  1.36979752e-05  1.41682876e-05
 34.5975  0.000171887028  1.85526748e-05  1.79043851e-05
 34.6282  0.000177303799  1.70017679e-05  1.64719799e-05
 34.6589  0.00017644162  1.27209156e-05  1.15064523e-05
 34.6896  0.000182286788  1.72011109e-05  1.09703924e-05
 34.7204  0.000170837766  1.52691161e-05  9.73554824e-06
 34.7511  0.000195257279  1.58789129e-05  1.08335689e-05
 34.7818  0.000227646935  1.75525025e-05  1.37177377e-05
 34.8125  0.000178168743  1.29882238e-05  1.178317e-05
 34.8433  0.000182494165  1.44037535e-05  1.20745663e-05
 34.874  0.000189611886  1.47395705e-05  1.41802489e-05
 34.9047  0.000173590879  1.39045558e-05  1.06535833e-05
 34.9354  0.000156891549  1.28836753e-05  9.71641225e-06
 34.9661  0.000151517133  1.23761929e-05  1.09602501e-05
 34.9969  0.000140959832  1.00373165e-05  1.00944106e-05
 35.0276  0.000154366613  1.27877384e-05  9.19750956e-06
 35.0583  0.000143668596  1.04521073e-05  6.51127932e-06
 35.089  0.000202160073  2.78731753e-05  6.47388905e-06
 35.1197  0.000248873426  4.59465867e-05  8.20387292e-06
 35.1505  0.000281499652  7.00075359e-05  2.59904053e-05
 35.1812  0.000312459792  0.000126490036  9.10327306e-05
 35.2119  0.00024135939  4.43624322e-05  1.33200721e-05
 35.2426  0.000248753568  2.18443612e-05  9.42928509e-06
 35.2733  0.000265272089  1.52932514e-05  7.96506664e-06
 35.3041  0.000270140272  1.63256235e-05  1.03566129e-05
 35.3348  0.000306122142  1.46857883e-05  1.07661457e-05
 35.3655  0.000302768859  1.83194816e-05  1.06564306e-05
 35.3962  0.000353821318  1.686203e-05  1.26955155e-05
 35.4269  0.000348810944  1.55107068e-05  1.12631031e-05
 35.4577  0.000361365049  1.77075278e-05  1.35907512e-05
 35.4884  0.000397834536  1.63265972e-05  1.12785544e-05
 35.5191  0.000448845448  2.70663182e-05  1.24511093e-05
 35.5498  0.000366013052  2.36733233e-05  1.21729843e-05
 35.5806  0.00036437841  1.77414251e-05  7.78077404e-06
 35.6113  0.000365095619  2.02663284e-05  1.0990071e-05
 35.642  0.000345513278  1.84975439e-05  1.42361418e-05
 35.6727  0.000348618221  1.86342218e-05  9.20965667e-06
 35.7034  0.000327597881  3.78735469e-05  1.7878201e-05
 35.7342  0.000330224351  2.35332989e-05  9.86033225e-06
 35.7649  0.000284448275  2.84065903e-05  1.37274802e-05
 35.7956  0.000266661816  3.54447048e-05  1.0903209e-05
 35.8263  0.000311057572  6.70982505e-05  1.46495892e-05
 35.857  0.000343684878  8.65530876e-05  1.40704795e-05
 35.8878  0.000356296682  5.3459278e-05  1.24240887e-05
 35.9185  0.000309131321  4.12391709e-05  1.25245697e-05
 35.9492  0.000284195818  3.68016227e-05  1.18635852e-05
 35.9799  0.00025540889  1.80642949e-05  1.02816696e-05
 36.0106  0.000271974899  1.39981751e-05  1.19416517e-05
 36.0414  0.000296094702  1.54280579e-05  9.57328029e-06
 36.0721  0.00033467911  1.49827811e-05  6.66227762e-06
 36.1028  0.000337602319  2.55271869e-05  1.55369358e-05
 36.1335  0.000351591787  4.16924827e-05  2.59919421e-05
 36.1643  0.000384013049  4.78731018e-05  6.19627722e-05
 36.195  0.000427604494  4.75286603e-05  0.000188867867
 36.2257  0.000397519464  1.81649199e-05  3.73860003e-05
 36.2564  0.000389168339  1.15701387e-05  7.85647928e-06
 36.2871  0.000413984662  1.11602681e-05  7.06502974e-06
 36.3179  0.000444397865  1.38902842e-05  7.18710818e-06
 36.3486  0.000410264649  1.3511098e-05  5.65061367e-06
 36.3793  0.000328152378  9.08358119e-06  5.38482332e-06
 36.41  0.000277697418  7.90405561e-05  8.01232904e-05
 36.4407  0.000280690767  4.47091752e-05  4.42332819e-05
 36.4715  0.00031882291  1.03385916e-05  6.2553026e-06
 36.5022  0.000309660298  1.22777943e-05  6.78173013e-06
 36.5329  0.000356356715  1.9649473e-05  1.09825501e-05
 36.5636  0.000383888741  2.8181025e-05  1.35722228e-05
 36.5943  0.000390988728  1.88485456e-05  1.07513406e-05
 36.6251  0.000391364818  0.000316354575  0.000162916952
 36.6558  0.000381756109  0.00055632214  0.000224526343
 36.6865  0.000385139724  0.000595827774  0.000125148397
 36.7172  0.000356630332  0.000395664648  0.000138718034
 36.7479  0.000347886388  0.00018568256  7.51342453e-05
 36.7787  0.000328599136  0.000155148829  5.73822607e-05
 36.8094  0.000352397577  0.000430007834  0.000516595584
 36.8401  0.000366111243  0.00128803207  0.00195903397
 36.8708  0.000386078738  0.000101417881  0.00055843611
 36.9016  0.000384775117  4.15007325e-05  0.000155301026
 36.9323  0.000371081664  6.48190692e-05  1.86761875e-05
 36.963  0.00035955272  0.000139612019  5.62252152e-05
 36.9937  0.000388391833  0.000218588271  0.000394204791
 37.0244  0.000458457663  0.000159860693  0.00060835928
 37.0552  0.000536516554  0.000140198565  0.000593896321
 37.0859  0.000603900822  0.000102279521  3.48478535e-05
 37.1166  0.000572611738  0.000252103873  0.000144492986
 37.1473  0.000588908257  0.000247477576  0.000136221352
 37.178  0.000654590065  0.000559179436  0.000326831093
 37.2088  0.000667711366  0.000233906228  0.000143234081
 37.2395  0.000640588519  0.000310529577  0.000197302687
 37.2702  0.000572444238  0.0772613312  0.0107544068
 37.3009  0.00056488622  0.077007902  0.010674875
 37.3316  0.000561845516  4.30408292e-05  4.17490747e-05
 37.3624  0.000603854928  6.23302797e-05  4.56712765e-05
 37.3931  0.000605824019  5.13343675e-05  5.51763171e-05
 37.4238  0.000566867398  3.16582116e-05  5.00394469e-05
 37.4545  0.00047390003  2.13767579e-05  4.60707373e-05
 37.4852  0.000402314344  1.51946854e-05  4.13289833e-05
 37.516  0.000308133918  1.62519874e-05  4.40935792e-05
 37.5467  0.000281510619  2.19104986e-05  4.78129072e-05
 37.5774  0.000311164425  2.98513892e-05  5.36175556e-05
 37.6081  0.000296585495  2.16157768e-05  4.08606084e-05
 37.6389  0.000270501561  1.60311051e-05  3.09308316e-05
 37.6696  0.000289222605  2.42225991e-05  2.76428021e-05
 37.7003  0.0003561299  5.35584439e-05  2.37176401e-05
 37.731  0.000414428276  3.80609276e-05  1.57258307e-05
 37.7617  0.000397895327  4.49110491e-05  1.28298804e-05
 37.7925  0.000447414896  6.79416487e-05  1.31205603e-05
 37.8232  0.000538870362  0.000101904838  1.75086825e-05
 37.8539  0.000535872394  0.000114678993  2.49937743e-05
 37.8846  0.000563562515  0.000146821776  4.95746425e-05
 37.9153  0.000968233559  0.00296871831  0.000568370903
 37.9461  0.000786301712  0.00120433862  0.000231408124
 37.9768  0.00068239331  0.00011142853  3.32575781e-05
 38.0075  0.000773029914  8.655385e-05  3.6298614e-05
 38.0382  0.000690921409  6.526798e-05  3.14159113e-05
 38.0689  0.000680073835  5.40106945e-05  2.53042818e-05
 38.0997  0.000483466082  4.66960672e-05  2.60714095e-05
 38.1304  0.000414546212  3.47857863e-05  1.46143812e-05
 38.1611  0.000387009247  2.96243305e-05  1.29597295e-05
 38.1918  0.000407541078  3.51840807e-05  1.35267803e-05
 38.2225  0.000427796858  4.19239864e-05  1.7083846e-05
 38.2533  0.000512751835  7.85601083e-05  3.31666233e-05
 38.284  0.000522544241  5.40181585e-05  2.06967192e-05
 38.3147  0.000570362468  4.69225701e-05  2.37379485e-05
 38.3454  0.000702310262  5.96205406e-05  3.24996314e-05
 38.3762  0.00062937468  5.15292609e-05  2.94155765e-05
 38.4069  0.000571758083  4.07095945e-05  3.89275212e-05
 38.4376  0.000544499183  3.17520945e-05  4.05052634e-05
 38.4683  0.00052632284  3.94715268e-05  4.11069651e-05
 38.499  0.000514356162  6.05368617e-05  5.71974638e-05
 38.5298  0.000527700407  5.46847425e-05  2.74602001e-05
 38.5605  0.000543298994  9.61646048e-05  6.4158983e-05
 38.5912  0.000603665299  7.83635155e-05  2.82923388e-05
 38.6219  0.000680191373  7.75456413e-05  2.7704537e-05
 38.6526  0.000766048526  8.05651314e-05  2.56163615e-05
 38.6834  0.000890090799  0.000117878518  2.79811722e-05
 38.7141  0.000986588203  0.000203744997  4.24672441e-05
 38.7448  0.00113275069  0.000134574  4.22322734e-05
 38.7755  0.00126465125  9.18050897e-05  3.46611155e-05
 38.8062  0.0013015124  6.67899436e-05  3.28490144e-05
 38.837  0.00114106404  4.79684171e-05  3.16313235e-05
 38.8677  0.000961129326  5.54217211e-05  2.53380755e-05
 38.8984  0.000753836839  3.97018579e-05  2.36877138e-05
 38.9291  0.000746606782  4.53109212e-05  2.63415918e-05
 38.9598  0.000638417962  3.11314776e-05  2.07187008e-05
 38.9906  0.000516669932  3.27159029e-05  2.31510594e-05
 39.0213  0.000432455601  2.89664483e-05  1.9672786e-05
 39.052  0.000423886282  1.55510553e-05  1.5050152e-05
 39.0827  0.000415833758  1.38170279e-05  1.57082051e-05
 39.1135  0.000443275756  1.0361678e-05  1.49940006e-05
 39.1442  0.000467823359  1.10979252e-05  1.47348245e-05
 39.1749  0.000485389378  1.04007096e-05  1.11205867e-05
 39.2056  0.00048844868  1.67646317e-05  1.19035949e-05
 39.2363  0.000493232107  9.0285791e-06  1.06679013e-05
 39.2671  0.000520277672  4.89386575e-06  1.10944809e-05
 39.2978  0.000471099655  4.86150705e-06  1.12239851e-05
 39.3285  0.000448666462  5.40958687e-06  1.1483416e-05
 39.3592  0.000471804906  8.97832347e-06  1.49020376e-05
 39.3899  0.000473454242  9.29107367e-06  1.57931639e-05
 39.4207  0.00047297281  6.02137722e-06  1.71883697e-05
 39.4514  0.00048189453  8.12554338e-06  1.91052676e-05
 39.4821  0.000509254208  1.2153944e-05  2.92993651e-05
 39.5128  0.000559618934  1.40687617e-05  3.19041876e-05
 39.5435  0.00058905303  1.17484793e-05  2.2573742e-05
 39.5743  0.000626368702  2.50161904e-05  3.10449735e-05
 39.605  0.000712639202  3.12064065e-05  3.89387025e-05
 39.6357  0.000739529966  3.31476379e-05  4.61741054e-05
 39.6664  0.00082094822  3.62917122e-05  5.54955227e-05
 39.6972  0.000830257797  2.50379614e-05  3.10885852e-05
 39.7279  0.000915518848  3.2208148e-05  3.72248814e-05
 39.7586  0.00109774507  4.05226224e-05  3.16697569e-05
 39.7893  0.00141105779  6.15299276e-05  4.017792e-05
 39.82  0.00180633216  7.39091593e-05  4.36822197e-05
 39.8508  0.00210505941  7.68981132e-05  3.79774055e-05
 39.8815  0.00235496303  0.000100318609  4.66335527e-05
 39.9122  0.00268593133  0.00012460432  5.68800275e-05
 39.9429  0.0028373754  0.000129408044  4.96613519e-05
 39.9736  0.00279648545  0.000127140736  5.46726286e-05
 40.0044  0.00275649266  0.000116642178  4.64953048e-05
 40.0351  0.00243102298  0.000105072507  4.77090227e-05
 40.0658  0.00229726128  0.000101128405  4.19832465e-05
 40.0965  0.00225408258  0.00012009326  6.09273983e-05
 40.1272  0.00221071611  0.00012784126  5.9453634e-05
 40.158  0.00222932683  0.000136885804  5.15581813e-05
 40.1887  0.00222740926  0.000142178108  5.8920438e-05
 40.2194  0.00221302685  0.000110070101  4.59227024e-05
 40.2501  0.00201504526  0.000117048028  3.40512836e-05
 40.2808  0.00202049316  0.000139594802  3.74062916e-05
 40.3116  0.00245826656  0.000199099532  5.22555224e-05
 40.3423  0.00319646915  0.000283716147  4.7441853e-05
 40.373  0.00399240445  0.000358286042  5.27134573e-05
 40.4037  0.00493058524  0.000438842609  0.000101272026
 40.4345  0.00749093025  0.00136102065  0.000145987781
 40.4652  0.00739542079  0.00177626699  0.000222963161
 40.4959  0.00696541891  0.00462248203  0.00148876865
 40.5266  0.00736545711  0.00846052169  0.00312667778
 40.5573  0.00803523282  0.00364515002  0.000863529742
 40.5881  0.00798903844  0.00208621705  0.000634002551
 40.6188  0.00778311828  0.000901128097  0.000124322564
 40.6495  0.00749402783  0.000812127948  0.000101008316
 40.6802  0.00711192584  0.000749233128  8.72267525e-05
 40.7109  0.00600386776  0.000609418763  8.23880499e-05
 40.7417  0.00549442403  0.000543743995  6.71496944e-05
 40.7724  0.00564643856  0.000426193833  5.772171e-05
 40.8031  0.005364415  0.000345532362  5.65929003e-05
 40.8338  0.00555590882  0.00035115129  5.61070564e-05
 40.8645  0.00687154921  0.000550987473  0.000160547823
 40.8953  0.00976513989  0.00136619394  0.000601126867
 40.926  0.0120695954  0.00234167237  0.000264807467
 40.9567  0.015775687  0.00241163153  0.000192182184
 40.9874  0.0206008234  0.00462014775  0.000526558086
 41.0181  0.0243315918  0.00596722097  0.000665729005
 41.0489  0.0244132591  0.00609798635  0.000714681584
 41.0796  0.0250361467  0.00490103898  0.000371642184
 41.1103  0.0272636586  0.00390950772  0.00029201799
 41.141  0.0312450946  0.00553479312  0.000697483351
 41.1718  0.0335401284  0.0101893619  0.00285438044
 41.2025  0.0327226142  0.0197594562  0.00660981861
 41.2332  0.028607696  0.0353663001  0.00964092721
 41.2639  0.0231064613  0.0160608623  0.00250298001
 41.2946  0.0215621436  0.00485370239  0.000420951277
 41.3254  0.0209059161  0.00407762893  0.000298629024
 41.3561  0.0213001289  0.00455488555  0.000321046851
 41.3868  0.0238829999  0.00512356819  0.000368558807
 41.4175  0.0344494063  0.0078298524  0.000443505483
 41.4482  0.0479825996  0.0131964013  0.000563355228
 41.479  0.0663109585  0.0157429504  0.000652929951
 41.5097  0.0859998674  0.0224110541  0.000871698449
 41.5404  0.0995167225  0.0352886031  0.00119559904
 41.5711  0.0928774809  0.0418156276  0.00136827865
 41.6018  0.0942826989  0.0301516669  0.00116370341
 41.6326  0.102693422  0.0325483276  0.00112214576
 41.6633  0.11701808  0.034905873  0.0011301035
 41.694  0.127596184  0.0391922946  0.00122593596
 41.7247  0.121958782  0.05399171  0.00140653309
 41.7554  0.122089363  0.0541418546  0.00143160716
 41.7862  0.11918781  0.0537927865  0.00152689542
 41.8169  0.119558089  0.0588919458  0.00175783041
 41.8476  0.117200891  0.0674613056  0.00198128789
 41.8783  0.124487472  0.0841042525  0.00228934541
 41.9091  0.111855306  0.0901753715  0.00287345708
 41.9398  0.099773805  0.0523843588  0.0021988677
 41.9705  0.0995489445  0.0421359116  0.00202761111
 42.0012  0.0741632046  0.0275419194  0.00189895219
 42.0319  0.0455384462  0.0178224095  0.00153883023
 42.0627  0.0349411992  0.0104895838  0.00149946007
 42.0934  0.0357051972  0.00947450179  0.00293028621
 42.1241  0.0356211573  0.017128393  0.00184827018
 42.1548  0.0347754861  0.0155033199  0.00143597779
 42.1855  0.031198182  0.0102591778  0.00154548217
 42.2163  0.0295946335  0.0113873247  0.00396538764
 42.247  0.0282033926  0.0126696458  0.00626801202
 42.2777  0.020428546  0.0115828474  0.00609876761
 42.3084  0.0194148184  0.0121813501  0.00334839061
 42.3391  0.017536063  0.00762336059  0.000887376192
 42.3699  0.0151656038  0.00353168868  0.000347663685
 42.4006  0.0156994354  0.0029339063  0.000474720858
 42.4313  0.0188360728  0.00319930297  0.00056082887
 42.462  0.0202014187  0.00330641067  0.000328487265
 42.4928  0.0193439427  0.00329991076  0.000300174074
 42.5235  0.0180962712  0.00338579312  0.000456005488
 42.5542  0.0180755181  0.0035050321  0.000592418567
 42.5849  0.0184575314  0.00298411565  0.000277549047
 42.6156  0.0183451381  0.00323749193  0.000292257714
 42.6464  0.0197858827  0.00322453902  0.000293841255
 42.6771  0.0205863496  0.00322939875  0.000295171029
 42.7078  0.0197813895  0.0030583813  0.000303090375
 42.7385  0.0186192304  0.00272489748  0.000262901531
 42.7692  0.0180701569  0.00281987722  0.000355249553
 42.8  0.0194247341  0.00287350834  0.000350166424
 42.8307  0.0201144627  0.00298693383  0.000341428936
 42.8614  0.0201836341  0.00313486941  0.00032219351
 42.8921  0.0206062195  0.00344409604  0.000334635595
 42.9228  0.0228789586  0.00416086656  0.000347336209
 42.9536  0.0248599311  0.00426399209  0.000374186178
 42.9843  0.0259199838  0.00435227826  0.000385210687
 43.015  0.0260023154  0.00479063527  0.000390316557
 43.0457  0.0247999097  0.00504206339  0.000421264919
 43.0764  0.0234686209  0.00460703023  0.000374029234
 43.1072  0.0260874189  0.0044847209  0.000359612301
 43.1379  0.0250338841  0.00562542338  0.00038523455
 43.1686  0.0247315151  0.00590466924  0.000409205801
 43.1993  0.0270654481  0.00630888264  0.00046198287
 43.2301  0.0326926847  0.00815817567  0.000589633974
 43.2608  0.0432407985  0.00932793618  0.00074824348
 43.2915  0.0498902538  0.0107596217  0.000852795554
 43.3222  0.0512542672  0.0125831603  0.000861613137
 43.3529  0.0513573131  0.0136165318  0.000868532094
 43.3837  0.0514839552  0.0124366601  0.000943121208
 43.4144  0.0496114651  0.0133801493  0.00092426977
 43.4451  0.0456687388  0.0143011851  0.000913906522
 43.4758  0.0454050175  0.0144912697  0.00104330891
 43.5065  0.0454816901  0.0142027261  0.00104860676
 43.5373  0.04211119  0.0139088574  0.00114069599
 43.568  0.0351781464  0.0140845831  0.0013878025
 43.5987  0.0398912573  0.0138358971  0.00150735127
 43.6294  0.0364719288  0.0132373655  0.00175603678
 43.6601  0.0290111014  0.00869469384  0.00219861212
 43.6909  0.0250286847  0.00524388113  0.0021294506
 43.7216  0.018587621  0.00404884015  0.00182230636
 43.7523  0.0170236852  0.00336681216  0.00207013187
 43.783  0.0133502244  0.00395957921  0.00234768453
 43.8137  0.0159201708  0.00685626626  0.00278971969
 43.8445  0.0168303506  0.00766129708  0.00321644802
 43.8752  0.0152278484  0.0055692206  0.000826213467
 43.9059  0.0145449336  0.00508113478  0.000777459218
 43.9366  0.00775688295  0.00308338422  0.000676528142
 43.9674  0.00826015143  0.00590070761  0.0020350006
 43.9981  0.00775957328  0.00617042093  0.00213443139
 44.0288  0.00618720528  0.00398499423  0.00171055839
 44.0595  0.00682511332  0.00355295246  0.00275657104
 44.0902  0.00640569645  0.00472330401  0.00505132475
 44.121  0.00674700447  0.00305308615  0.0030094695
 44.1517  0.00566477666  0.0142712036  0.0116728424
 44.1824  0.00962195145  0.0138797145  0.010975468
 44.2131  0.0136403501  0.0188215899  0.0117633608
 44.2438  nan  nan  nan
 44.2746  0.00592242456  0.00552728627  0.00481490114
 44.3053  nan  nan  nan
 44.336  nan  nan  nan
 44.3667  nan  nan  nan
 44.3974  0.00646803533  0.00462067597  0.00340861759
 44.4282  0.00600946387  0.2294228  0.0186476987
 44.4589  0.00553976373  4.8184287  0.348364094
 44.4896  nan  nan  nan
 44.5203  0.00765525978  0.00234585045  0.00119012893
 44.551  0.00742546779  0.00165518104  0.001084666
 44.5818  0.0058140186  0.00163388884  0.00115076677
 44.6125  0.00618386904  0.00224884046  0.00154223761
 44.6432  0.00585737496  0.00289545035  0.00194770543
 44.6739  0.00403962377  0.00222313419  0.00159721156
 44.7047  0.00339688939  0.00221266333  0.00156794099
 44.7354  0.00418551626  0.00204110649  0.00106173826
 44.7661  0.0041197051  0.000645743042  0.000507800118
 44.7968  0.00328508688  0.000744066321  0.000571453294
 44.8275  nan  nan  nan
 44.8583  0.00201705809  0.000874382505  0.000651974068
 44.889  0.00180961235  0.000923019946  0.000630000591
 44.9197  0.00227493124  0.00142958469  0.00101816348
 44.9504  0.00293865965  0.00188426444  0.00145421848
 44.9811  nan  nan  nan
 45.0119  nan  nan  nan
 45.0426  nan  nan  nan
 45.0733  nan  nan  nan
 45.104  nan  nan  nan
 45.1347  nan  nan  nan
 45.1655  nan  nan  nan
 45.1962  0.00185627262  0.583598538  0.038280223
 45.2269  0.00186041525  0.0339285896  0.00553483303
 45.2576  nan  nan  nan
