# X (m) TKE_avg epsilon_turb_pw_avg_Y_avg epsilon_pw_avg_Y_avg
 33.0296  9.09125209e-05  0.0942591895  0.00389641906
 33.0592  3.60076399e-05  7.92130312e-05  0.00110099937
 33.0888  3.34887762e-05  1.7519206e-05  0.00029956076
 33.1184  3.17654701e-05  1.42273895e-06  1.57012835e-06
 33.148  3.46008733e-05  1.57614871e-06  1.8593541e-06
 33.1775  5.62832899e-05  4.83898978e-06  5.41692034e-06
 33.2071  9.55702445e-05  1.58135e-05  7.78068486e-06
 33.2367  0.000132027369  0.000166889285  5.3422957e-05
 33.2663  0.00014750385  0.000257604668  7.90050041e-05
 33.2959  0.000162275234  0.000115899081  3.36116719e-05
 33.3255  0.000135824043  3.97836974e-05  1.19105999e-05
 33.3551  0.000101925006  5.20938871e-06  3.55158044e-06
 33.3847  0.000109828131  5.80312297e-06  4.00047219e-06
 33.4143  9.57046643e-05  5.83302055e-06  3.64698391e-06
 33.4439  9.43497462e-05  4.86518856e-06  3.14562817e-06
 33.4735  0.000100011259  3.95516311e-06  3.16428598e-06
 33.503  0.000119037852  4.15278267e-06  3.27823782e-06
 33.5326  0.000153867506  6.11823762e-06  3.58720152e-06
 33.5622  0.000206930367  7.87547982e-06  3.77436158e-06
 33.5918  0.000243357142  7.59617444e-06  3.61487113e-06
 33.6214  0.000253860789  4.16627014e-05  5.10634007e-06
 33.651  0.000282526422  0.00155137896  0.000143415611
 33.6806  0.000326041709  0.00117692376  0.000150287414
 33.7102  0.000368876814  0.000322370588  0.000196885331
 33.7398  0.00037601277  7.49097006e-05  6.7011739e-05
 33.7694  0.000339299192  3.2985051e-05  0.000134280486
 33.799  0.000307691956  5.08179853e-05  0.000179190629
 33.8286  0.000303297873  7.86595837e-05  4.18741309e-05
 33.8581  0.000280089172  2.72698695e-05  7.38429862e-06
 33.8877  0.000261919184  1.46329255e-05  6.22837422e-06
 33.9173  0.000252743817  8.78997657e-06  7.23056349e-06
 33.9469  0.000238881287  7.75827728e-06  7.79314127e-06
 33.9765  0.00023623256  6.38625678e-06  6.06717984e-06
 34.0061  0.000211744089  5.88397948e-06  6.8381224e-06
 34.0357  0.000175304473  6.32149709e-06  9.90408085e-06
 34.0653  0.000156377686  6.10513965e-06  7.95843247e-06
 34.0949  0.00012513941  6.70622931e-06  1.28356685e-05
 34.1245  0.000105656688  3.79477991e-06  7.87495855e-06
 34.1541  9.89654222e-05  5.21128465e-06  8.50125155e-06
 34.1836  9.84026936e-05  6.04436696e-06  1.21874053e-05
 34.2132  8.13748856e-05  4.63494233e-06  8.29392848e-06
 34.2428  8.4097246e-05  1.11513617e-05  1.79889855e-05
 34.2724  8.78740629e-05  5.54303841e-06  1.06169135e-05
 34.302  9.02445829e-05  7.49989706e-06  1.21720383e-05
 34.3316  9.4234006e-05  1.15052015e-05  1.93055703e-05
 34.3612  9.82319482e-05  1.02124521e-05  1.88580106e-05
 34.3908  0.000101848268  1.06470288e-05  1.99348463e-05
 34.4204  0.000101607492  9.82440678e-06  1.65727774e-05
 34.45  0.00011186836  8.00725075e-06  1.31194463e-05
 34.4796  0.000119237399  1.13712793e-05  1.9137118e-05
 34.5091  0.000104486295  9.9524973e-06  1.84353916e-05
 34.5387  0.0001100886  7.60049933e-06  2.17457085e-05
 34.5683  0.000124416758  8.12013742e-06  2.83452399e-05
 34.5979  0.000126708692  8.78418247e-06  2.59813659e-05
 34.6275  0.000144872496  1.13629505e-05  2.88675502e-05
 34.6571  0.000185034122  1.12309905e-05  2.50781558e-05
 34.6867  0.000232523468  2.34959686e-05  3.76624427e-05
 34.7163  0.000253089201  2.47416643e-05  3.93255207e-05
 34.7459  0.000257262417  2.49838234e-05  4.04886778e-05
 34.7755  0.000313872803  2.69836895e-05  4.47121022e-05
 34.8051  0.000354577493  2.41681042e-05  3.91795319e-05
 34.8347  0.000358320245  3.68547696e-05  4.18631303e-05
 34.8642  0.000361925995  3.50259263e-05  4.10026677e-05
 34.8938  0.000296605483  2.80123563e-05  3.68815166e-05
 34.9234  0.000294714719  2.27514748e-05  3.16941373e-05
 34.953  0.000222175368  1.68686512e-05  2.89110444e-05
 34.9826  0.000259704723  1.29313734e-05  3.49642173e-05
 35.0122  0.000227431294  1.16693162e-05  3.49211533e-05
 35.0418  0.000271635411  2.02416767e-05  3.52248091e-05
 35.0714  0.00031189659  3.51115128e-05  2.80006114e-05
 35.101  0.000353077553  5.18533355e-05  2.5065765e-05
 35.1306  0.000400910831  4.85226681e-05  2.61540549e-05
 35.1602  0.000496908212  7.59316954e-05  6.86598877e-05
 35.1897  0.00041892942  7.98647452e-05  9.00505786e-05
 35.2193  0.000386415977  6.47482323e-05  2.92802023e-05
 35.2489  0.000375891896  4.13164455e-05  2.81522807e-05
 35.2785  0.000314064039  2.415022e-05  2.67092859e-05
 35.3081  0.000296163426  2.05146421e-05  2.59437926e-05
 35.3377  0.000299350576  2.50344821e-05  2.75593281e-05
 35.3673  0.000305518899  2.63601539e-05  3.24837499e-05
 35.3969  0.000277668571  1.49041668e-05  3.04803023e-05
 35.4265  0.000247370502  1.90390666e-05  2.4882982e-05
 35.4561  0.000210006961  2.01004877e-05  2.05980135e-05
 35.4857  0.000187297763  1.66297207e-05  1.81628996e-05
 35.5152  0.000154531611  1.16550834e-05  1.41926638e-05
 35.5448  0.000164608264  1.51518155e-05  1.26548698e-05
 35.5744  0.000135075695  1.1389508e-05  9.81777805e-06
 35.604  0.000131382328  9.04554336e-06  9.08564195e-06
 35.6336  0.000142424758  9.22738233e-06  8.6240367e-06
 35.6632  0.000144771653  1.28047155e-05  7.57226959e-06
 35.6928  0.000144852395  2.61162334e-05  7.58220541e-06
 35.7224  0.000157024206  3.62005004e-05  8.96448441e-06
 35.752  0.000138372747  3.1355564e-05  8.13758955e-06
 35.7816  0.000199518696  4.55227604e-05  1.40557856e-05
 35.8112  0.000168931868  4.09507337e-05  1.31004446e-05
 35.8407  0.000166485078  3.34418984e-05  1.13737569e-05
 35.8703  0.000184685376  3.17178815e-05  1.25739228e-05
 35.8999  0.000216086892  3.07786922e-05  1.11778809e-05
 35.9295  0.000222597315  2.71502803e-05  1.02031762e-05
 35.9591  0.00017149329  1.8524716e-05  9.64943667e-06
 35.9887  0.000143690286  2.41410643e-05  1.48774598e-05
 36.0183  0.000131009026  2.58623428e-05  1.09211348e-05
 36.0479  0.000133794518  2.41528634e-05  9.92846089e-06
 36.0775  0.000131487333  2.92174724e-05  9.24332173e-06
 36.1071  0.000114651744  3.6432617e-05  1.83202665e-05
 36.1367  0.00013783092  4.91829869e-05  2.25542698e-05
 36.1663  0.000178315174  0.000276845419  2.10867098e-05
 36.1958  0.000205143992  0.000624272548  2.21606157e-05
 36.2254  0.000232111943  0.000204774609  2.16123117e-05
 36.255  0.000269944182  5.70585039e-05  1.64843287e-05
 36.2846  0.000229559127  4.22992327e-05  1.00779063e-05
 36.3142  0.000212731532  4.79139792e-05  1.14620345e-05
 36.3438  0.000204550062  5.77433891e-05  1.30682345e-05
 36.3734  0.000177052565  3.47390757e-05  1.1207781e-05
 36.403  0.000166621873  0.000107052334  8.77916212e-05
 36.4326  0.000128636805  0.000110952049  0.000105513309
 36.4622  0.000124510838  1.04214444e-05  7.34737381e-06
 36.4918  0.000127958494  7.11562225e-06  5.75635423e-06
 36.5213  0.000151443811  6.79311913e-06  5.48953864e-06
 36.5509  0.000160443052  7.94091722e-06  5.26302662e-06
 36.5805  0.000156353197  1.00685943e-05  5.05496121e-06
 36.6101  0.000158824555  1.4916939e-05  7.55377046e-06
 36.6397  0.000161544004  5.90008039e-05  4.17422139e-05
 36.6693  0.000162823496  9.36235379e-05  6.91419472e-05
 36.6989  0.000181091568  0.000102044075  6.78360689e-05
 36.7285  0.000196628114  0.000117431806  7.33364947e-05
 36.7581  0.000166963663  8.12072045e-05  4.84051715e-05
 36.7877  0.000163970743  8.47063794e-05  4.68190618e-05
 36.8173  0.000172040875  7.83176475e-05  0.000136776178
 36.8468  0.000179059886  0.000106446506  0.000400954503
 36.8764  0.000196308873  0.000182723675  0.000665181489
 36.906  0.000223823651  3.72561581e-05  7.76235593e-05
 36.9356  0.000206806673  2.64549173e-05  1.29490759e-05
 36.9652  0.000218362106  5.5547831e-05  3.97184718e-05
 36.9948  0.000255095684  0.000161227  0.000140071751
 37.0244  0.000301738303  0.000329856715  0.000328294094
 37.054  0.00036765333  0.000344979641  0.000343378686
 37.0836  0.000307089073  5.27439297e-05  4.89389313e-05
 37.1132  0.000290536136  0.000336286503  0.000163039984
 37.1428  0.000263414022  0.000392307768  0.00018312904
 37.1723  0.000259632897  0.000272306597  0.000124094423
 37.2019  0.000258106804  0.000314032478  0.000167335321
 37.2315  0.000246165785  0.00011431056  9.16309089e-05
 37.2611  0.000250328263  0.000270919699  0.000108695464
 37.2907  0.000239025826  0.000275678773  6.79766198e-05
 37.3203  0.000273574649  6.19674145e-05  4.46702417e-05
 37.3499  0.000245282635  7.73201224e-05  4.07497563e-05
 37.3795  0.000236799598  6.72968112e-05  5.26740467e-05
 37.4091  0.000214412607  1.81766039e-05  3.6143651e-05
 37.4387  0.000220788849  3.04450445e-05  6.64564586e-05
 37.4683  0.000245317758  1.67178138e-05  4.75254909e-05
 37.4979  0.000212397878  3.57799841e-05  6.62915711e-05
 37.5274  0.000192642979  2.24139532e-05  4.7234609e-05
 37.557  0.000216728853  3.25855843e-05  6.64666792e-05
 37.5866  0.000207858451  4.15510426e-05  7.44222662e-05
 37.6162  0.000319190722  3.49600469e-05  4.06798208e-05
 37.6458  0.000377559413  4.45444371e-05  4.07231172e-05
 37.6754  0.000445087521  4.72402202e-05  3.24107003e-05
 37.705  0.000352317666  5.28587093e-05  4.08788961e-05
 37.7346  0.000311259943  4.87809426e-05  1.58159811e-05
 37.7642  0.000382348262  9.21311049e-05  2.96650664e-05
 37.7938  0.000407718624  8.48321013e-05  2.66535536e-05
 37.8234  0.000421942705  7.83301105e-05  2.84669527e-05
 37.8529  0.000515001946  0.000116427251  4.52400042e-05
 37.8825  0.000693239463  0.000233828012  0.0001041363
 37.9121  0.000764280362  0.00102664599  0.000697833861
 37.9417  0.000711871414  0.000717006764  0.000471159855
 37.9713  0.000535582613  0.000112263751  5.12545525e-05
 38.0009  0.000467867005  5.48874237e-05  4.76647329e-05
 38.0305  0.000423298644  5.59134009e-05  4.47053523e-05
 38.0601  0.000445221985  6.44569268e-05  4.83461979e-05
 38.0897  0.000291563821  3.54939529e-05  3.52905175e-05
 38.1193  0.000220654604  1.59810852e-05  2.56553773e-05
 38.1489  0.000227513071  2.30960084e-05  2.29557909e-05
 38.1784  0.000245425927  1.65203571e-05  1.56442469e-05
 38.208  0.000234999472  1.89328192e-05  1.06016892e-05
 38.2376  0.000252177454  4.335239e-05  1.05467235e-05
 38.2672  0.000328040577  9.10639161e-05  1.63981351e-05
 38.2968  0.000330057017  4.73786132e-05  1.725174e-05
 38.3264  0.000338503518  4.17354485e-05  1.55366339e-05
 38.356  0.000322555367  3.46348758e-05  1.2222341e-05
 38.3856  0.000253779569  2.32590256e-05  9.63340564e-06
 38.4152  0.000213493751  1.5136872e-05  9.53997177e-06
 38.4448  0.000187699969  1.16670238e-05  6.76613983e-06
 38.4744  0.000256952766  3.04282905e-05  1.02028981e-05
 38.504  0.00023324948  3.34691019e-05  8.50341697e-06
 38.5335  0.000267670611  4.23122902e-05  1.23002418e-05
 38.5631  0.00032246733  3.26671206e-05  1.54937649e-05
 38.5927  0.000387734967  5.00223403e-05  2.20826613e-05
 38.6223  0.000398746522  6.74021266e-05  2.21183631e-05
 38.6519  0.000510594185  0.000111924245  2.80433486e-05
 38.6815  0.000608548797  0.000157809907  3.48665717e-05
 38.7111  0.000605399769  0.00020813736  4.82708175e-05
 38.7407  0.000544726686  0.000141204814  4.20603664e-05
 38.7703  0.000432777693  9.17807454e-05  2.82385541e-05
 38.7999  0.000396293683  7.99473318e-05  2.14330926e-05
 38.8295  0.000357696731  5.10133672e-05  1.85323629e-05
 38.859  0.000253700809  4.60640093e-05  1.32473868e-05
 38.8886  0.000188002603  2.57071234e-05  7.42920987e-06
 38.9182  0.000171795127  2.1389627e-05  1.08745991e-05
 38.9478  0.000176653335  1.8919762e-05  1.07632482e-05
 38.9774  0.000170449818  1.25301091e-05  1.08828701e-05
 39.007  0.000174296744  1.36369529e-05  1.29697586e-05
 39.0366  0.000162962023  1.43928611e-05  1.5724388e-05
 39.0662  0.000149089345  9.46938411e-06  1.26666462e-05
 39.0958  0.000135223754  1.67408817e-05  2.09933962e-05
 39.1254  0.000127238592  7.42835157e-06  1.2839177e-05
 39.155  0.000114877835  5.99815256e-06  1.14271542e-05
 39.1845  0.000109702364  1.06825256e-05  1.56997533e-05
 39.2141  0.00010733654  1.33331672e-05  1.82126791e-05
 39.2437  9.93123675e-05  1.26671215e-05  1.88453496e-05
 39.2733  8.48315268e-05  1.00227153e-05  1.50381678e-05
 39.3029  8.55358384e-05  9.63225507e-06  1.51721548e-05
 39.3325  8.15129276e-05  6.99682832e-06  1.246165e-05
 39.3621  8.31696688e-05  5.30779177e-06  8.59325161e-06
 39.3917  7.89969076e-05  4.30395654e-06  5.29540351e-06
 39.4213  6.70650279e-05  4.77101215e-06  6.46730641e-06
 39.4509  6.61184316e-05  2.75460087e-06  6.61038671e-06
 39.4805  6.35511258e-05  3.43567424e-06  6.52305398e-06
 39.51  6.71033873e-05  6.6119752e-06  5.57165836e-06
 39.5396  6.58966776e-05  7.03710362e-06  8.38979591e-06
 39.5692  6.58726193e-05  7.10812192e-06  1.05061903e-05
 39.5988  6.30409067e-05  7.15221952e-06  1.230351e-05
 39.6284  6.21567205e-05  7.24794858e-06  1.40721129e-05
 39.658  5.92428912e-05  3.29715236e-06  7.38670963e-06
 39.6876  6.72001389e-05  4.01572563e-06  7.66347446e-06
 39.7172  5.8637228e-05  3.67866923e-06  7.90698747e-06
 39.7468  6.10428171e-05  3.12671668e-06  6.199191e-06
 39.7764  6.03705463e-05  4.42416493e-06  5.94386947e-06
 39.806  7.28608228e-05  1.03183761e-05  1.2067339e-05
 39.8356  6.98898148e-05  4.16911867e-06  4.92397665e-06
 39.8651  6.55979273e-05  6.18457245e-06  7.72877357e-06
 39.8947  6.52188894e-05  7.06189323e-06  8.65613588e-06
 39.9243  5.97725352e-05  9.70455369e-06  1.15652749e-05
 39.9539  6.87023416e-05  5.91655725e-06  6.98597886e-06
 39.9835  6.20662665e-05  1.57344507e-05  2.0486415e-05
 40.0131  6.54524795e-05  8.41970892e-06  1.10730871e-05
 40.0427  6.27069363e-05  6.85022575e-06  9.243975e-06
 40.0723  6.64496018e-05  7.5435181e-06  1.00939761e-05
 40.1019  9.46116921e-05  2.85690754e-05  3.81255471e-05
 40.1315  0.000116701501  1.71447252e-05  2.08923695e-05
 40.1611  0.000122199898  1.13837775e-05  1.46132052e-05
 40.1906  0.000121624188  9.92456506e-06  9.64092228e-06
 40.2202  0.000138573297  1.81985019e-05  1.44931622e-05
 40.2498  0.000135835785  1.21447047e-05  8.30599694e-06
 40.2794  0.000165561192  2.32709243e-05  1.80997049e-05
 40.309  0.000204115298  2.74940441e-05  1.23465827e-05
 40.3386  0.0002624037  4.34274206e-05  1.78804569e-05
 40.3682  0.000376482869  6.56835343e-05  1.62953777e-05
 40.3978  0.000525579414  0.000150536113  3.73968074e-05
 40.4274  0.00060762102  0.000578443474  0.000106754642
 40.457  0.00051068902  0.00046368617  8.94657911e-05
 40.4866  0.000559993798  0.000333536935  0.000127049341
 40.5161  0.000817460393  0.00124236877  0.000528937919
 40.5457  0.000807004357  0.000459180043  0.000217478024
 40.5753  0.000836039435  0.000176648687  8.1029694e-05
 40.6049  0.000875794531  0.000177680631  5.47720495e-05
 40.6345  0.000548847219  0.000143577877  3.54398868e-05
 40.6641  0.000504916484  0.000127030307  2.78220659e-05
 40.6937  0.000341520193  5.43668953e-05  1.47240949e-05
 40.7233  0.000212654096  1.96716909e-05  7.11175446e-06
 40.7529  0.000154480887  1.09827849e-05  3.67047526e-06
 40.7825  0.000194341997  9.30968923e-06  3.7061305e-06
 40.8121  0.000193212725  1.69177925e-05  4.57498071e-06
 40.8417  0.000260649426  8.40520704e-05  7.96196946e-06
 40.8712  0.000353453479  0.000119166862  2.18146181e-05
 40.9008  0.000611678359  0.000145607222  4.89595719e-05
 40.9304  0.00063012673  0.000127615754  8.13738508e-05
 40.96  0.000665359481  0.00011086976  3.39299495e-05
 40.9896  0.000933182923  0.000155306923  8.46850188e-05
 41.0192  0.000858105754  0.00016214049  0.000141310841
 41.0488  0.000868102336  0.000143402506  0.000174825041
 41.0784  0.00065396185  9.54746831e-05  6.53017787e-05
 41.108  0.000757478693  0.000119035832  3.8465192e-05
 41.1376  0.000907046247  0.000139556999  0.000117106096
 41.1672  0.000579410862  0.000620089471  0.00041898065
 41.1967  0.000648879244  0.00192734273  0.000971022629
 41.2263  0.000853083318  0.0017221569  0.00077116427
 41.2559  0.000737124867  0.000536716311  0.000335654072
 41.2855  0.000581831442  0.000220019401  0.000235441772
 41.3151  0.000481118968  6.15535484e-05  4.05444589e-05
 41.3447  0.000372307976  3.77723259e-05  3.49436414e-05
 41.3743  0.000309412994  1.80134747e-05  1.69617711e-05
 41.4039  0.000278093986  2.63868356e-05  4.48568827e-05
 41.4335  0.000254620575  1.7180966e-05  3.0876895e-05
 41.4631  0.000226213121  1.38847069e-05  2.866197e-05
 41.4927  0.000195509562  3.14742737e-05  4.10651977e-05
 41.5222  0.000164069337  3.4405941e-05  4.28461492e-05
 41.5518  0.000156846441  2.16051511e-05  2.73735771e-05
 41.5814  0.000140021459  1.89359867e-05  2.20755666e-05
 41.611  0.000132464069  2.95972472e-05  2.99293107e-05
 41.6406  0.000123992943  3.0085291e-05  3.59323404e-05
 41.6702  0.000116146503  2.96107634e-05  3.5912108e-05
 41.6998  0.000114499763  2.81290815e-05  3.61943249e-05
 41.7294  0.000130168326  2.57686944e-05  3.62572696e-05
 41.759  0.000165238008  2.24648408e-05  3.50045531e-05
 41.7886  0.000218145709  1.36639256e-05  2.4030281e-05
 41.8182  0.000198412678  1.22143531e-05  2.00347171e-05
 41.8477  0.00017740378  1.00329904e-05  2.6492857e-05
 41.8773  0.000200293271  1.0082084e-05  2.94763922e-05
 41.9069  0.00024625524  1.44925386e-05  2.53309652e-05
 41.9365  0.000284631525  1.65460726e-05  3.91059217e-05
 41.9661  0.000346215287  2.55444575e-05  7.07438713e-05
 41.9957  0.000427395598  3.1117898e-05  7.23101731e-05
 42.0253  0.000459258136  4.23313233e-05  8.85022239e-05
 42.0549  0.000544255434  8.73017152e-05  6.22028708e-05
 42.0845  0.000731482661  0.000315074935  0.000471642167
 42.1141  0.000845247089  0.000351989584  0.000393006055
 42.1437  0.00133589065  0.000482458895  0.000182832377
 42.1733  0.00107496074  0.000310699883  0.000110142609
 42.2028  0.00110892732  0.00117893108  0.000288766028
 42.2324  0.00136671603  0.00111124023  0.00110571812
 42.262  0.00148214454  0.000315783439  0.000553707625
 42.2916  0.00128885326  0.000437895966  0.000602781971
 42.3212  0.00110393315  0.00113263611  0.000536304712
 42.3508  0.000944152585  0.000327618051  0.000109092766
 42.3804  0.000808785502  0.000174218665  7.61042683e-05
 42.41  0.000703664232  9.45901921e-05  9.20739084e-05
 42.4396  0.000669476069  9.53782173e-05  0.000109790928
 42.4692  0.000781999789  3.90220698e-05  5.31505501e-05
 42.4988  0.000754041778  3.04149382e-05  4.28970807e-05
 42.5283  0.000857802659  4.30191144e-05  5.14664674e-05
 42.5579  0.000644175241  3.44244853e-05  3.74283612e-05
 42.5875  0.000632519766  2.75725443e-05  3.76533081e-05
 42.6171  0.00041571893  1.99811583e-05  3.29150466e-05
 42.6467  0.000430380869  1.93122231e-05  4.45869054e-05
 42.6763  0.000367592921  1.18348941e-05  4.32356061e-05
 42.7059  0.000425781302  1.14221888e-05  5.34698472e-05
 42.7355  0.000394491487  1.42986472e-05  4.87551398e-05
 42.7651  0.000390341373  1.0899791e-05  3.4021018e-05
 42.7947  0.00033742824  6.51416311e-06  2.09783096e-05
 42.8243  0.000338439758  6.27548521e-06  1.92031725e-05
 42.8538  0.00036443774  1.01770774e-05  2.35456375e-05
 42.8834  0.000370070331  1.29931449e-05  2.36695273e-05
 42.913  0.000358049899  1.04236862e-05  2.07634975e-05
 42.9426  0.000332225975  8.97936809e-06  1.49514478e-05
 42.9722  0.000350625741  1.35309329e-05  1.23354482e-05
 43.0018  0.000393106617  2.23212033e-05  8.68020687e-06
 43.0314  0.000432528165  2.97793249e-05  2.02860104e-05
 43.061  0.000402642438  2.39393257e-05  2.7383976e-05
 43.0906  0.000437882419  1.15988969e-05  1.58929401e-05
 43.1202  0.000607766061  1.43500161e-05  1.48306925e-05
 43.1498  0.000656835392  1.18911048e-05  1.83434361e-05
 43.1793  0.000660879477  1.0334517e-05  1.83392988e-05
 43.2089  0.000709597592  1.0448255e-05  1.91584868e-05
 43.2385  0.000812271669  2.17834824e-05  2.79026378e-05
 43.2681  0.00107597215  5.12501232e-05  5.0535861e-05
 43.2977  0.00159658728  8.56005755e-05  7.20649379e-05
 43.3273  0.00357780408  0.000511657778  0.000347466098
 43.3569  0.0116138054  0.00337602884  0.000831699416
 43.3865  0.0229184454  0.00839015704  0.00117377432
 43.4161  0.035037661  0.0171863236  0.00152213963
 43.4457  0.0382880113  0.0233605804  0.00193018808
 43.4753  0.0689200224  0.0392902463  0.00247866427
 43.5049  0.0770185734  0.042670158  0.00250657805
 43.5344  0.0631995331  0.0373847653  0.00208431472
 43.564  0.0563530066  0.026447436  0.00184828826
 43.5936  0.0613441667  0.0294261418  0.0019807624
 43.6232  0.0704368221  0.045234676  0.00235107547
 43.6528  0.0699045265  0.0465960617  0.00219647298
 43.6824  0.0617755447  0.0350799628  0.00209834356
 43.712  0.048249438  0.0418999108  0.0020922243
 43.7416  0.0545976867  0.0371797895  0.0032039083
 43.7712  0.066308927  0.0410405679  0.00648368126
 43.8008  0.0787239529  0.0484930581  0.0109910736
 43.8304  0.0730505111  0.0416107088  0.0157778385
 43.8599  0.070567464  0.0472068082  0.0229062189
 43.8895  0.0944771839  0.0652096069  0.029695549
 43.9191  0.0976599199  0.0850660659  0.0221159891
 43.9487  0.0939583363  0.109928064  0.0187299466
 43.9783  0.0699118691  0.0624429466  0.0154301432
 44.0079  0.0748574073  0.079143219  0.00993203015
 44.0375  0.0759870203  0.0543438767  0.0111960305
 44.0671  0.102786814  0.030229535  0.0149523827
 44.0967  nan  nan  nan
 44.1263  nan  nan  nan
 44.1559  nan  nan  nan
 44.1854  nan  nan  nan
 44.215  nan  nan  nan
 44.2446  nan  nan  nan
 44.2742  nan  nan  nan
 44.3038  nan  nan  nan
 44.3334  nan  nan  nan
 44.363  nan  nan  nan
 44.3926  nan  nan  nan
 44.4222  nan  nan  nan
 44.4518  nan  nan  nan
 44.4814  nan  nan  nan
 44.511  nan  nan  nan
 44.5405  nan  nan  nan
 44.5701  nan  nan  nan
 44.5997  nan  nan  nan
 44.6293  nan  nan  nan
 44.6589  nan  nan  nan
 44.6885  0.00352158553  0.00639785887  0.00606043453
 44.7181  nan  nan  nan
 44.7477  nan  nan  nan
 44.7773  0.0041361545  0.00160501611  0.00152133745
 44.8069  nan  nan  nan
