# X (m) TKE_avg epsilon_turb_pw_avg_Y_avg epsilon_pw_avg_Y_avg
 33.0308  0.000144179856  0.107633335  0.00990537162
 33.0615  9.4196815e-05  0.00478355469  0.000632580061
 33.0923  0.000112327148  0.000974195674  0.000129749864
 33.123  0.000140197975  8.6349935e-06  3.2834167e-06
 33.1538  0.000182692017  1.59302059e-05  1.01780219e-05
 33.1845  0.000225110804  1.77774141e-05  3.72649021e-05
 33.2153  0.000369044021  5.80990044e-05  2.56867559e-05
 33.246  0.000330810281  0.000591219745  0.000687198264
 33.2768  0.000277400038  0.000196730386  0.00021046778
 33.3075  0.000203365899  0.00015078979  0.000175317309
 33.3383  0.000223432492  1.77123686e-05  1.72942724e-05
 33.369  0.000234829544  1.17029204e-05  1.30199073e-05
 33.3998  0.000249764685  1.50457523e-05  1.51468084e-05
 33.4305  0.000246428203  1.95439883e-05  1.69819556e-05
 33.4613  0.000351898591  2.60547292e-05  1.6905514e-05
 33.492  0.000378690027  2.23512028e-05  1.42650927e-05
 33.5228  0.000307554855  2.02950884e-05  2.23866019e-05
 33.5536  0.000386684128  3.18646855e-05  2.28095497e-05
 33.5843  0.000464329391  5.17911618e-05  2.45836603e-05
 33.6151  0.000501474099  6.42299268e-05  2.70515599e-05
 33.6458  0.000585856363  0.000867116182  4.91699965e-05
 33.6766  0.000707636148  0.00154839046  7.2101426e-05
 33.7073  0.000770190144  0.000416428206  0.000118768935
 33.7381  0.000834380337  0.000156939411  8.88697443e-05
 33.7688  0.000897625837  0.00025192444  0.000165199235
 33.7996  0.000988896525  0.000382224922  0.000258469882
 33.8303  0.000901486573  0.000167449839  4.28328547e-05
 33.8611  0.000681593342  8.74822792e-05  1.63594859e-05
 33.8918  0.000445021158  5.08830479e-05  1.02241586e-05
 33.9226  0.000351902536  3.0655436e-05  9.76523588e-06
 33.9533  0.000315674324  1.94051099e-05  1.21433102e-05
 33.9841  0.000288697501  1.60514125e-05  1.44871857e-05
 34.0148  0.000264449507  8.37803176e-06  1.17851459e-05
 34.0456  0.000266620703  1.01935841e-05  1.29563095e-05
 34.0763  0.000260519662  1.30508666e-05  1.14942782e-05
 34.1071  0.000258481451  1.48512066e-05  1.04596089e-05
 34.1379  0.000254916116  1.35480709e-05  9.58427186e-06
 34.1686  0.000248532262  8.51359542e-06  8.55036621e-06
 34.1994  0.000242792288  1.18105778e-05  8.27166497e-06
 34.2301  0.000263246411  7.13856775e-06  5.96693504e-06
 34.2609  0.00035033589  8.32981744e-06  6.17927075e-06
 34.2916  0.000352109413  7.77416537e-06  4.87835398e-06
 34.3224  0.000252831408  6.97886759e-06  4.4368204e-06
 34.3531  0.000183507846  7.90969602e-06  4.50245522e-06
 34.3839  0.000147406502  6.86809272e-06  4.40851053e-06
 34.4146  0.000145737028  8.17703796e-06  4.56915041e-06
 34.4454  0.00012326021  6.49475172e-06  3.95912688e-06
 34.4761  0.000116815551  5.7168679e-06  3.58100791e-06
 34.5069  0.000114965783  6.15855618e-06  3.43323093e-06
 34.5376  0.000120115644  7.63612583e-06  5.44374557e-06
 34.5684  0.000110065396  5.0887316e-06  3.58337199e-06
 34.5991  9.73069433e-05  4.89610461e-06  4.7733979e-06
 34.6299  9.74649066e-05  4.86603461e-06  3.82268011e-06
 34.6607  0.000113820382  7.93310181e-06  5.80064826e-06
 34.6914  0.000117729028  8.67325206e-06  5.65077668e-06
 34.7222  0.000119847166  8.28401507e-06  8.73706601e-06
 34.7529  0.000125689284  1.03713469e-05  9.14989947e-06
 34.7837  0.000124936713  1.38500352e-05  1.13474114e-05
 34.8144  0.000120642975  1.3847745e-05  1.15926937e-05
 34.8452  0.000112056132  1.08533371e-05  7.3109231e-06
 34.8759  0.000125213374  8.87532773e-06  4.69322978e-06
 34.9067  0.000133654695  7.56257353e-06  5.51498592e-06
 34.9374  0.000140657569  5.87489603e-06  6.46619222e-06
 34.9682  0.000157362225  5.69119796e-06  6.03597058e-06
 34.9989  0.000153929616  8.55833982e-06  9.81191684e-06
 35.0297  0.00016125145  1.14490201e-05  1.13324084e-05
 35.0604  0.000216631224  6.73751484e-06  5.76379658e-06
 35.0912  0.000214758516  1.60978013e-05  5.35082405e-06
 35.1219  0.000206432714  2.4356748e-05  5.22527155e-06
 35.1527  0.000255967719  7.59789901e-05  1.56142723e-05
 35.1835  0.000333304746  0.000163359967  3.45287027e-05
 35.2142  0.000332350481  5.17771923e-05  8.3626611e-06
 35.245  0.000280905703  1.80978028e-05  7.11611348e-06
 35.2757  0.000271841678  1.53093484e-05  1.11736867e-05
 35.3065  0.000257710729  9.13294922e-06  6.79099594e-06
 35.3372  0.000219673604  5.44375615e-06  6.45826846e-06
 35.368  0.000225154441  9.17359328e-06  1.0096626e-05
 35.3987  0.00022533596  5.98698254e-06  4.66944055e-06
 35.4295  0.000252511251  7.92562908e-06  6.41177035e-06
 35.4602  0.000288172894  6.44151221e-06  4.9365568e-06
 35.491  0.000302189578  6.5213319e-06  3.99427087e-06
 35.5217  0.000284843091  1.09265455e-05  4.92086449e-06
 35.5525  0.000242425038  6.58328604e-06  3.31975459e-06
 35.5832  0.000236824189  5.21379398e-06  3.57039796e-06
 35.614  0.000238137045  5.86729632e-06  3.39922737e-06
 35.6447  0.000252371607  7.02085828e-06  3.48533037e-06
 35.6755  0.000263693519  8.77641804e-06  4.11535736e-06
 35.7063  0.000293412545  1.40502465e-05  3.58422888e-06
 35.737  0.000314573097  1.17741153e-05  4.87369441e-06
 35.7678  0.000370821459  1.04163874e-05  4.99256035e-06
 35.7985  0.000371790308  1.21260667e-05  4.80410084e-06
 35.8293  0.000316005954  1.30176695e-05  5.23052467e-06
 35.86  0.000313421817  1.11736202e-05  4.70781292e-06
 35.8908  0.000290305993  1.45942325e-05  5.23624868e-06
 35.9215  0.000250577407  1.06089306e-05  4.53999853e-06
 35.9523  0.000222413757  7.58679979e-06  4.50150856e-06
 35.983  0.000242906867  9.2077768e-06  5.19811996e-06
 36.0138  0.000259186347  1.05634846e-05  5.84182184e-06
 36.0445  0.000281235016  1.39072865e-05  6.60376264e-06
 36.0753  0.000292211205  1.2297258e-05  8.00705435e-06
 36.106  0.000305543656  1.23124634e-05  9.94325636e-06
 36.1368  0.000343648616  4.53675044e-05  2.43956945e-05
 36.1675  0.000355803692  0.000960405812  0.000136289372
 36.1983  0.000371317339  0.00282988747  0.000332871882
 36.229  0.00041858179  0.000243817296  3.52373272e-05
 36.2598  0.000411031362  1.83291237e-05  1.25962726e-05
 36.2906  0.000428363943  2.12175817e-05  1.15567857e-05
 36.3213  0.000403552927  2.27858986e-05  1.41314779e-05
 36.3521  0.000367867486  3.28771467e-05  1.92297125e-05
 36.3828  0.000330852404  1.38209946e-05  1.28642142e-05
 36.4136  0.000306212547  4.26141487e-05  3.30125038e-05
 36.4443  0.000301363168  3.21443215e-05  2.47287845e-05
 36.4751  0.000297869937  1.67483833e-05  7.37976669e-06
 36.5058  0.000317436167  1.68061091e-05  8.35005692e-06
 36.5366  0.00039388499  2.94014728e-05  1.57070248e-05
 36.5673  0.000429307687  8.15633666e-05  2.50450086e-05
 36.5981  0.000406349138  5.08516006e-05  2.25219374e-05
 36.6288  0.000479958743  0.000165246246  0.000128627964
 36.6596  0.00058605497  0.000236985922  0.000166060168
 36.6903  0.000531756981  0.000139458678  7.41028116e-05
 36.7211  0.000502544228  0.000150364775  8.66997974e-05
 36.7518  0.000667677682  9.89145155e-05  4.93606319e-05
 36.7826  0.000774281784  0.000119278294  4.18721628e-05
 36.8134  0.000686634347  0.000327253892  0.000315391457
 36.8441  0.00053699246  0.0004825953  0.000649138592
 36.8749  0.000488984133  6.59868806e-05  0.000263656274
 36.9056  0.000550732059  5.88954332e-05  3.91001971e-05
 36.9364  0.000600230438  0.000147960106  1.7606415e-05
 36.9671  0.000622355831  0.000194745437  4.15886949e-05
 36.9979  0.000675703481  0.000169484809  0.000172128466
 37.0286  0.00056941299  8.55464082e-05  0.000507349943
 37.0594  0.000653386466  0.00010731889  0.000506155875
 37.0901  0.000696600277  9.89621323e-05  4.17683348e-05
 37.1209  0.000794548695  0.00013325587  7.87290712e-05
 37.1516  0.000800353909  0.000108532276  6.6849427e-05
 37.1824  0.000781167909  9.49819324e-05  4.51187342e-05
 37.2131  0.000761868212  0.000102828217  2.86609226e-05
 37.2439  0.000686624358  0.000173425122  0.00011898828
 37.2746  0.000822580067  0.000211924646  0.000144280651
 37.3054  0.000890032608  0.000159728657  0.000100464336
 37.3362  0.000745147683  6.9879416e-05  4.10049734e-05
 37.3669  0.000756623787  6.89812278e-05  5.0349119e-05
 37.3977  0.000589929763  4.48105378e-05  3.48176624e-05
 37.4284  0.000625581186  4.40405964e-05  3.4120501e-05
 37.4592  0.000514553055  5.1777036e-05  2.9753114e-05
 37.4899  0.00044147915  4.46116871e-05  3.13857391e-05
 37.5207  0.000346381671  2.61393982e-05  3.09632671e-05
 37.5514  0.000324478508  2.8671081e-05  3.16721622e-05
 37.5822  0.000273263304  2.04799205e-05  3.09438639e-05
 37.6129  0.000310115461  2.02801935e-05  2.86131933e-05
 37.6437  0.000271000579  2.12936916e-05  1.91469329e-05
 37.6744  0.000308409279  4.25024582e-05  3.02705266e-05
 37.7052  0.000258274384  3.42398374e-05  2.75177907e-05
 37.7359  0.000293435493  3.20871288e-05  2.83620598e-05
 37.7667  0.000246107418  2.12004411e-05  1.33309118e-05
 37.7974  0.000299761758  4.32762047e-05  1.37835835e-05
 37.8282  0.000404632648  6.51366906e-05  2.51325464e-05
 37.8589  0.000463441728  0.00011394109  3.95012786e-05
 37.8897  0.000420758699  0.0015398782  9.59400044e-05
 37.9205  0.000540202406  0.0147042279  0.000550829106
 37.9512  0.000531746164  0.00105538779  5.49452472e-05
 37.982  0.000637351966  0.000100728424  2.42889948e-05
 38.0127  0.000614201458  6.84907603e-05  1.97928013e-05
 38.0435  0.000557521561  5.33365429e-05  1.69808385e-05
 38.0742  0.000537260087  4.18843252e-05  1.60469607e-05
 38.105  0.000559781214  4.33694842e-05  2.88862901e-05
 38.1357  0.000614488157  4.56587595e-05  3.62192758e-05
 38.1665  0.000656919702  3.9440088e-05  3.00256416e-05
 38.1972  0.00067677085  4.36245765e-05  2.69812085e-05
 38.228  0.000675558007  3.6371661e-05  1.80416019e-05
 38.2587  0.000673073452  8.41135233e-05  3.89499204e-05
 38.2895  0.000683001227  0.000121496099  5.20868805e-05
 38.3202  0.000696967183  0.000113851733  5.54591039e-05
 38.351  0.000667350905  6.16696773e-05  2.49167965e-05
 38.3817  0.000688201123  7.21585805e-05  3.39381938e-05
 38.4125  0.000662297264  6.23050254e-05  6.31517011e-05
 38.4433  0.000692924497  2.67581355e-05  3.05481455e-05
 38.474  0.000847677336  4.93166661e-05  4.00502764e-05
 38.5048  0.000958820338  5.04187494e-05  3.37266462e-05
 38.5355  0.000936429101  4.83771e-05  3.30760953e-05
 38.5663  0.00101445674  5.02428934e-05  2.67832003e-05
 38.597  0.00107059562  3.61928846e-05  2.94223791e-05
 38.6278  0.00116813769  3.77407073e-05  3.57523899e-05
 38.6585  0.00119068532  4.11877733e-05  3.68644079e-05
 38.6893  0.00108463285  5.76862398e-05  4.15086657e-05
 38.72  0.000868346147  8.94509088e-05  5.345043e-05
 38.7508  0.000785859713  6.38965918e-05  2.57021222e-05
 38.7815  0.000679302408  2.0956002e-05  2.07444159e-05
 38.8123  0.000639509812  1.53560912e-05  2.23732142e-05
 38.843  0.000617711047  2.6655895e-05  4.00759082e-05
 38.8738  0.000637758174  2.56028833e-05  3.26126455e-05
 38.9045  0.000685617128  2.95227929e-05  4.06452387e-05
 38.9353  0.000698165225  3.4813899e-05  3.99107485e-05
 38.9661  0.000732200602  3.93202061e-05  4.9359347e-05
 38.9968  0.000765745032  3.78550787e-05  4.27452541e-05
 39.0276  0.000727700153  5.21549308e-05  6.58249739e-05
 39.0583  0.000784444068  3.14190243e-05  4.02665927e-05
 39.0891  0.000752964588  6.85724293e-05  8.6250268e-05
 39.1198  0.000717913815  3.5616679e-05  4.40108059e-05
 39.1506  0.000694180666  5.99767434e-05  8.60274096e-05
 39.1813  0.000710303429  3.95125445e-05  5.74634135e-05
 39.2121  0.000696564146  3.52212461e-05  5.68885609e-05
 39.2428  0.000637485483  2.53431419e-05  5.36724893e-05
 39.2736  0.000600504856  2.00157525e-05  5.41230222e-05
 39.3043  0.000580159556  1.81077267e-05  5.38010573e-05
 39.3351  0.000548423857  1.55350018e-05  3.76797203e-05
 39.3658  0.000581409962  3.3115249e-05  4.66816831e-05
 39.3966  0.000542423655  3.58816943e-05  5.19832578e-05
 39.4273  0.000547256452  3.01588007e-05  6.99243183e-05
 39.4581  0.000627576425  3.10195626e-05  5.28507021e-05
 39.4889  0.00064251772  5.03484418e-05  8.60008981e-05
 39.5196  0.00066625747  4.21702151e-05  5.3039405e-05
 39.5504  0.000655528417  4.30534397e-05  5.77483091e-05
 39.5811  0.000657925242  4.80478504e-05  6.05476695e-05
 39.6119  0.000747349118  5.37012874e-05  7.51034765e-05
 39.6426  0.000823943215  6.79619042e-05  8.9409469e-05
 39.6734  0.00092072674  0.000103130194  8.62679399e-05
 39.7041  0.00103304647  0.000117884095  4.06981101e-05
 39.7349  0.00130590528  0.000154503753  3.66019761e-05
 39.7656  0.00159338327  0.000148164507  3.06221717e-05
 39.7964  0.00164353544  0.000167198394  3.11622058e-05
 39.8271  0.0016680984  0.000162462036  2.62320531e-05
 39.8579  0.00241118266  0.000311736928  3.5598311e-05
 39.8886  0.00350742703  0.000429506443  5.77844565e-05
 39.9194  0.00474237999  0.000288656636  5.35518969e-05
 39.9501  0.00607161791  0.000541935644  7.47818073e-05
 39.9809  0.0075417514  0.000731739727  8.71996837e-05
 40.0116  0.00801905308  0.000830716749  8.49910124e-05
 40.0424  0.00706340344  0.000776186938  7.53812892e-05
 40.0732  0.00549968209  0.000643100452  6.47649686e-05
 40.1039  0.00448878568  0.000534409891  5.44396633e-05
 40.1347  0.00369878169  0.000489436943  5.00833342e-05
 40.1654  0.00304099882  0.000410797964  4.45877796e-05
 40.1962  0.00230725723  0.000310411641  3.52143922e-05
 40.2269  0.00196894459  0.00030714059  3.20476109e-05
 40.2577  0.00190711951  0.000275352771  3.41821633e-05
 40.2884  0.00142823794  0.000305190543  3.2550142e-05
 40.3192  0.00132538194  0.000235036872  3.67697256e-05
 40.3499  0.00133256083  0.000258542498  4.07280188e-05
 40.3807  0.00176483396  0.000280773318  5.0044196e-05
 40.4114  0.00272220697  0.00396830103  0.000492224459
 40.4422  0.00309556053  0.0188782618  0.00206851793
 40.4729  0.00477924279  0.00466382403  0.000542882414
 40.5037  0.0100275583  0.00290347576  0.000431269663
 40.5344  0.0159515556  0.0091831669  0.000794604536
 40.5652  0.0204677163  0.0144035453  0.000998664827
 40.596  0.0225637999  0.00446316934  0.000269721861
 40.6267  0.0209218192  0.00382022896  0.000220023751
 40.6575  0.0179082236  0.00383235107  0.000217483866
 40.6882  0.0162381231  0.00332093016  0.000193021491
 40.719  0.0155598949  0.0025781905  0.000162127872
 40.7497  0.0147570956  0.0022636333  0.000160465633
 40.7805  0.0137929405  0.00212789247  0.000167813828
 40.8112  0.0136232347  0.00158807378  0.000194128742
 40.842  0.0131901468  0.00128337514  0.00016503808
 40.8727  0.0160217477  0.00211303226  0.000196499201
 40.9035  0.0202101408  0.00357994942  0.000293095296
 40.9342  0.0202808851  0.00449418185  0.000462270975
 40.965  0.0242111848  0.00705504081  0.000352428375
 40.9957  0.0304215773  0.00881173692  0.000494166689
 41.0265  0.0369278882  0.0109919722  0.000527359794
 41.0572  0.0395302767  0.0120690531  0.00052617379
 41.088  0.0362685621  0.0111944003  0.000463048225
 41.1188  0.0322517163  0.00947250111  0.000387801278
 41.1495  0.0274019272  0.00720654201  0.000485183768
 41.1803  0.0312348748  0.0119590476  0.00132275243
 41.211  0.0412655516  0.0156714407  0.00217590242
 41.2418  0.0537240496  0.0187906652  0.00286199109
 41.2725  0.0627670386  0.0255471897  0.00279557006
 41.3033  0.0634629506  0.0369290111  0.00097206708
 41.334  0.0601628387  0.0315909463  0.000945112288
 41.3648  0.0496412425  0.0230653837  0.000923164723
 41.3955  0.0413203661  0.0187429642  0.000928124271
 41.4263  0.0410872674  0.021199881  0.00108188336
 41.457  0.0386340417  0.0142449745  0.00140706779
 41.4878  0.0371365512  0.0183502525  0.00136972503
 41.5185  0.0329351709  0.0180713923  0.00132604922
 41.5493  0.0230140766  0.0103880287  0.00112723711
 41.58  0.0132093341  0.00321959456  0.00113059067
 41.6108  0.0146456752  0.00459226328  0.00113872298
 41.6415  0.00965588922  0.00186378417  0.000863776335
 41.6723  0.00846580203  0.0017068104  0.00085135922
 41.7031  0.0083799887  0.0018901404  0.000831800056
 41.7338  0.00786901252  0.00241505198  0.000737758493
 41.7646  0.0105801354  0.00426011104  0.000911767514
 41.7953  0.012999606  0.003830866  0.000827300058
 41.8261  0.0162099408  0.00583831563  0.000920555704
 41.8568  0.0189654435  0.00645376298  0.000840843853
 41.8876  0.0198431193  0.00692271087  0.000717709225
 41.9183  0.0186776925  0.00694660955  0.000502016648
 41.9491  0.0168883355  0.00530787781  0.000471942548
 41.9798  0.0145010871  0.00316784145  0.000286365983
 42.0106  0.0123011677  0.00182258394  0.000197571698
 42.0413  0.010934861  0.00131741739  0.000214353529
 42.0721  0.0109439886  0.0022258886  0.00139168993
 42.1028  0.0117727041  0.00393508486  0.00355005155
 42.1336  0.0123230958  0.00183203626  0.000440033938
 42.1643  0.0120628079  0.00256553716  0.000271020862
 42.1951  0.0134554944  0.00313608983  0.000401229504
 42.2259  0.0180553472  0.0436446486  0.0120596977
 42.2566  0.0245503451  0.0798949451  0.0222925697
 42.2874  0.0303166137  0.0199032187  0.00463900257
 42.3181  0.0317641091  0.0275533722  0.0117723632
 42.3489  0.0363863244  0.0126437178  0.00312298093
 42.3796  0.0385885103  0.0099279167  0.00061466599
 42.4104  0.037323548  0.0099644286  0.000612191881
 42.4411  0.0346579272  0.00963770655  0.00053083143
 42.4719  0.0304330703  0.00701061799  0.000438735173
 42.5026  0.02682551  0.00626463643  0.000388671272
 42.5334  0.0264004309  0.00570622935  0.000383317702
 42.5641  0.0256858553  0.00520587974  0.000372991504
 42.5949  0.023034558  0.00468193905  0.000323229989
 42.6256  0.0197677503  0.00432872066  0.000267824469
 42.6564  0.0225924013  0.00467743639  0.000340841986
 42.6871  0.029543547  0.00673847503  0.000513485808
 42.7179  0.0397176763  0.00854578264  0.000681804375
 42.7487  0.0452631872  0.00956734462  0.000679700347
 42.7794  0.0413799534  0.0102512616  0.00067440058
 42.8102  0.0416324613  0.0106782191  0.000746961729
 42.8409  0.0488959618  0.0135228731  0.000781951604
 42.8717  0.0502360211  0.0148057342  0.000803168335
 42.9024  0.0470367214  0.0134948308  0.000808453823
 42.9332  0.040641321  0.00969746247  0.000651859937
 42.9639  0.0315818726  0.00694113753  0.000457230906
 42.9947  0.0278303002  0.00502341902  0.000358822933
 43.0254  0.0246744135  0.00517573761  0.000355207321
 43.0562  0.0290830323  0.00633507592  0.000417506069
 43.0869  0.0367994547  0.0088151113  0.000493724175
 43.1177  0.040223195  0.0120357436  0.000581642361
 43.1484  0.0431803059  0.0135345326  0.00058227189
 43.1792  0.0408924897  0.0117069251  0.000617506118
 43.2099  0.0372324372  0.0111694375  0.000599978328
 43.2407  0.0376968613  0.0125380576  0.000688282026
 43.2715  0.0457938449  0.0158672829  0.000860682233
 43.3022  0.0649605872  0.0228460275  0.00102168455
 43.333  0.0882436063  0.0333362525  0.00144826035
 43.3637  0.100202836  0.0455027433  0.00184462135
 43.3945  0.101401688  0.0502633325  0.0019340785
 43.4252  0.0961714331  0.048497972  0.00187869522
 43.456  0.0837683156  0.0451427663  0.00202307898
 43.4867  0.0653311965  0.0447232834  0.00206397121
 43.5175  0.0577009214  0.0295852989  0.0022107637
 43.5482  0.0480162629  0.0253390957  0.00254519668
 43.579  0.0407647414  0.0199779499  0.00279454125
 43.6097  0.0391403899  0.0150334689  0.00292354486
 43.6405  0.036568596  0.0197802449  0.00321501052
 43.6712  0.0289934122  0.0107396371  0.00286985269
 43.702  0.0215371312  0.0121178593  0.00224052
 43.7327  0.0144289123  0.0115713649  0.00133044949
 43.7635  0.00912197898  0.00683294613  0.000642702025
 43.7942  0.00812432807  0.0020360262  0.000338896615
 43.825  0.00809972391  0.001314191  0.000197696212
 43.8558  0.00787859535  0.00104181961  0.000180714958
 43.8865  0.00773001358  0.00100335042  0.000156030668
 43.9173  0.00750921169  0.000995566675  0.000164986436
 43.948  0.00757891412  0.00105266325  0.000191094582
 43.9788  0.00807129509  0.00112121204  0.000251699817
 44.0095  0.00806690384  0.00118371322  0.000214218972
 44.0403  0.00817167744  0.00129405166  0.00026034734
 44.071  0.00859165902  0.00130873654  0.000305110789
 44.1018  0.00863325998  0.001400363  0.000346226949
 44.1325  0.00854207298  0.00179320029  0.000427692845
 44.1633  0.0107066855  0.00230079333  0.000597945044
 44.194  0.0100514059  0.00221528787  0.000947267781
 44.2248  0.00942953166  0.00216814036  0.00158823567
 44.2555  0.00829726361  0.00240117433  0.00205123445
 44.2863  0.00882490601  0.00401292281  0.00340995611
 44.317  0.00611175063  0.00234838098  0.00225266656
 44.3478  0.00579673295  0.00353796006  0.00417805342
 44.3786  0.00566847921  0.00353613873  0.00428274469
 44.4093  0.00778284845  0.00601877046  0.00576982272
 44.4401  0.00779440444  0.508429434  0.126337617
 44.4708  0.00878261989  2.11897462  0.51670173
 44.5016  0.0074053771  0.249855939  0.0657684329
 44.5323  0.00872132276  0.00771304553  0.00587935055
 44.5631  0.0104092659  0.0157147591  0.0140576957
 44.5938  0.0130082304  0.0329780584  0.0225229384
 44.6246  0.0140369117  0.016343168  0.00726698059
 44.6553  0.0055589466  0.00352518649  0.00230533162
 44.6861  0.0046274143  0.00194524305  0.00141702941
 44.7168  0.00475889654  0.00170732866  0.00131820994
 44.7476  0.00609979733  0.00222361299  0.0012243848
 44.7783  0.00640173709  0.00259307643  0.00115125079
 44.8091  0.00421825264  0.0014988652  0.00129485098
 44.8398  nan  nan  nan
 44.8706  nan  nan  nan
 44.9014  nan  nan  nan
 44.9321  0.00571949848  0.0015920513  0.000946448985
 44.9629  0.00469861708  0.00116535737  0.000781848428
 44.9936  0.00373540849  0.00121090806  0.000947229
 45.0244  nan  nan  nan
 45.0551  nan  nan  nan
 45.0859  nan  nan  nan
 45.1166  nan  nan  nan
 45.1474  nan  nan  nan
 45.1781  nan  nan  nan
 45.2089  nan  nan  nan
 45.2396  0.00336135594  0.00545315785  0.00356186611
 45.2704  nan  nan  nan
