# X (m) TKE_avg epsilon_turb_pw_avg_Y_avg epsilon_pw_avg_Y_avg
 33.0307  0.000113518974  0.0280880047  0.0023076093
 33.0614  7.29909431e-05  0.00103306039  0.0001362615
 33.0921  9.12214916e-05  0.000215431998  2.9699253e-05
 33.1227  0.000118898565  2.9228024e-06  1.74119204e-06
 33.1534  0.000141538827  1.13084763e-05  3.89896062e-06
 33.1841  0.000199626108  0.00011006402  1.73395762e-05
 33.2148  0.000195991789  5.12122694e-05  1.10660158e-05
 33.2455  0.000189429342  0.000409252024  0.000114095817
 33.2762  0.000176294457  0.000117940425  3.20470874e-05
 33.3069  0.000128511151  8.89983067e-05  2.62110562e-05
 33.3376  0.000105551329  5.82921126e-06  3.31505064e-06
 33.3682  0.000138037366  5.36863824e-06  3.07532161e-06
 33.3989  0.000137478211  1.029437e-05  3.62907352e-06
 33.4296  0.000145559168  7.86560764e-06  3.70331288e-06
 33.4603  0.000194488314  6.64488646e-06  3.26909697e-06
 33.491  0.000230556227  7.22921098e-06  4.07025464e-06
 33.5217  0.00026152857  7.55659695e-06  5.45118186e-06
 33.5524  0.000297222923  1.05793155e-05  7.17981486e-06
 33.583  0.00032344951  2.72610342e-05  9.32076306e-06
 33.6137  0.000391452994  5.979478e-05  1.17438383e-05
 33.6444  0.000363610327  0.000732690035  2.40607418e-05
 33.6751  0.000457890567  0.00191962729  6.07484519e-05
 33.7058  0.000487273155  0.000318760721  0.000214465859
 33.7365  0.000503306446  8.61386551e-05  0.000146862591
 33.7672  0.000470249174  0.00111738512  0.000339614004
 33.7979  0.000358310654  0.00199008168  0.000573890549
 33.8285  0.000270787827  0.000180524871  6.61007946e-05
 33.8592  0.000250534204  2.61446493e-05  7.10493735e-06
 33.8899  0.000236531055  2.02340086e-05  7.40541547e-06
 33.9206  0.000196969009  1.13002193e-05  1.07270743e-05
 33.9513  0.00020635192  7.49525306e-06  7.35440265e-06
 33.982  0.000186462483  7.55683014e-06  8.93490643e-06
 34.0127  0.000195635651  6.75593566e-06  9.35985955e-06
 34.0433  0.000178213226  4.28665417e-06  6.39922662e-06
 34.074  0.00017751199  5.40864904e-06  1.03397203e-05
 34.1047  0.000194402769  4.92483674e-06  7.893217e-06
 34.1354  0.000235950465  8.1383938e-06  1.37126913e-05
 34.1661  0.000327176159  8.69070486e-06  1.27645715e-05
 34.1968  0.00033705389  8.97574599e-06  1.44165607e-05
 34.2275  0.000258233734  1.09961706e-05  1.4690895e-05
 34.2581  0.000174878157  1.21775826e-05  1.8768305e-05
 34.2888  0.000165422762  1.13361223e-05  1.75445333e-05
 34.3195  0.000173446447  1.58852254e-05  1.88877116e-05
 34.3502  0.00019356781  1.97696684e-05  2.75361292e-05
 34.3809  0.000172267433  1.59537438e-05  2.22333359e-05
 34.4116  0.000161764198  1.35932169e-05  1.8725131e-05
 34.4423  0.000207394178  1.43459114e-05  2.11309803e-05
 34.473  0.000174664213  1.12901832e-05  1.91992794e-05
 34.5036  0.00016661134  1.43056884e-05  1.97750231e-05
 34.5343  0.000174596629  1.61071697e-05  2.20111649e-05
 34.565  0.000190932372  1.36078884e-05  1.94392605e-05
 34.5957  0.00019536813  1.29146038e-05  1.79003765e-05
 34.6264  0.000201178642  1.42852673e-05  1.39253061e-05
 34.6571  0.000222155507  1.92644975e-05  1.32977124e-05
 34.6878  0.000221940901  1.9054625e-05  1.30616203e-05
 34.7184  0.000168193647  1.33598011e-05  1.22947188e-05
 34.7491  0.000185506075  1.66641685e-05  1.35363934e-05
 34.7798  0.000157540865  1.3476721e-05  1.15670362e-05
 34.8105  0.000168085814  1.04214356e-05  1.18837601e-05
 34.8412  0.000140177204  1.058881e-05  9.67143499e-06
 34.8719  0.000162293925  9.59310589e-06  1.08367084e-05
 34.9026  0.000192540219  1.41137177e-05  1.27661123e-05
 34.9333  0.000182561689  1.274342e-05  1.12187003e-05
 34.9639  0.000155025722  9.87160342e-06  8.89934444e-06
 34.9946  0.000137908995  9.86965829e-06  8.32848895e-06
 35.0253  0.000117411883  5.32515386e-06  4.65037828e-06
 35.056  0.000138428314  8.8491501e-06  4.63567357e-06
 35.0867  0.000173784171  2.71643721e-05  4.54059083e-06
 35.1174  0.000219300201  4.60500991e-05  7.0321419e-06
 35.1481  0.000282462842  4.78847492e-05  1.81229677e-05
 35.1787  0.000357075266  0.000102001519  6.59926376e-05
 35.2094  0.000360844082  7.10119905e-05  1.69198443e-05
 35.2401  0.000293324715  3.42905226e-05  8.51054271e-06
 35.2708  0.000279391407  2.1903691e-05  9.14320638e-06
 35.3015  0.000292581817  1.82909933e-05  8.27894788e-06
 35.3322  0.000287482023  9.62319347e-06  6.64456469e-06
 35.3629  0.000316306547  1.22933277e-05  8.17860686e-06
 35.3936  0.000277533096  8.26842152e-06  7.42817369e-06
 35.4242  0.000258212597  8.59183831e-06  5.67254912e-06
 35.4549  0.000251832523  1.41912257e-05  9.03777221e-06
 35.4856  0.000252963389  1.37880989e-05  6.24438588e-06
 35.5163  0.000239447276  1.20760824e-05  1.13410116e-05
 35.547  0.000273930991  1.55411715e-05  7.65775796e-06
 35.5777  0.000296507168  1.21761291e-05  7.59329927e-06
 35.6084  0.00029513858  1.14796157e-05  9.02825898e-06
 35.639  0.000294052407  1.32355363e-05  8.73525753e-06
 35.6697  0.000264924239  1.60146299e-05  9.14701092e-06
 35.7004  0.000284145458  2.95100635e-05  1.09863581e-05
 35.7311  0.000326089968  3.43137729e-05  1.2620367e-05
 35.7618  0.000307477577  3.17070721e-05  1.63679251e-05
 35.7925  0.000373805748  4.46960375e-05  1.64948944e-05
 35.8232  0.000381409934  4.78031136e-05  1.67214829e-05
 35.8539  0.000447478164  7.44474908e-05  1.76920873e-05
 35.8845  0.000479817497  5.64518155e-05  1.62524397e-05
 35.9152  0.000389341237  3.94247776e-05  1.42449348e-05
 35.9459  0.000340294113  3.04759873e-05  1.26829065e-05
 35.9766  0.000332223707  2.08875558e-05  1.19032486e-05
 36.0073  0.000312311651  2.95058539e-05  1.64199339e-05
 36.038  0.000301340306  2.09037346e-05  1.13417605e-05
 36.0687  0.000283508616  1.69044746e-05  7.19073363e-06
 36.0993  0.000268768728  2.56855377e-05  1.27692501e-05
 36.13  0.000283204189  3.89321731e-05  1.88681147e-05
 36.1607  0.000336438058  8.02090787e-05  2.22519152e-05
 36.1914  0.00036080636  0.000310451564  1.88748387e-05
 36.2221  0.000393319683  0.00012483489  1.57399843e-05
 36.2528  0.000411104171  2.10055202e-05  8.4730906e-06
 36.2835  0.000407904157  1.52967648e-05  6.12491813e-06
 36.3141  0.000422101027  1.87922383e-05  7.54869893e-06
 36.3448  0.00042244103  1.90778336e-05  6.479616e-06
 36.3755  0.000355828969  1.56682269e-05  6.38266689e-06
 36.4062  0.000290000385  0.000102181579  9.57628464e-05
 36.4369  0.000247074625  7.37626536e-05  6.93331684e-05
 36.4676  0.000231226858  8.39286275e-06  4.18484981e-06
 36.4983  0.000221505189  8.23680958e-06  4.87856682e-06
 36.529  0.000288711308  1.04376495e-05  5.02579433e-06
 36.5596  0.000319348774  2.08311912e-05  4.91589162e-06
 36.5903  0.000316252249  1.17400374e-05  4.18763867e-06
 36.621  0.000342281896  9.73224181e-05  8.34563325e-05
 36.6517  0.000383929252  0.000181500717  0.000148887764
 36.6824  0.000391620274  8.58143969e-05  6.15317523e-05
 36.7131  0.000359019297  0.000108516957  7.28278491e-05
 36.7438  0.000343651743  7.13840857e-05  4.33704158e-05
 36.7744  0.000326022174  6.76367912e-05  3.30702571e-05
 36.8051  0.000302246953  0.000178417342  0.00020381436
 36.8358  0.000346560173  0.000548671204  0.0010033783
 36.8665  0.000351565668  0.00021335265  0.000914169711
 36.8972  0.000329887509  5.91936191e-05  0.000306937982
 36.9279  0.000315935075  2.23513372e-05  1.15095665e-05
 36.9586  0.000360613068  6.86539539e-05  4.17787049e-05
 36.9893  0.000393643485  0.000142507675  0.000205510602
 37.0199  0.000441134599  0.000108476999  0.000745099204
 37.0506  0.000457446799  0.00012018617  0.000785721162
 37.0813  0.000484175404  7.26861371e-05  7.0200472e-05
 37.112  0.000491704289  0.000242587947  0.00013836782
 37.1427  0.000509366318  0.000259483727  0.000156948327
 37.1734  0.000531290744  0.000517598752  0.000335513143
 37.2041  0.000536203723  0.000257791724  0.000168307201
 37.2347  0.000567447473  0.0001815482  0.000126519619
 37.2654  0.000635699545  0.00037358176  0.000162120599
 37.2961  0.000602583285  0.000263742645  0.0001127443
 37.3268  0.000561286947  7.47147851e-05  6.29277226e-05
 37.3575  0.000501155512  7.2123462e-05  5.39618587e-05
 37.3882  0.000408958023  3.31154856e-05  3.18867313e-05
 37.4189  0.000349817239  2.73595115e-05  4.89470096e-05
 37.4496  0.000377604686  2.6411346e-05  4.90060413e-05
 37.4802  0.000355587704  2.65053307e-05  5.54271337e-05
 37.5109  0.000412790521  2.73788854e-05  5.39566981e-05
 37.5416  0.000387670071  2.36302795e-05  5.57034569e-05
 37.5723  0.000344458569  1.91554275e-05  5.03491966e-05
 37.603  0.000402337785  2.78061003e-05  6.83043565e-05
 37.6337  0.00045425106  3.19250929e-05  6.33255866e-05
 37.6644  0.000448564865  4.51922131e-05  5.17496322e-05
 37.695  0.000418755401  6.33164136e-05  5.21321602e-05
 37.7257  0.000437621662  4.7461696e-05  3.39205284e-05
 37.7564  0.000495908267  5.44553626e-05  3.44960316e-05
 37.7871  0.000598883286  8.7973782e-05  2.82851767e-05
 37.8178  0.000776187348  0.000172669757  3.27877966e-05
 37.8485  0.000889059355  0.000348375889  6.79698233e-05
 37.8792  0.00107095651  0.000330704747  0.000121028712
 37.9099  0.00125326247  0.00171482541  0.000753340807
 37.9405  0.00137930826  0.00198211125  0.000883001556
 37.9712  0.00124806116  0.000173154857  7.98431137e-05
 38.0019  0.000972679304  9.56733727e-05  6.78743106e-05
 38.0326  0.000832087359  8.9664446e-05  5.84435876e-05
 38.0633  0.00078196879  6.83213062e-05  5.16036929e-05
 38.094  0.000704007535  5.98618859e-05  4.44537857e-05
 38.1247  0.000652124069  5.44344935e-05  3.89831681e-05
 38.1553  0.000638785154  4.11845902e-05  3.1652175e-05
 38.186  0.000620299642  3.13004897e-05  2.40042345e-05
 38.2167  0.000784025295  5.233009e-05  3.01001253e-05
 38.2474  0.000757397349  7.14573135e-05  3.44429903e-05
 38.2781  0.000742683415  7.96007564e-05  3.83483977e-05
 38.3088  0.000672210996  5.67555369e-05  3.71962819e-05
 38.3395  0.000732430012  6.17391105e-05  4.11338652e-05
 38.3701  0.000746440268  8.62374469e-05  4.62448537e-05
 38.4008  0.000664624063  6.79096579e-05  4.60392675e-05
 38.4315  0.000708782798  5.81719367e-05  3.76238671e-05
 38.4622  0.000688729623  5.29373793e-05  3.98955051e-05
 38.4929  0.000734068893  6.81106833e-05  4.09191052e-05
 38.5236  0.000672047888  9.81046218e-05  3.20851682e-05
 38.5543  0.0006465755  8.55068076e-05  2.557624e-05
 38.585  0.000664664092  9.36733325e-05  2.86042323e-05
 38.6156  0.000750149506  0.000104484954  2.74262156e-05
 38.6463  0.000858179828  0.000117558417  2.3948811e-05
 38.677  0.000884191552  0.000136287044  2.63816268e-05
 38.7077  0.0009392952  0.000150754871  3.87094415e-05
 38.7384  0.00110853256  0.000155608752  5.38266036e-05
 38.7691  0.00133356996  0.000157904702  6.13392823e-05
 38.7998  0.00153345453  0.000156116735  6.35358475e-05
 38.8304  0.00159223403  0.000141606453  6.25611387e-05
 38.8611  0.00149442846  0.000170830942  4.37387499e-05
 38.8918  0.00127660912  0.000104200582  2.55454957e-05
 38.9225  0.00114737198  0.000109374373  3.31721797e-05
 38.9532  0.0010530211  0.000119124243  2.94291459e-05
 38.9839  0.000954245182  0.000164143825  3.92140665e-05
 39.0146  0.000950082445  0.000224912312  4.66740985e-05
 39.0453  0.00088367624  0.000205663015  5.37940459e-05
 39.0759  0.000844086009  0.000148230452  5.07860111e-05
 39.1066  0.000921445508  0.00014179341  6.72293848e-05
 39.1373  0.00107514358  0.000138671748  6.77169517e-05
 39.168  0.00119168256  0.000158119552  8.11671479e-05
 39.1987  0.00079925308  6.73873963e-05  4.83153377e-05
 39.2294  0.000508320979  2.21319928e-05  3.18482467e-05
 39.2601  0.000457628494  1.84626127e-05  2.68193871e-05
 39.2907  0.000416591697  1.38598777e-05  2.4327436e-05
 39.3214  0.000432005636  1.50568189e-05  2.50229411e-05
 39.3521  0.000419679605  1.75945052e-05  2.67041163e-05
 39.3828  0.000427624004  1.58752298e-05  3.28665739e-05
 39.4135  0.000423363194  8.2678342e-06  1.99920427e-05
 39.4442  0.000447868658  8.93424865e-06  2.91023146e-05
 39.4749  0.000477211645  9.40350548e-06  2.9389214e-05
 39.5056  0.000517624444  1.07812787e-05  2.95224676e-05
 39.5362  0.0005625531  1.45622824e-05  4.1174136e-05
 39.5669  0.000629994911  2.50309621e-05  3.0532681e-05
 39.5976  0.000765080862  4.28058956e-05  3.89835799e-05
 39.6283  0.00100695155  6.18901451e-05  5.04366023e-05
 39.659  0.00131363153  7.66426118e-05  5.87877152e-05
 39.6897  0.00151960486  7.52322227e-05  5.78253844e-05
 39.7204  0.00181286438  9.87090735e-05  6.40885365e-05
 39.751  0.00209661799  0.000196636927  4.50443095e-05
 39.7817  0.0025154341  0.000232468615  3.3130164e-05
 39.8124  0.0030169098  0.000187745753  4.01751574e-05
 39.8431  0.00393317843  0.000226844538  3.24190203e-05
 39.8738  0.00498791896  0.000329707361  7.71091879e-05
 39.9045  0.00531476906  0.000344367402  6.87654996e-05
 39.9352  0.00524024326  0.000375365995  5.68024558e-05
 39.9658  0.00458860114  0.000376458125  6.04956054e-05
 39.9965  0.00338143057  0.000298692357  7.83272714e-05
 40.0272  0.00231687325  0.000184776254  4.38037772e-05
 40.0579  0.00220211344  0.000172737103  3.03341624e-05
 40.0886  0.00195510968  0.000177652827  5.94088486e-05
 40.1193  0.00185671686  0.000176370306  5.61478496e-05
 40.15  0.00169568476  0.000143098392  4.39084928e-05
 40.1807  0.00144728774  0.000125146025  3.82060827e-05
 40.2113  0.00123879082  0.000115086337  4.08121824e-05
 40.242  0.00133444057  0.000114089388  2.34965507e-05
 40.2727  0.00138640063  0.000109162007  3.09456283e-05
 40.3034  0.00145997649  0.000120298435  5.83238164e-05
 40.3341  0.0015419378  0.000105542586  3.65705374e-05
 40.3648  0.0022904943  0.000203359793  2.79042254e-05
 40.3955  0.00238389877  0.000305989596  6.29105238e-05
 40.4261  0.00321535277  0.000406082939  8.98892666e-05
 40.4568  0.00652161792  0.000845634229  0.000116081471
 40.4875  0.0115011223  0.00181809624  0.000457560592
 40.5182  0.0132703003  0.00307541257  0.0013386363
 40.5489  0.0134691948  0.0217932035  0.00415249112
 40.5796  0.0142113574  0.0111199684  0.00117934794
 40.6103  0.0140859085  0.00220354771  0.000151720177
 40.641  0.0121684638  0.00178643331  0.000129940913
 40.6716  0.00968094805  0.00158508626  0.000110981539
 40.7023  0.0105493741  0.00146940875  0.000114616686
 40.733  0.0103054678  0.00143650628  0.000110090199
 40.7637  0.00974594159  0.00143632968  9.91745349e-05
 40.7944  0.00953694126  0.00137932973  9.50992679e-05
 40.8251  0.00938524535  0.00117732896  8.75601316e-05
 40.8558  0.00805132535  0.00134577318  8.35409789e-05
 40.8864  0.00632950189  0.00137587388  0.000122788313
 40.9171  0.00538240108  0.000976392032  0.000135228409
 40.9478  0.00716551055  0.000805767384  0.00010743416
 40.9785  0.0110532528  0.00132433015  0.000148609994
 41.0092  0.0147386451  0.00246564767  0.000301765822
 41.0399  0.0166398908  0.00307445019  0.000183849375
 41.0706  0.0170010714  0.00229435035  0.000189532624
 41.1013  0.0182102705  0.00262762696  0.000186511667
 41.1319  0.0190620814  0.0035274048  0.000290814318
 41.1626  0.017916158  0.0046620285  0.000383016496
 41.1933  0.0144249822  0.0108053676  0.000415382094
 41.224  0.0137718581  0.0139348182  0.00028053569
 41.2547  0.0145563675  0.00762525312  0.000339807679
 41.2854  0.0165914875  0.00458516115  0.000391020136
 41.3161  0.0186037957  0.00285031868  0.000207651216
 41.3467  0.0184117027  0.00273143343  0.000195253283
 41.3774  0.0167074687  0.00292929722  0.000192526052
 41.4081  0.0228661748  0.0034042478  0.000243548468
 41.4388  0.0314988472  0.00510175913  0.000338546687
 41.4695  0.0386833399  0.00714527361  0.000397536578
 41.5002  0.0417717945  0.00866028141  0.000474673306
 41.5309  0.0430662534  0.0105038919  0.000536782582
 41.5616  0.0394984623  0.0117149718  0.000510371055
 41.5922  0.0369068208  0.00952708149  0.00046059551
 41.6229  0.0345453596  0.0083009082  0.000439659427
 41.6536  0.0352519636  0.00999571384  0.000488190247
 41.6843  0.0538087459  0.0165619127  0.000695893452
 41.715  0.0814281553  0.0284003016  0.000886048072
 41.7457  0.0883660578  0.028842733  0.000979219045
 41.7764  0.0926203706  0.0346290454  0.00119999077
 41.807  0.0979483065  0.0394655944  0.00130411598
 41.8377  0.104311869  0.0366459011  0.00117167839
 41.8684  0.10778814  0.030860185  0.00109078977
 41.8991  0.100436438  0.0269572784  0.00101533473
 41.9298  0.0880901926  0.0286817839  0.00106923668
 41.9605  0.0849518378  0.0344778383  0.00120705978
 41.9912  0.0988653113  0.0430336962  0.00138112345
 42.0218  0.10190465  0.0566630067  0.00165442312
 42.0525  0.104817292  0.0782481826  0.0021553731
 42.0832  0.0789946123  0.0548975559  0.00336428739
 42.1139  0.0662129706  0.0379235417  0.0026150144
 42.1446  0.0567616996  0.0322163588  0.00217214995
 42.1753  0.0464777343  0.0234773677  0.00172685132
 42.206  0.0436290539  0.025060799  0.00205073145
 42.2367  0.0472612983  0.0443116233  0.0122838338
 42.2673  0.0486806016  0.0425978097  0.0123794168
 42.298  0.0440101442  0.0216825178  0.00318575789
 42.3287  0.036026195  0.0136785991  0.00290522488
 42.3594  0.0266348488  0.00825990194  0.000837461829
 42.3901  0.0236181926  0.0100809536  0.000750874305
 42.4208  0.0159860634  0.00673758073  0.000548342513
 42.4515  0.0141145556  0.00577287904  0.000304067234
 42.4821  0.0124314685  0.00214047198  0.000190376058
 42.5128  0.0134375808  0.00196911316  0.000210215949
 42.5435  0.0144814265  0.00247195964  0.000404516038
 42.5742  0.0163812313  0.00240004185  0.000273697795
 42.6049  0.017633831  0.00291048806  0.000295089375
 42.6356  0.0191376024  0.00375325297  0.000353359603
 42.6663  0.0211475184  0.00421494334  0.000426309549
 42.697  0.0216930882  0.00349561208  0.000382119029
 42.7276  0.0228850098  0.0043400956  0.000406616672
 42.7583  0.0236374972  0.00477960045  0.00058779107
 42.789  0.0246799536  0.00460648638  0.000488991405
 42.8197  0.0247921811  0.00427780573  0.000360599914
 42.8504  0.0211035287  0.00463572951  0.000366674829
 42.8811  0.0200782469  0.00402290265  0.000313035803
 42.9118  0.0189943374  0.00400302492  0.000351188279
 42.9424  0.0166314694  0.00336376911  0.000304109281
 42.9731  0.0140596744  0.00246093112  0.000237842878
 43.0038  0.0130820275  0.00212787655  0.000254814335
 43.0345  0.0137140421  0.00264802671  0.000319543442
 43.0652  0.016867088  0.00270360608  0.000357789063
 43.0959  0.0194262539  0.00320425925  0.000377409155
 43.1266  0.0212294844  0.00413687094  0.000375868614
 43.1573  0.0224861736  0.00470679966  0.000386248285
 43.1879  0.0233842721  0.00410092389  0.00038363084
 43.2186  0.0216753846  0.00447122582  0.000403492111
 43.2493  0.0219933448  0.00424460829  0.0004336938
 43.28  0.0226360751  0.00468265998  0.000438387955
 43.3107  0.0237305518  0.00538163291  0.000429795261
 43.3414  0.0259214143  0.00630512014  0.00053828344
 43.3721  0.0297513349  0.00738005966  0.000608143474
 43.4027  0.0348750828  0.00868917074  0.000629643463
 43.4334  0.0407932716  0.00988481505  0.000744746518
 43.4641  0.0445514337  0.0122394802  0.000835738238
 43.4948  0.044384729  0.0139626101  0.000882145588
 43.5255  0.049474441  0.0151940217  0.0011424725
 43.5562  0.0466123246  0.0184502551  0.00105858673
 43.5869  0.0478353887  0.0170664633  0.000909816339
 43.6176  0.0502293077  0.0145054134  0.000860114353
 43.6482  0.0499047804  0.0139074228  0.000893838774
 43.6789  0.0434140456  0.0171904517  0.0012158355
 43.7096  0.0418801836  0.0150335998  0.00109788656
 43.7403  0.0449787297  0.0151674916  0.00122119933
 43.771  0.0483918888  0.0168358675  0.00154833349
 43.8017  0.0493743007  0.0168862756  0.00201341245
 43.8324  0.0478529156  0.0145245734  0.00238301217
 43.863  0.0454003553  0.0150391743  0.00272649746
 43.8937  0.0416476979  0.0109063745  0.0028461806
 43.9244  0.0349947334  0.00867739848  0.00314614669
 43.9551  0.0277024554  0.00720101512  0.00348692327
 43.9858  0.0253156671  0.00732202098  0.00389482726
 44.0165  0.0190500135  0.00506518751  0.0043109555
 44.0472  0.0191934284  0.00883217449  0.00533505195
 44.0778  0.00880174533  0.00661199127  0.00621293404
 44.1085  0.00699738032  0.00393508527  0.00419761924
 44.1392  0.0066545149  0.00966909482  0.00894585373
 44.1699  0.00841898209  0.0154987176  0.0131827397
 44.2006  0.0151422811  0.0188877206  0.0111996386
 44.2313  nan  nan  nan
 44.262  nan  nan  nan
 44.2927  nan  nan  nan
 44.3233  nan  nan  nan
 44.354  nan  nan  nan
 44.3847  0.00527019935  0.00325939416  0.00291972267
 44.4154  0.00425503143  0.00243613873  0.001778299
 44.4461  0.00456134078  0.445169268  0.0663084923
 44.4768  0.00573547687  0.866238022  0.12819061
 44.5075  0.00545463915  0.00394739518  0.00209319884
 44.5381  0.00683486998  0.0048863009  0.00317499964
 44.5688  0.00568674621  0.00411340782  0.00339140274
 44.5995  0.00987904235  0.00470277074  0.00218964859
 44.6302  0.0102869648  0.00651581502  0.00288594249
 44.6609  0.00786421398  0.00689842587  0.00354221023
 44.6916  0.00629345357  0.00347836414  0.00203323302
 44.7223  0.0059942493  0.00519424921  0.00221706172
 44.753  0.00620985872  0.00464593157  0.00198721302
 44.7836  0.00635761527  0.00149829804  0.00124914995
 44.8143  nan  nan  nan
 44.845  nan  nan  nan
 44.8757  nan  nan  nan
 44.9064  0.00740231319  0.00261379675  0.0013927212
 44.9371  0.00513033098  0.00162750728  0.0010570781
 44.9678  0.00378083516  0.00135512788  0.00114053268
 44.9984  0.00360490306  0.00188786565  0.00154290908
 45.0291  nan  nan  nan
 45.0598  nan  nan  nan
 45.0905  nan  nan  nan
 45.1212  nan  nan  nan
 45.1519  nan  nan  nan
 45.1826  nan  nan  nan
 45.2133  0.00239509091  0.00484659697  0.0039544388
 45.2439  nan  nan  nan
