# X (m) TKE_avg epsilon_turb_pw_avg_Y_avg epsilon_pw_avg_Y_avg
 33.0307  0.000125897083  1.86159055e+16  1.71083838e+16
 33.0614  8.46194636e-05  1.22370509e+16  1.12341817e+16
 33.0922  0.000101269243  2.49306019e+15  2.28874528e+15
 33.1229  0.000123411067  2.76444597e-06  1.49603991e-06
 33.1536  0.00014322862  6.0565176e-06  2.37763963e-06
 33.1843  0.000190850613  6.76247042e-05  1.18778998e-05
 33.2151  0.00021691637  5.31290483e-05  8.19855839e-06
 33.2458  0.000205913311  0.000305672261  9.74958557e-05
 33.2765  0.000189092727  0.000111280883  3.38680422e-05
 33.3072  0.000157597885  8.79939751e-05  2.76946152e-05
 33.3379  0.000161811073  1.48175848e-05  3.35508805e-06
 33.3687  0.000168864057  8.65282173e-06  2.7057383e-06
 33.3994  0.000150917139  5.24984047e-06  2.53419538e-06
 33.4301  0.000178018017  6.43339168e-06  2.94572943e-06
 33.4608  0.000232727136  8.50819077e-06  3.25971748e-06
 33.4916  0.000252454618  7.25552842e-06  3.3786012e-06
 33.5223  0.000313129661  1.37591568e-05  3.47770504e-06
 33.553  0.000306181554  1.40703296e-05  5.40907495e-06
 33.5837  0.000347629575  3.14976128e-05  7.9667527e-06
 33.6145  0.000365938688  5.13627828e-05  1.05740008e-05
 33.6452  0.000350010171  0.00133676243  1.91012657e-05
 33.6759  0.000398028632  0.00253047351  3.71708388e-05
 33.7066  0.000490627892  0.000778465877  9.57995063e-05
 33.7373  0.000508042362  0.000195116875  6.04926868e-05
 33.7681  0.000488059466  0.000292803644  0.000225746154
 33.7988  0.000421131578  0.000491960996  0.000320181804
 33.8295  0.000305500599  0.000340605472  4.44657425e-05
 33.8602  0.000251404519  4.49717099e-05  5.47513529e-06
 33.891  0.000222364388  1.62970443e-05  4.76834076e-06
 33.9217  0.000215083533  1.17884329e-05  6.85035597e-06
 33.9524  0.00022457503  1.06117555e-05  8.91099297e-06
 33.9831  0.0002275037  5.85474724e-06  5.5987852e-06
 34.0138  0.0002439162  6.22562007e-06  5.9112482e-06
 34.0446  0.000220439551  7.40256535e-06  1.11680066e-05
 34.0753  0.000221229109  5.67901484e-06  7.73509588e-06
 34.106  0.000246475723  5.25670496e-06  6.02444961e-06
 34.1367  0.000272026779  6.54020995e-06  9.46267372e-06
 34.1675  0.000312648618  7.22062848e-06  9.24004132e-06
 34.1982  0.000346921312  7.28706945e-06  1.03384078e-05
 34.2289  0.00031151669  8.89435938e-06  1.0550092e-05
 34.2596  0.000250382315  7.45476656e-06  8.40873914e-06
 34.2903  0.000195833275  9.66242043e-06  1.18237025e-05
 34.3211  0.000145230092  8.85368089e-06  1.11021122e-05
 34.3518  0.000139773356  8.17592063e-06  1.11909804e-05
 34.3825  0.000155092995  1.02807503e-05  1.22650637e-05
 34.4132  0.000126862771  8.54536199e-06  1.01544956e-05
 34.444  0.00012360138  1.01307606e-05  1.3357891e-05
 34.4747  0.000136630362  1.09691971e-05  1.43543693e-05
 34.5054  0.000149772993  1.10554143e-05  1.60429333e-05
 34.5361  0.000171087065  1.40499873e-05  1.89165658e-05
 34.5668  0.00019776948  1.45430606e-05  2.27682008e-05
 34.5976  0.000189892377  1.73237802e-05  2.02958609e-05
 34.6283  0.000211927159  2.24168416e-05  1.96856901e-05
 34.659  0.000218346487  1.82376486e-05  1.38949258e-05
 34.6897  0.000224299905  1.94997121e-05  1.56867956e-05
 34.7205  0.000217682635  2.01135769e-05  1.57629251e-05
 34.7512  0.000199076919  1.6865321e-05  1.59829922e-05
 34.7819  0.00021534546  1.60452347e-05  1.78073434e-05
 34.8126  0.000188190958  1.37828888e-05  1.47718948e-05
 34.8434  0.000218036868  1.88058256e-05  1.64748584e-05
 34.8741  0.000211130379  1.45182268e-05  1.59662821e-05
 34.9048  0.000183120973  1.21458178e-05  1.58248193e-05
 34.9355  0.000179377678  1.22011585e-05  1.33023044e-05
 34.9662  0.00018294704  1.26174293e-05  1.25746272e-05
 34.997  0.000169553895  1.05748702e-05  1.39444006e-05
 35.0277  0.000176281833  9.58021194e-06  1.29351018e-05
 35.0584  0.000172213958  1.18516887e-05  9.5588221e-06
 35.0891  0.000226370841  4.09090193e-05  9.63361399e-06
 35.1199  0.000276154325  4.95822506e-05  1.18537528e-05
 35.1506  0.000320653251  5.73068741e-05  2.41000298e-05
 35.1813  0.000374659855  0.000137568807  5.54466031e-05
 35.212  0.000296712945  7.11869645e-05  1.67997777e-05
 35.2427  0.000280014785  3.58884145e-05  9.36445536e-06
 35.2735  0.000262859763  1.88297816e-05  9.40763053e-06
 35.3042  0.000281293385  1.81897572e-05  8.47732582e-06
 35.3349  0.000264917783  1.29666974e-05  6.95245137e-06
 35.3656  0.000294734596  1.39827797e-05  8.78529758e-06
 35.3964  0.00029793533  1.49357436e-05  7.65487735e-06
 35.4271  0.000293264288  1.80152036e-05  9.29439995e-06
 35.4578  0.000314120166  1.58779056e-05  8.37908377e-06
 35.4885  0.000371277201  1.46184189e-05  7.62679479e-06
 35.5192  0.000396905953  1.72918441e-05  1.11357569e-05
 35.55  0.000383265177  1.72579622e-05  8.33188708e-06
 35.5807  0.000367041982  2.16992492e-05  9.0981328e-06
 35.6114  0.000376234245  2.60422697e-05  1.16060738e-05
 35.6421  0.000386435909  2.01441853e-05  1.07823326e-05
 35.6729  0.00041701265  2.41189256e-05  1.38423509e-05
 35.7036  0.000362169694  4.08373482e-05  1.40502366e-05
 35.7343  0.000369514653  2.55796241e-05  1.50607049e-05
 35.765  0.000356227602  2.59734075e-05  1.38115244e-05
 35.7958  0.000359681292  5.13656955e-05  1.83400401e-05
 35.8265  0.000394666683  7.06217142e-05  1.5109184e-05
 35.8572  0.000386685786  5.72947963e-05  1.96474973e-05
 35.8879  0.000386561722  5.00941723e-05  1.36011522e-05
 35.9186  0.00039180835  4.06440791e-05  2.05247324e-05
 35.9494  0.000368558643  3.20118307e-05  2.06690561e-05
 35.9801  0.000321278379  2.5940316e-05  1.91623474e-05
 36.0108  0.000286409841  2.77691055e-05  1.44905999e-05
 36.0415  0.00029230109  2.25232109e-05  1.14998164e-05
 36.0723  0.000309970481  3.2319101e-05  8.56990707e-06
 36.103  0.000323368779  4.0857853e-05  1.94895243e-05
 36.1337  0.000333575158  5.36059319e-05  2.61981265e-05
 36.1644  0.000356757418  0.000140625603  2.96522576e-05
 36.1951  0.000379362291  0.000350979734  4.65985042e-05
 36.2259  0.000447182455  0.000108143526  2.27079316e-05
 36.2566  0.000409625011  2.68972099e-05  1.14227005e-05
 36.2873  0.000423989536  2.59927653e-05  1.33824567e-05
 36.318  0.000469973404  2.31397229e-05  9.16025101e-06
 36.3488  0.000428277849  2.48828247e-05  8.17812889e-06
 36.3795  0.000429067679  1.44498224e-05  7.3965642e-06
 36.4102  0.000346684716  0.000125630677  0.000122441149
 36.4409  0.000265759298  7.90971546e-05  7.50088014e-05
 36.4716  0.000230213983  8.61194901e-06  5.83396805e-06
 36.5024  0.000265220867  6.90409377e-06  6.04794469e-06
 36.5331  0.000304115203  1.23012764e-05  5.83280386e-06
 36.5638  0.000320792083  2.0778072e-05  6.20018376e-06
 36.5945  0.000322527919  1.3216683e-05  5.33136586e-06
 36.6253  0.000334485327  0.000125185124  0.000108450183
 36.656  0.000362015683  0.000206039047  0.000173743845
 36.6867  0.000408227688  0.000154017651  0.000101271251
 36.7174  0.000363324832  0.00021510055  0.000134778554
 36.7481  0.000354268668  0.000121524397  6.73518655e-05
 36.7789  0.000346795029  0.000125863621  5.20889629e-05
 36.8096  0.000368263134  0.000323890117  0.000401136555
 36.8403  0.000392980549  0.000728327892  0.00126334123
 36.871  0.000365446183  0.000108234941  0.000725946151
 36.9018  0.000347533256  3.30378614e-05  0.000146396772
 36.9325  0.000332494684  3.08207625e-05  1.35582508e-05
 36.9632  0.000337391448  0.000111611508  8.58244613e-05
 36.9939  0.000351126729  0.000188523324  0.000309000416
 37.0247  0.000438138784  0.000113725497  0.000665975612
 37.0554  0.000426726719  0.000130614679  0.000685281184
 37.0861  0.000495311705  7.53810564e-05  5.43483905e-05
 37.1168  0.000582770615  0.000311255824  0.000175159156
 37.1475  0.000561431334  0.000318306168  0.000180157158
 37.1783  0.000562111179  0.000387067971  0.000207670339
 37.209  0.00056012073  0.000295482074  0.000181419788
 37.2397  0.000560463726  0.000192721375  0.00014977517
 37.2704  0.000600785293  0.0364564764  0.0119385327
 37.3012  0.000637414078  0.045344171  0.0148317652
 37.3319  0.000579558495  7.24796026e-05  5.26277188e-05
 37.3626  0.000595141876  4.00376295e-05  4.65844827e-05
 37.3933  0.000655861787  4.70260848e-05  5.58204104e-05
 37.424  0.000594643512  4.44406791e-05  6.33891128e-05
 37.4548  0.000510394895  4.13289388e-05  6.71075674e-05
 37.4855  0.000428998197  2.9232509e-05  5.67601938e-05
 37.5162  0.000352648101  2.30475473e-05  5.97336779e-05
 37.5469  0.000325832912  1.90802114e-05  4.47459783e-05
 37.5777  0.000317349035  2.30669058e-05  5.15256141e-05
 37.6084  0.000311874837  1.88085463e-05  4.83923967e-05
 37.6391  0.000294243704  1.5481153e-05  3.44706194e-05
 37.6698  0.000322648334  2.33219235e-05  3.11368845e-05
 37.7005  0.00028848973  1.95928755e-05  2.34577038e-05
 37.7313  0.000285566103  3.03528628e-05  1.6409892e-05
 37.762  0.000389998585  4.85544868e-05  1.57053481e-05
 37.7927  0.00047834472  6.4417654e-05  1.53467753e-05
 37.8234  0.000537783903  9.07972747e-05  1.94588143e-05
 37.8542  0.00058880716  0.000191219389  5.72378756e-05
 37.8849  0.000693827268  0.000547350535  0.000205530703
 37.9156  0.00120551886  0.00230337018  0.00066145735
 37.9463  0.00100958829  0.00106618716  0.000282211903
 37.9771  0.000825212282  0.000171941936  3.90951425e-05
 38.0078  0.000791907383  7.12404137e-05  3.54485258e-05
 38.0385  0.000796170858  5.97999987e-05  3.2500691e-05
 38.0692  0.00079960607  7.64507154e-05  3.18446771e-05
 38.0999  0.000575375608  5.37919601e-05  2.32040859e-05
 38.1307  0.000472258844  3.60649397e-05  1.45074788e-05
 38.1614  0.000424035167  3.38173142e-05  1.14136195e-05
 38.1921  0.00043040818  4.35689748e-05  1.11464439e-05
 38.2228  0.000427171212  4.2148673e-05  1.22843018e-05
 38.2536  0.000519611759  6.25213784e-05  2.14501423e-05
 38.2843  0.000588565875  6.55968575e-05  1.7597788e-05
 38.315  0.000590480034  7.24977409e-05  1.99367494e-05
 38.3457  0.000541017162  6.38653266e-05  2.29382189e-05
 38.3764  0.000578566586  4.53509051e-05  2.24117829e-05
 38.4072  0.000555622166  3.67375149e-05  2.62860575e-05
 38.4379  0.000538865603  3.44697934e-05  2.8473072e-05
 38.4686  0.000529660152  4.5554792e-05  3.17171907e-05
 38.4993  0.000540165624  6.71711529e-05  4.2857466e-05
 38.5301  0.00058334748  7.36440402e-05  2.4454712e-05
 38.5608  0.000654083765  8.85540254e-05  5.19146769e-05
 38.5915  0.000666125332  6.31067644e-05  2.81085629e-05
 38.6222  0.000649101093  6.7672375e-05  2.68339107e-05
 38.6529  0.000749103322  0.000103829512  2.80163976e-05
 38.6837  0.000789148775  0.000144568798  2.9299668e-05
 38.7144  0.000864805163  0.000229437499  4.59579932e-05
 38.7451  0.000930318954  0.000214519317  8.0514179e-05
 38.7758  0.000942880413  9.93961957e-05  3.33033141e-05
 38.8066  0.00115539942  5.96600935e-05  2.94185244e-05
 38.8373  0.00128764789  4.84575857e-05  2.91648564e-05
 38.868  0.00121393763  6.03776789e-05  3.06548971e-05
 38.8987  0.0010345904  5.87841501e-05  2.10799556e-05
 38.9295  0.000827540736  6.09936438e-05  3.87775877e-05
 38.9602  0.000762311868  4.51365765e-05  2.57394168e-05
 38.9909  0.000751919094  5.16010079e-05  3.57501917e-05
 39.0216  0.000729394577  3.68304261e-05  3.47179364e-05
 39.0523  0.000702945623  4.12436467e-05  3.4921433e-05
 39.0831  0.000619188814  3.47302696e-05  3.35257336e-05
 39.1138  0.000571408662  3.38949394e-05  2.21256556e-05
 39.1445  0.000489491548  3.32850789e-05  2.70723331e-05
 39.1752  0.000426359931  1.75973327e-05  1.9210612e-05
 39.206  0.0003766498  1.90269998e-05  2.18483586e-05
 39.2367  0.000351189893  1.84416801e-05  2.18821764e-05
 39.2674  0.000371217596  1.32093455e-05  1.83729501e-05
 39.2981  0.0004017607  1.29424987e-05  1.69959395e-05
 39.3288  0.000432620053  1.24393583e-05  1.6033309e-05
 39.3596  0.000455156785  1.34320157e-05  1.38733161e-05
 39.3903  0.000499998059  1.57749891e-05  9.77148971e-06
 39.421  0.000485467077  1.07472633e-05  1.13841351e-05
 39.4517  0.000473503186  1.05347113e-05  1.73674486e-05
 39.4825  0.000491902402  7.85785085e-06  1.67408046e-05
 39.5132  0.000530224439  7.27034308e-06  1.78572885e-05
 39.5439  0.000579061727  8.91777777e-06  1.86601997e-05
 39.5746  0.000586673994  1.89139702e-05  2.43793064e-05
 39.6053  0.0006485291  1.94342282e-05  2.74127622e-05
 39.6361  0.000676704865  2.12360169e-05  3.13941924e-05
 39.6668  0.000689645575  2.44914737e-05  3.55706365e-05
 39.6975  0.000708412775  2.79641609e-05  3.99284759e-05
 39.7282  0.000844245085  2.51781777e-05  2.18955372e-05
 39.759  0.0010551914  3.75013624e-05  1.9482356e-05
 39.7897  0.00149625847  5.48794999e-05  2.90411667e-05
 39.8204  0.00180184923  6.12196196e-05  2.9598983e-05
 39.8511  0.00205732947  6.39330364e-05  2.52998317e-05
 39.8818  0.00235965728  8.95719449e-05  5.54754908e-05
 39.9126  0.00250107755  8.4568006e-05  4.42753959e-05
 39.9433  0.00261360442  9.36545235e-05  3.7898703e-05
 39.974  0.00242635753  8.45299037e-05  4.57896452e-05
 40.0047  0.0022322076  7.74639137e-05  6.05096696e-05
 40.0355  0.00210000271  6.73899293e-05  3.96194352e-05
 40.0662  0.00208879602  8.17106842e-05  3.56000443e-05
 40.0969  0.00215909102  0.000108215343  8.08766142e-05
 40.1276  0.00225438045  0.000111950475  5.91112434e-05
 40.1584  0.00234777829  0.000120885311  8.51124079e-05
 40.1891  0.00246862404  9.69884264e-05  6.59233322e-05
 40.2198  0.00234637208  8.63271105e-05  4.88699222e-05
 40.2505  0.00240656002  0.000131823897  3.54988124e-05
 40.2812  0.00285615094  0.000163295068  4.61614314e-05
 40.312  0.00335578793  0.000223504024  6.9592968e-05
 40.3427  0.00412026189  0.000286514147  5.92176117e-05
 40.3734  0.00529196815  0.00040460913  5.90622604e-05
 40.4041  0.00746085722  0.000858853947  0.000115866286
 40.4349  0.00662503056  0.00071773571  0.000111192409
 40.4656  0.00625213162  0.00175003916  0.00021835332
 40.4963  0.0067725553  0.00680549036  0.00269060121
 40.527  0.00777949695  0.0108300685  0.00484742747
 40.5577  0.00760796386  0.00562236828  0.00156083381
 40.5885  0.00755089366  0.00156698328  0.000371673566
 40.6192  0.00723257271  0.000746691692  0.000114664619
 40.6499  0.00681792309  0.000735241083  0.000104259848
 40.6806  0.00628180444  0.000689530093  0.000112574447
 40.7114  0.00547688723  0.000524888633  8.27727902e-05
 40.7421  0.00517799591  0.000368447029  6.26192049e-05
 40.7728  0.00513133048  0.000312887726  5.94642392e-05
 40.8035  0.0052777703  0.000339004376  6.65343728e-05
 40.8342  0.00616646362  0.000393760961  6.40159451e-05
 40.865  0.00788513799  0.000697883332  0.000147558117
 40.8957  0.00983112622  0.00161859732  0.000455919486
 40.9264  0.012659814  0.00216329021  0.000351076156
 40.9571  0.016733007  0.00263526579  0.000212593668
 40.9879  0.0195941683  0.00411802249  0.000463468065
 41.0186  0.0206602729  0.00518859834  0.000752219806
 41.0493  0.0201349338  0.00569962574  0.00111239964
 41.08  0.0214642302  0.0040281467  0.000508345509
 41.1108  0.0242513951  0.00406351105  0.000283796024
 41.1415  0.0293977986  0.0061792516  0.000740439996
 41.1722  0.0329271846  0.00871560955  0.00262065678
 41.2029  0.0317020818  0.0133884021  0.00581764529
 41.2336  0.0267596147  0.01701687  0.00582112369
 41.2644  0.0218084676  0.0088252292  0.00218224409
 41.2951  0.0188683797  0.00584519691  0.00116852878
 41.3258  0.0174195074  0.00338005955  0.000268956373
 41.3565  0.0168660428  0.00330699688  0.000263618422
 41.3873  0.0176055577  0.00334622388  0.000271006029
 41.418  0.020077166  0.00393709218  0.000363184036
 41.4487  0.0276376889  0.00597615208  0.000380649683
 41.4794  0.035255263  0.00800387543  0.000477230571
 41.5101  0.0502146363  0.0109030108  0.000573936121
 41.5409  0.0692515381  0.0169595388  0.000747048931
 41.5716  0.0726312931  0.0267877958  0.000981813423
 41.6023  0.0767262075  0.0220719975  0.000858489135
 41.633  0.0752562405  0.0236827175  0.000895492357
 41.6638  0.0826484081  0.0239029127  0.00093898001
 41.6945  0.0993220758  0.0247232017  0.000936147575
 41.7252  0.110016843  0.0337765523  0.0010660838
 41.7559  0.10939637  0.0368192348  0.00110293391
 41.7866  0.105863378  0.0381163378  0.00116469653
 41.8174  0.114408418  0.0378380933  0.00116661406
 41.8481  0.120350804  0.0376913146  0.00113974815
 41.8788  0.12087184  0.0449512615  0.00126929649
 41.9095  0.1260474  0.0688356191  0.00175022202
 41.9403  0.133883281  0.0612953156  0.00169879785
 41.971  0.11671293  0.0675342587  0.00178933142
 42.0017  0.0925482552  0.0611958615  0.0016976487
 42.0324  0.0686835154  0.0383909284  0.00140202604
 42.0631  0.0705396245  0.0336706605  0.00151492027
 42.0939  0.0683875795  0.0456106911  0.00484095543
 42.1246  0.0584506416  0.0315693037  0.0033934436
 42.1553  0.0513734981  0.0277949776  0.00252974387
 42.186  0.0391171174  0.0254066283  0.00273994152
 42.2168  0.0324402123  0.0281870055  0.00677984778
 42.2475  0.0292970171  0.0291500171  0.0169493635
 42.2782  0.0311398344  0.0152140649  0.00548361768
 42.3089  0.02858259  0.0144504563  0.00500011748
 42.3397  0.0228173665  0.00729159005  0.00141585729
 42.3704  0.0234678481  0.00574470527  0.000947642037
 42.4011  0.0267294569  0.00948465449  0.00115941265
 42.4318  0.0250857061  0.0111503414  0.00105403329
 42.4625  0.0211859273  0.00928848484  0.000834184361
 42.4933  0.0172296751  0.00558128771  0.0004896326
 42.524  0.01617591  0.00411790392  0.000423827043
 42.5547  0.0156198276  0.00314576433  0.000524443335
 42.5854  0.0148454192  0.0026638581  0.000299904403
 42.6162  0.0156601712  0.00235920481  0.000298633419
 42.6469  0.0175430274  0.00238037595  0.000293648766
 42.6776  0.0172566894  0.0025314637  0.000365690315
 42.7083  0.0155954928  0.00269459698  0.000478679521
 42.739  0.0158646732  0.00267477569  0.000402024285
 42.7698  0.0164185294  0.0022082894  0.000339643952
 42.8005  0.0178126997  0.0022817661  0.00025667212
 42.8312  0.0184310486  0.0024629513  0.000266723489
 42.8619  0.0182376684  0.00278656986  0.000273816791
 42.8927  0.0182902695  0.00351401298  0.000309468406
 42.9234  0.0204229829  0.00372415984  0.000402060133
 42.9541  0.0206444035  0.00379711609  0.00038875751
 42.9848  0.0217433571  0.00375810202  0.000344636844
 43.0155  0.0222815468  0.00433157278  0.000350136716
 43.0463  0.0216494621  0.00487922206  0.000348397933
 43.077  0.0194598513  0.0041558371  0.000334696063
 43.1077  0.0216285317  0.003728199  0.000320854231
 43.1384  0.0216481796  0.00487043715  0.000346829491
 43.1692  0.0215770368  0.00525995393  0.000387540773
 43.1999  0.0229124653  0.00529645163  0.0004343963
 43.2306  0.0270955612  0.00632842521  0.000489897003
 43.2613  0.0355132956  0.00807426284  0.000585867012
 43.2921  0.0385696498  0.00988011879  0.000707872887
 43.3228  0.0376038428  0.00979818309  0.000639776739
 43.3535  0.0397975412  0.00915263138  0.000632627057
 43.3842  0.0474324554  0.00987017288  0.000683210903
 43.4149  0.053837056  0.0119154731  0.000930044755
 43.4457  0.0408020406  0.0107303313  0.000689430257
 43.4764  0.0390452493  0.00917417587  0.000670397218
 43.5071  0.0377951361  0.00989123684  0.00082236717
 43.5378  0.0378358551  0.012105935  0.000933363621
 43.5686  0.0387798937  0.0127070611  0.00100807696
 43.5993  0.034575432  0.0124170674  0.00114750226
 43.63  0.0406887745  0.0117106349  0.00141835997
 43.6607  0.0415807169  0.0123985082  0.00216501435
 43.6914  0.0423121078  0.0131248123  0.00230628673
 43.7222  0.0373312684  0.0104853465  0.00228159743
 43.7529  0.0188912516  0.0044471205  0.00235928216
 43.7836  0.0187608406  0.00636380296  0.00360246703
 43.8143  0.0175619994  0.00765308898  0.00389930946
 43.8451  0.014419601  0.00630236528  0.0036397663
 43.8758  0.0114582463  0.00422757484  0.00148248562
 43.9065  0.0119874525  0.00583512848  0.00124553292
 43.9372  0.0125511264  0.00713254774  0.00194132829
 43.9679  0.0107485211  0.00784703332  0.00478939927
 43.9987  0.00874941128  0.00637067644  0.00551876225
 44.0294  0.00691907337  0.0059650572  0.00467958309
 44.0601  0.00743584294  0.0110567964  0.0089878987
 44.0908  0.00866907314  0.0151638666  0.011159012
 44.1216  0.00857085502  0.00606522134  0.00491873938
 44.1523  0.0081833164  0.013762686  0.0115378439
 44.183  nan  nan  nan
 44.2137  nan  nan  nan
 44.2444  nan  nan  nan
 44.2752  nan  nan  nan
 44.3059  nan  nan  nan
 44.3366  nan  nan  nan
 44.3673  nan  nan  nan
 44.3981  nan  nan  nan
 44.4288  nan  nan  nan
 44.4595  nan  nan  nan
 44.4902  0.0244844296  0.14764024  0.0203979854
 44.521  0.0102353903  0.00277162095  0.00133366901
 44.5517  0.0054353049  0.00155926226  0.001010293
 44.5824  0.00526346787  0.001197588  0.000979147405
 44.6131  0.0055475123  0.00177355476  0.00118703144
 44.6438  0.00508670012  0.00210475413  0.00124519142
 44.6746  0.00439806555  0.00218938527  0.0013542604
 44.7053  0.00376059467  0.00206388581  0.00144815326
 44.736  0.0033092236  0.0014585487  0.00114024976
 44.7667  0.00366048794  0.000609787336  0.000491267074
 44.7975  0.00347350025  0.000738646756  0.000646761306
 44.8282  nan  nan  nan
 44.8589  0.00186514505  0.00136554317  0.000981584788
 44.8896  0.00162778288  0.0012474639  0.000846636369
 44.9203  0.00173571296  0.00110024768  0.000647698029
 44.9511  0.00255395406  0.00200335394  0.001478544
 44.9818  nan  nan  nan
 45.0125  nan  nan  nan
 45.0432  nan  nan  nan
 45.074  nan  nan  nan
 45.1047  nan  nan  nan
 45.1354  nan  nan  nan
 45.1661  nan  nan  nan
 45.1968  0.00155230844  0.218141396  0.0254063386
 45.2276  0.00140037003  0.0261030529  0.00552169349
 45.2583  nan  nan  nan
