# X (m) TKE_avg epsilon_turb_pw_avg_Y_avg epsilon_pw_avg_Y_avg
 33.0307  0.000150698997  0.0636807159  0.00551246567
 33.0614  9.83998153e-05  0.0025789728  0.000340492553
 33.0921  0.000115980019  0.000531276486  7.34844175e-05
 33.1228  0.00010710879  1.09725444e-05  4.27492361e-06
 33.1535  0.000122399847  1.49515006e-05  5.34727061e-06
 33.1843  0.000185219024  7.88194898e-05  1.55676084e-05
 33.215  0.000171430848  2.14357957e-05  7.86487377e-06
 33.2457  0.000229065118  0.000467172827  0.000175839841
 33.2764  0.000231428971  0.000165327236  6.08046469e-05
 33.3071  0.00026135967  0.000158295337  5.13791378e-05
 33.3378  0.000204140202  1.5608605e-05  8.29678951e-06
 33.3685  0.000148723244  9.19089068e-06  5.27085864e-06
 33.3992  0.000140702289  1.64785659e-05  5.45411457e-06
 33.4299  0.000152978998  2.02492839e-05  5.93715528e-06
 33.4606  0.000153748142  1.19748557e-05  3.4925322e-06
 33.4913  0.000188020716  1.08389201e-05  3.67041688e-06
 33.5221  0.000191130162  7.51398261e-06  4.25524053e-06
 33.5528  0.000253416658  9.06745547e-06  5.57762811e-06
 33.5835  0.000288636944  7.51482559e-06  4.33328025e-06
 33.6142  0.000314271941  1.59999854e-05  4.69918605e-06
 33.6449  0.000295057563  0.000165474916  2.04085659e-05
 33.6756  0.000308215403  0.000341017793  3.56696812e-05
 33.7063  0.000369892725  0.000890743628  3.17201012e-05
 33.737  0.000389486956  0.000332205473  1.60830272e-05
 33.7677  0.0004237734  5.41093429e-05  3.93840926e-05
 33.7984  0.000397403723  6.04690129e-05  5.22736564e-05
 33.8291  0.000314881506  2.53865819e-05  1.19842263e-05
 33.8599  0.000260061214  2.09446495e-05  3.80553576e-06
 33.8906  0.00022865832  1.36173605e-05  2.42504912e-06
 33.9213  0.000220821042  8.20031467e-06  1.98233874e-06
 33.952  0.000223289977  6.34717467e-06  2.10545062e-06
 33.9827  0.000243458311  6.98235052e-06  2.40598217e-06
 34.0134  0.000267203549  5.84314537e-06  2.15153955e-06
 34.0441  0.00022340548  4.51054476e-06  2.330667e-06
 34.0748  0.000231834933  9.87938526e-06  2.94733875e-06
 34.1055  0.000263149641  1.01393283e-05  2.85374291e-06
 34.1362  0.000283112749  5.31359757e-06  2.95747829e-06
 34.1669  0.000313077513  4.76966087e-06  3.37893151e-06
 34.1977  0.000303233215  6.43900814e-06  3.88181194e-06
 34.2284  0.000247176661  5.44584962e-06  3.63900285e-06
 34.2591  0.000168206775  4.19297388e-06  4.71123503e-06
 34.2898  0.000105671846  2.63298454e-06  4.06716553e-06
 34.3205  0.000105270801  3.33264024e-06  3.8983195e-06
 34.3512  9.29044944e-05  2.58750979e-06  3.26269991e-06
 34.3819  8.48112099e-05  4.00842512e-06  6.37342586e-06
 34.4126  9.50404586e-05  4.33914302e-06  6.59719041e-06
 34.4433  9.77759249e-05  3.83779213e-06  5.98946229e-06
 34.474  9.94776272e-05  3.70064654e-06  5.25792232e-06
 34.5047  9.2139412e-05  3.67456224e-06  4.79364795e-06
 34.5355  8.8387908e-05  2.73607997e-06  4.77651281e-06
 34.5662  9.04059811e-05  2.66890407e-06  6.39198767e-06
 34.5969  0.000105725604  3.57843377e-06  5.67774475e-06
 34.6276  0.000102079309  3.86441069e-06  6.41842396e-06
 34.6583  0.000114011385  4.47401318e-06  4.98223787e-06
 34.689  0.000118069148  7.25771847e-06  8.12639725e-06
 34.7197  0.000118177585  7.50056119e-06  1.01430773e-05
 34.7504  0.000117666233  9.51396602e-06  1.26004343e-05
 34.7811  0.00011657817  1.14433422e-05  1.52926216e-05
 34.8118  0.000107734624  8.14607584e-06  1.1762705e-05
 34.8425  0.000124995103  7.84919058e-06  1.2215579e-05
 34.8732  0.000130181389  4.98374899e-06  8.94196839e-06
 34.904  0.000124544353  6.80309182e-06  1.19701637e-05
 34.9347  0.000124913524  5.24592371e-06  9.68527554e-06
 34.9654  0.000135034712  6.02863698e-06  1.24522447e-05
 34.9961  0.00013270404  5.8195955e-06  1.08273801e-05
 35.0268  0.000160642079  8.19169756e-06  1.22098018e-05
 35.0575  0.000204882821  1.52173835e-05  1.40353477e-05
 35.0882  0.000307395578  5.92731297e-05  1.23351682e-05
 35.1189  0.000412009007  8.68445391e-05  1.6852113e-05
 35.1496  0.000528591701  8.27396891e-05  5.74960896e-05
 35.1803  0.000479264145  8.45651235e-05  0.000212731811
 35.211  0.000432691921  5.14767842e-05  4.08359183e-05
 35.2418  0.000370455504  3.05857121e-05  2.28621546e-05
 35.2725  0.00033695795  1.7960228e-05  1.80670167e-05
 35.3032  0.00034362927  1.85378449e-05  1.80427276e-05
 35.3339  0.000331164163  1.69692361e-05  1.66719529e-05
 35.3646  0.00031246379  1.46435055e-05  1.64474852e-05
 35.3953  0.000340536329  1.66993826e-05  1.47291897e-05
 35.426  0.000361447809  2.04359606e-05  1.29915024e-05
 35.4567  0.000414859313  2.1313742e-05  1.2890842e-05
 35.4874  0.000409212289  1.48674182e-05  1.09830687e-05
 35.5181  0.000426148832  1.93870736e-05  1.15871807e-05
 35.5488  0.000424135734  3.19589692e-05  1.37702306e-05
 35.5796  0.000371414095  2.8697017e-05  1.4231479e-05
 35.6103  0.000370360028  2.70695837e-05  1.43001491e-05
 35.641  0.000391852421  3.29713529e-05  1.17546655e-05
 35.6717  0.000410583803  4.32470866e-05  8.73542841e-06
 35.7024  0.00041425251  3.38515487e-05  8.00789023e-06
 35.7331  0.00044086335  3.68222901e-05  9.27054419e-06
 35.7638  0.00042540421  4.74686221e-05  1.07656535e-05
 35.7945  0.000420834848  5.63317622e-05  1.16014182e-05
 35.8252  0.000461624704  7.21952114e-05  1.43813958e-05
 35.8559  0.00047338735  0.000135727605  1.9140652e-05
 35.8866  0.000422934022  6.37450847e-05  1.72108136e-05
 35.9174  0.000475091733  4.19335996e-05  1.81388891e-05
 35.9481  0.000424421341  3.20713961e-05  1.40191056e-05
 35.9788  0.000376363537  3.10984857e-05  1.09701893e-05
 36.0095  0.000376257489  3.16099268e-05  1.43753226e-05
 36.0402  0.000382864011  4.44697286e-05  1.29884142e-05
 36.0709  0.000346655657  3.67147642e-05  1.12723524e-05
 36.1016  0.000342982316  3.77151292e-05  1.36749175e-05
 36.1323  0.000371507439  5.51954849e-05  1.98621838e-05
 36.163  0.000471799229  0.000207476855  3.3036529e-05
 36.1937  0.000709182675  0.000840834146  5.40759408e-05
 36.2244  0.000569679239  0.000119307103  2.02451346e-05
 36.2552  0.000580529573  5.89283562e-05  2.56624339e-05
 36.2859  0.000541104242  4.9272747e-05  2.14842344e-05
 36.3166  0.000505297361  4.59145268e-05  2.63515832e-05
 36.3473  0.000611316175  6.52502262e-05  2.53147027e-05
 36.378  0.000633646389  4.77264276e-05  1.68087275e-05
 36.4087  0.000574530721  0.000115710671  8.06784006e-05
 36.4394  0.000516825662  8.01046656e-05  5.61619138e-05
 36.4701  0.000497197045  4.03808472e-05  1.70800271e-05
 36.5008  0.000410143013  2.47142262e-05  7.25753067e-06
 36.5315  0.00036871755  4.13865687e-05  1.23107043e-05
 36.5622  0.000337309687  3.83229378e-05  1.9195129e-05
 36.593  0.000393124674  5.66046859e-05  2.43410766e-05
 36.6237  0.000422510974  7.91731771e-05  2.61326658e-05
 36.6544  0.000406569582  9.38573609e-05  2.48985969e-05
 36.6851  0.000361821694  7.82271463e-05  2.04747453e-05
 36.7158  0.000400803427  0.00010555923  2.32485903e-05
 36.7465  0.000372867978  9.45470091e-05  2.21471723e-05
 36.7772  0.000358783918  0.000104229021  2.61882276e-05
 36.8079  0.000366869318  0.000176364082  4.49451103e-05
 36.8386  0.000415736326  0.000631060513  0.000130249617
 36.8693  0.000382304732  0.00124085483  4.90240635e-05
 36.9  0.000354395397  0.000314970766  1.50396071e-05
 36.9308  0.000341911143  2.81376963e-05  9.45594184e-06
 36.9615  0.00034381675  3.33966457e-05  1.75234717e-05
 36.9922  0.000396599133  0.000152830729  4.47683763e-05
 37.0229  0.000472967044  0.000538283244  9.03669444e-05
 37.0536  0.000446493069  0.000136470263  2.76586742e-05
 37.0843  0.000485457836  6.67621146e-05  1.89427358e-05
 37.115  0.000521333829  8.06488505e-05  0.000102786531
 37.1457  0.000509660139  9.52259184e-05  0.000127065007
 37.1764  0.000414944661  0.000106685027  0.000138298046
 37.2071  0.000459928184  2.22025137e-05  2.24124011e-05
 37.2378  0.000430854878  3.45774177e-05  3.29079311e-05
 37.2686  0.000415764369  0.000122228603  5.82082792e-05
 37.2993  0.00040987963  0.000172601185  8.1240143e-05
 37.33  0.000369905593  3.45146783e-05  1.60402824e-05
 37.3607  0.000390318774  1.405942e-05  1.55031733e-05
 37.3914  0.000334387755  7.5261628e-06  1.17389333e-05
 37.4221  0.000280442234  8.21966957e-06  1.58918569e-05
 37.4528  0.000243371809  4.96131123e-06  1.01040582e-05
 37.4835  0.000226332308  8.43599447e-06  1.74742193e-05
 37.5142  0.00020460265  8.19731782e-06  1.32843591e-05
 37.5449  0.000221989401  9.1032345e-06  1.50471631e-05
 37.5756  0.000237898089  1.86901616e-05  3.06009744e-05
 37.6064  0.000218187854  1.66657234e-05  3.16792636e-05
 37.6371  0.000233426528  1.48715731e-05  3.00833302e-05
 37.6678  0.000253851307  1.10866205e-05  1.54588525e-05
 37.6985  0.00027870906  2.57656881e-05  3.20031183e-05
 37.7292  0.000302966339  2.27262218e-05  1.20207224e-05
 37.7599  0.000344033213  4.68370577e-05  2.42658079e-05
 37.7906  0.000452585863  0.000107142335  2.58213534e-05
 37.8213  0.000527416638  0.000162187853  2.81869677e-05
 37.852  0.000565587596  0.000203563239  6.22229437e-05
 37.8827  0.000652783443  0.000572591878  0.000425664221
 37.9134  0.000776052502  0.00130230337  0.00121138604
 37.9441  0.000666999794  0.000621733017  0.000575966078
 37.9749  0.000787845436  0.000120219102  7.05361018e-05
 38.0056  0.000757112871  0.000143772477  6.82796877e-05
 38.0363  0.000608731834  0.000117420866  4.53119572e-05
 38.067  0.000546058303  5.67470175e-05  3.34604905e-05
 38.0977  0.000445177706  4.47308911e-05  3.25987731e-05
 38.1284  0.00044063899  3.7889897e-05  1.96299288e-05
 38.1591  0.00048238889  2.99380701e-05  1.6532158e-05
 38.1898  0.000538050253  2.98421168e-05  1.28362988e-05
 38.2205  0.000508082914  2.8690208e-05  1.1639827e-05
 38.2512  0.000548401785  7.42840682e-05  1.77058141e-05
 38.2819  0.000600646649  7.33050991e-05  2.00873752e-05
 38.3127  0.000613094676  5.28710661e-05  2.03090168e-05
 38.3434  0.000626185079  5.66460369e-05  1.98886853e-05
 38.3741  0.000616266053  6.23139541e-05  1.88204567e-05
 38.4048  0.000566376498  4.96092712e-05  1.78352512e-05
 38.4355  0.00055919399  3.66868136e-05  1.62053534e-05
 38.4662  0.000592375603  3.2161742e-05  1.59302883e-05
 38.4969  0.00067933209  3.84938379e-05  1.75255312e-05
 38.5276  0.000761213284  5.05676821e-05  1.66543161e-05
 38.5583  0.000854021336  8.40532542e-05  1.97843848e-05
 38.589  0.00101649094  0.000101722851  2.85955874e-05
 38.6197  0.00117723554  0.000137363841  3.42674689e-05
 38.6505  0.00117559527  0.000151502639  3.29250638e-05
 38.6812  0.00101952379  0.000133753999  2.66909119e-05
 38.7119  0.0011701261  0.00016666699  3.9054312e-05
 38.7426  0.00118754471  0.000158976814  4.54183006e-05
 38.7733  0.0011184545  0.000152950492  4.97177736e-05
 38.804  0.00134281921  0.000164649425  4.81490518e-05
 38.8347  0.00133257099  0.0001134966  4.01227953e-05
 38.8654  0.00152838563  0.000140013183  4.26760981e-05
 38.8961  0.00127593322  8.85252712e-05  2.30004432e-05
 38.9268  0.001106412  7.29620412e-05  2.98582394e-05
 38.9575  0.000893645755  4.53827006e-05  2.13122749e-05
 38.9883  0.000782404464  5.41329565e-05  3.11970285e-05
 39.019  0.000692085119  4.73548585e-05  3.26733141e-05
 39.0497  0.000713585816  5.04026974e-05  3.20924869e-05
 39.0804  0.000557015328  4.84259948e-05  3.43048606e-05
 39.1111  0.000487712792  5.16066545e-05  4.02937122e-05
 39.1418  0.000536937996  4.29085587e-05  3.11762854e-05
 39.1725  0.000605270437  3.58915309e-05  2.69592753e-05
 39.2032  0.000581627083  4.36535103e-05  3.71565691e-05
 39.2339  0.000570576907  4.50536975e-05  3.79371468e-05
 39.2646  0.000509032204  3.47838728e-05  3.88563762e-05
 39.2953  0.000485787333  3.15670744e-05  4.0202937e-05
 39.3261  0.000467187893  2.44926283e-05  3.33659593e-05
 39.3568  0.000425266147  1.41207188e-05  1.70401911e-05
 39.3875  0.000409491692  4.73977883e-05  4.67494961e-05
 39.4182  0.000397986274  3.33587762e-05  5.1169228e-05
 39.4489  0.000420718583  3.1662892e-05  6.68013876e-05
 39.4796  0.000456728166  2.55673374e-05  4.05734044e-05
 39.5103  0.000476714859  4.98093726e-05  7.1926517e-05
 39.541  0.000497926298  1.45838152e-05  2.35350924e-05
 39.5717  0.000524392312  1.54985421e-05  2.04387869e-05
 39.6024  0.000572200216  3.94599002e-05  3.16183945e-05
 39.6331  0.000603546893  4.57840692e-05  3.93563497e-05
 39.6639  0.00062623606  5.17792335e-05  4.47036167e-05
 39.6946  0.000588168691  4.29479851e-05  4.52016712e-05
 39.7253  0.000613859788  2.43394193e-05  2.32795709e-05
 39.756  0.000760329761  2.90285412e-05  2.25762742e-05
 39.7867  0.00109725143  3.54868177e-05  2.30031074e-05
 39.8174  0.00149986519  4.9831959e-05  2.62273694e-05
 39.8481  0.00184879517  6.86539517e-05  3.02443882e-05
 39.8788  0.00205739871  5.76218166e-05  2.65396274e-05
 39.9095  0.00210954402  5.28064895e-05  2.7596401e-05
 39.9402  0.00200426342  4.33387015e-05  2.45543704e-05
 39.9709  0.00186423089  4.01830452e-05  2.55509205e-05
 40.0017  0.00174991272  5.08346181e-05  3.15595813e-05
 40.0324  0.00174107796  5.52327522e-05  2.66015617e-05
 40.0631  0.00197668753  6.63685014e-05  2.37132195e-05
 40.0938  0.00204931544  7.02395678e-05  3.00949595e-05
 40.1245  0.00192864434  8.3275502e-05  7.79296596e-05
 40.1552  0.00193021139  9.96169928e-05  0.000102797989
 40.1859  0.0022056646  0.000104228117  6.5682209e-05
 40.2166  0.00259825501  0.000132046901  6.26771462e-05
 40.2473  0.00305856952  0.000168040036  7.55250243e-05
 40.278  0.00388098711  0.000264679463  0.000174763848
 40.3087  0.00455559975  0.000297196129  0.000129014915
 40.3395  0.00477775065  0.000321020562  6.95315159e-05
 40.3702  0.00479953414  0.000361955178  8.43962113e-05
 40.4009  0.00496774728  0.00053193272  0.000120687701
 40.4316  0.00548697411  0.000735657749  0.000158621087
 40.4623  0.00617878211  0.000799923743  0.000184722127
 40.493  0.00650193369  0.00183833871  0.00101906139
 40.5237  0.00597416775  0.00459103721  0.00252712404
 40.5544  0.00592283213  0.00923853646  0.00329996719
 40.5851  0.00492631749  0.00168095485  0.000556605105
 40.6158  0.00442660141  0.00038649283  0.000116523247
 40.6465  0.00477432291  0.000395218268  0.000140729077
 40.6773  0.0054201564  0.000411078521  0.000121203227
 40.708  0.00568804225  0.000333240134  9.20485902e-05
 40.7387  0.00637422272  0.000327076769  0.0001001236
 40.7694  0.00771421327  0.000375665666  0.000101768772
 40.8001  0.00869168918  0.000633980573  0.000206622643
 40.8308  0.00970446702  0.000799002985  0.000164382898
 40.8615  0.011517775  0.00113993428  0.000429498133
 40.8922  0.0128981407  0.00229816218  0.00233267619
 40.9229  0.015793864  0.00236408653  0.00118095363
 40.9536  0.0163086867  0.00256396765  0.000386632741
 40.9843  0.0157233891  0.00304099929  0.00102215016
 41.015  0.015678778  0.00348563061  0.00159258022
 41.0458  0.0166197067  0.0054205202  0.00149246329
 41.0765  0.0191209337  0.00418846146  0.00116078666
 41.1072  0.0211853377  0.00365398319  0.000659527
 41.1379  0.0236785103  0.00520373729  0.000886873644
 41.1686  0.024302443  0.00739071665  0.00134227377
 41.1993  0.0213517816  0.00785204759  0.00103666992
 41.23  0.0183262279  0.00392341924  0.00139553919
 41.2607  0.0154983733  0.00346857604  0.00162639323
 41.2914  0.013221917  0.0020749306  0.000648383015
 41.3221  0.0119508319  0.00153541457  0.000171430519
 41.3528  0.0112808313  0.00155697467  0.000154358992
 41.3836  0.0108520533  0.00152947089  0.000153162401
 41.4143  0.0124469199  0.00225978147  0.000172959129
 41.445  0.0170242515  0.00278780937  0.000225794228
 41.4757  0.0228806378  0.00400410413  0.000301005433
 41.5064  0.028528751  0.00569271347  0.000394805289
 41.5371  0.0345838414  0.00758465252  0.000471271766
 41.5678  0.0386185579  0.00910201337  0.000514196799
 41.5985  0.0441840933  0.00983232362  0.00050883075
 41.6292  0.0491512992  0.0100799949  0.00051154487
 41.6599  0.0540976945  0.0106995733  0.000559000076
 41.6906  0.0609048652  0.0125076458  0.000674266899
 41.7214  0.0702263263  0.0158423615  0.00086910488
 41.7521  0.0656079347  0.0168317692  0.000810030488
 41.7828  0.0592474367  0.0174849207  0.000769887405
 41.8135  0.054575702  0.0162764006  0.000701213519
 41.8442  0.0537352756  0.0143209606  0.000648084891
 41.8749  0.0582903663  0.0140941148  0.000660484768
 41.9056  0.0638417327  0.0131709033  0.000679410624
 41.9363  0.0797824024  0.0198995313  0.000899451345
 41.967  0.0893739897  0.0253653529  0.00105368502
 41.9977  0.0906202329  0.0291142447  0.00105015335
 42.0284  0.0857773188  0.0316768944  0.0010498864
 42.0592  0.0839401349  0.0292654489  0.00243901507
 42.0899  0.0926353192  0.153819597  0.0419863775
 42.1206  0.0966717234  0.0978362216  0.0220916929
 42.1513  0.0888761442  0.0316445559  0.00118139769
 42.182  0.0778716351  0.0236873959  0.000859911249
 42.2127  0.0827115099  0.0261093157  0.00118261987
 42.2434  0.0919860501  0.0368989234  0.00220048354
 42.2741  0.0989307012  0.0679117856  0.00322880765
 42.3048  0.0873296969  0.0605770097  0.00288852436
 42.3355  0.0811408375  0.0417063389  0.0015766628
 42.3662  0.0725851459  0.0281229571  0.00100241652
 42.397  0.0645330452  0.0245852127  0.00111687036
 42.4277  0.0636179117  0.032171488  0.00118180272
 42.4584  0.0549353871  0.0284660378  0.00129286079
 42.4891  0.0501575614  0.0247051347  0.00150829843
 42.5198  0.0363647247  0.0184141097  0.00163116516
 42.5505  0.0321925668  0.0142345572  0.00204395256
 42.5812  0.0348142062  0.0163333483  0.00205595897
 42.6119  0.0355685475  0.012901785  0.00203314795
 42.6426  0.0318074059  0.00818568428  0.00169496468
 42.6733  0.0294828631  0.00681720715  0.00155172353
 42.704  0.0283508886  0.00767807582  0.00147931631
 42.7348  0.0269383922  0.0076750852  0.00150543161
 42.7655  0.0318228841  0.00822260425  0.00152611427
 42.7962  0.0264541572  0.00628012136  0.0013386359
 42.8269  0.0232315404  0.00561948369  0.00107359559
 42.8576  0.0223642538  0.00592588371  0.000933113155
 42.8883  0.0220195956  0.0059456347  0.000939020437
 42.919  0.0195420575  0.0100055355  0.000803807931
 42.9497  0.0159223962  0.0062272587  0.000520726965
 42.9804  0.0138637348  0.00272821328  0.000289630718
 43.0111  0.0133432364  0.00199090597  0.000304492
 43.0418  0.0120818102  0.00199662654  0.000268067893
 43.0726  0.0126028963  0.0018203828  0.000236869255
 43.1033  0.014029574  0.00191846522  0.000259670448
 43.134  0.0137196073  0.00226234181  0.000231547052
 43.1647  0.0138099319  0.00245941701  0.000256026147
 43.1954  0.0165076499  0.00263060023  0.000326634127
 43.2261  0.0212500421  0.00355398146  0.00038877661
 43.2568  0.0230473934  0.00410540339  0.000384467779
 43.2875  0.0249305263  0.00431491117  0.000489980693
 43.3182  0.0274116546  0.0048964999  0.000503629171
 43.3489  0.029715269  0.0054763991  0.000479388484
 43.3796  0.029713656  0.00549402671  0.000480667915
 43.4104  0.0274141491  0.00559073341  0.000603520923
 43.4411  0.0246078149  0.00504156441  0.000472423806
 43.4718  0.0232062628  0.00515977241  0.000426667448
 43.5025  0.0237418164  0.00547591957  0.00051113009
 43.5332  0.0259516293  0.0062155763  0.000559040813
 43.5639  0.0259921838  0.00688440362  0.000572140483
 43.5946  0.0278920867  0.00707067396  0.000679975481
 43.6253  0.0314476504  0.0092286743  0.000693622577
 43.656  0.0340660867  0.011440775  0.00106060467
 43.6867  0.0380285598  0.0137292951  0.0012500412
 43.7174  0.0464853534  0.0174508603  0.0014289477
 43.7482  0.0463839689  0.0158034019  0.00202340034
 43.7789  0.051317133  0.0221776042  0.00311882263
 43.8096  0.0644681661  0.033677303  0.00538695103
 43.8403  0.0775895583  0.0434587535  0.0101683736
 43.871  0.071408268  0.0443473059  0.0168163144
 43.9017  0.064147214  0.0659432858  0.0316383142
 43.9324  0.0674509034  0.0955496534  0.0553872003
 43.9631  0.0627719002  0.0828148397  0.0517296642
 43.9938  0.037512533  0.0447834148  0.0297800395
 44.0245  0.0966191655  0.0680190032  0.0532018694
 44.0552  0.152949928  0.122166323  0.0528935378
 44.0859  0.103263703  0.0339971588  0.0113235776
 44.1167  nan  nan  nan
 44.1474  nan  nan  nan
 44.1781  nan  nan  nan
 44.2088  nan  nan  nan
 44.2395  nan  nan  nan
 44.2702  nan  nan  nan
 44.3009  nan  nan  nan
 44.3316  nan  nan  nan
 44.3623  nan  nan  nan
 44.393  nan  nan  nan
 44.4237  nan  nan  nan
 44.4545  nan  nan  nan
 44.4852  0.00711648707  0.299435069  0.0143305123
 44.5159  0.00502547864  0.00372541182  0.00103247858
 44.5466  0.00374111854  0.00163422292  0.000608026626
 44.5773  0.00336871696  0.000988179985  0.000638487565
 44.608  0.00376867038  0.00122843637  0.000862762983
 44.6387  0.00477183677  0.00199730259  0.00137471037
 44.6694  0.00533851593  0.00309610187  0.00188648048
 44.7001  0.00322355598  0.00144722145  0.00116271138
 44.7308  0.00303686668  0.00126913338  0.00108620842
 44.7615  0.00488764015  0.000896124253  0.000737628371
 44.7923  0.00468895322  0.00142567203  0.000981757497
 44.823  nan  nan  nan
 44.8537  nan  nan  nan
 44.8844  0.00169713304  0.00111453372  0.000705196096
 44.9151  0.00128304892  0.000787050087  0.000466010541
 44.9458  0.00186631117  0.00136980125  0.000948518279
 44.9765  nan  nan  nan
 45.0072  nan  nan  nan
 45.0379  nan  nan  nan
 45.0686  nan  nan  nan
 45.0993  nan  nan  nan
 45.1301  nan  nan  nan
 45.1608  nan  nan  nan
 45.1915  nan  nan  nan
 45.2222  0.00123163273  0.00395591359  0.00154853464
 45.2529  nan  nan  nan
