# X (m) TKE_avg epsilon_turb_pw_avg_Y_avg epsilon_pw_avg_Y_avg
 33.0307  0.000106989955  0.0150444396  0.00507616378
 33.0614  9.2043768e-05  0.00298706978  0.00259109532
 33.0921  0.0001096421  0.000616262734  0.000536406815
 33.1228  0.000121013146  7.80842879e-06  9.86690583e-06
 33.1535  0.000138627558  1.15283413e-05  1.81308875e-05
 33.1842  0.000200214414  1.18282083e-05  2.77727851e-05
 33.2149  0.000326006365  5.91690434e-05  4.2588961e-05
 33.2456  0.000579914513  0.000211025725  0.000115135417
 33.2763  0.000652223741  0.000137257526  6.37968918e-05
 33.3069  0.000439247341  6.45771078e-05  5.23823614e-05
 33.3376  0.000347583952  3.32058557e-05  2.5175491e-05
 33.3683  0.000430634879  3.23124261e-05  2.33951362e-05
 33.399  0.000345550722  2.44852491e-05  2.11239255e-05
 33.4297  0.000298228049  1.96446897e-05  2.09809878e-05
 33.4604  0.000237620481  1.53331526e-05  1.72472855e-05
 33.4911  0.000255766215  1.67780689e-05  1.54439254e-05
 33.5218  0.000275951632  1.78719523e-05  1.47293548e-05
 33.5525  0.000339468963  2.59518684e-05  1.08460261e-05
 33.5832  0.00034182513  2.921239e-05  9.43073161e-06
 33.6139  0.00030211903  8.18155281e-05  9.65605878e-06
 33.6446  0.000377344214  0.000293620348  2.91450073e-05
 33.6753  0.000446118795  0.000302463633  5.68749419e-05
 33.706  0.000562827982  0.000432171918  8.67945315e-05
 33.7367  0.000503469744  0.000198380332  4.66851347e-05
 33.7674  0.000724960674  0.000147061657  5.76362868e-05
 33.7981  0.00061813803  0.000178080777  7.56843903e-05
 33.8288  0.000790600559  9.76081304e-05  2.57604436e-05
 33.8595  0.000857406628  0.000146481845  2.05118198e-05
 33.8901  0.000651371038  0.000126772793  1.70215652e-05
 33.9208  0.000473830452  8.42788536e-05  1.46436773e-05
 33.9515  0.000328553623  4.04067447e-05  1.17207163e-05
 33.9822  0.000303163579  2.64457062e-05  7.55428418e-06
 34.0129  0.000266450899  1.24930235e-05  5.98943211e-06
 34.0436  0.00028869975  1.4208941e-05  5.92717163e-06
 34.0743  0.000313274044  1.50938678e-05  7.32202335e-06
 34.105  0.000322484939  1.18314341e-05  5.67065034e-06
 34.1357  0.000304259967  9.65676267e-06  8.39107831e-06
 34.1664  0.000291562272  8.91633908e-06  7.47822394e-06
 34.1971  0.000305635623  8.69073977e-06  4.94403642e-06
 34.2278  0.000314252393  1.18317608e-05  9.83678921e-06
 34.2585  0.000344122613  7.88950391e-06  6.37321935e-06
 34.2892  0.000352877797  1.03449671e-05  9.85199891e-06
 34.3199  0.000299653445  9.01672395e-06  8.77851815e-06
 34.3506  0.000214649351  9.45965909e-06  9.08291871e-06
 34.3813  0.000148218553  9.37742242e-06  8.64162595e-06
 34.412  0.000121532249  8.48021164e-06  6.30014483e-06
 34.4427  0.000123652646  7.76163976e-06  4.89599259e-06
 34.4733  0.00011692523  6.51144858e-06  5.28776803e-06
 34.504  0.000121709497  1.10574735e-05  6.14197047e-06
 34.5347  0.000120119667  1.02849523e-05  9.83029572e-06
 34.5654  0.000106485609  5.45597227e-06  3.89164944e-06
 34.5961  0.000105622224  8.33084786e-06  9.13755436e-06
 34.6268  0.000109127799  1.08162548e-05  1.29265557e-05
 34.6575  9.81863335e-05  5.85690844e-06  6.50056455e-06
 34.6882  0.000119462885  1.32982849e-05  1.33646039e-05
 34.7189  0.000117215098  1.12258417e-05  1.06966145e-05
 34.7496  0.000116378291  1.11556811e-05  1.03303878e-05
 34.7803  0.000125141215  1.14455291e-05  1.04639275e-05
 34.811  0.000135331163  8.00438398e-06  7.61356749e-06
 34.8417  0.000110151435  5.19955422e-06  6.51894332e-06
 34.8724  0.000127216004  4.33906449e-06  5.24860002e-06
 34.9031  0.000122081939  4.54002484e-06  5.04353744e-06
 34.9338  0.000123464586  4.94130867e-06  5.19715563e-06
 34.9645  0.000131600518  3.93202397e-06  3.71517116e-06
 34.9952  0.000136962307  5.82707985e-06  4.93560214e-06
 35.0259  0.000160688033  4.20842613e-06  3.85645229e-06
 35.0565  0.000187876329  4.4772129e-06  4.00786135e-06
 35.0872  0.000225426786  8.01829984e-06  4.48796938e-06
 35.1179  0.000241101757  1.093016e-05  4.51645772e-06
 35.1486  0.000243194234  1.12977263e-05  3.89785632e-05
 35.1793  0.000250918066  1.71078562e-05  0.000234082305
 35.21  0.000255713161  1.01986492e-05  5.31440513e-05
 35.2407  0.000272110515  1.09172323e-05  5.96117835e-06
 35.2714  0.00026845947  1.02538192e-05  6.34236391e-06
 35.3021  0.0002683841  9.81296205e-06  4.91337825e-06
 35.3328  0.000226363945  1.03052535e-05  6.8047793e-06
 35.3635  0.000212302771  6.11970456e-06  5.79801642e-06
 35.3942  0.000190327938  5.67523253e-06  6.28094327e-06
 35.4249  0.000200233441  5.35210366e-06  6.18051845e-06
 35.4556  0.000236708018  8.21780931e-06  9.65762047e-06
 35.4863  0.000259210714  7.67870017e-06  7.55123755e-06
 35.517  0.000222771263  6.78036477e-06  1.07642187e-05
 35.5477  0.00020405015  6.31775374e-06  1.00495857e-05
 35.5784  0.000186639608  6.03416037e-06  5.64301774e-06
 35.6091  0.000188809823  1.34112135e-05  1.2330895e-05
 35.6397  0.000213183115  1.61650367e-05  1.05984948e-05
 35.6704  0.000218587488  1.32518338e-05  1.39937919e-05
 35.7011  0.000252313333  1.77526045e-05  1.54123264e-05
 35.7318  0.000284674421  1.9483224e-05  1.60054157e-05
 35.7625  0.000295862193  2.92001657e-05  1.22336909e-05
 35.7932  0.000326799996  5.77975264e-05  1.86263612e-05
 35.8239  0.000324945826  4.93542957e-05  1.15940715e-05
 35.8546  0.000339964407  3.9136158e-05  1.77150463e-05
 35.8853  0.000349005356  3.46349558e-05  1.27058618e-05
 35.916  0.000320187432  3.53895042e-05  2.20352056e-05
 35.9467  0.000334663484  3.98381756e-05  2.41071775e-05
 35.9774  0.00032710405  3.78206428e-05  2.79044848e-05
 36.0081  0.00031776831  4.17165709e-05  2.57133191e-05
 36.0388  0.000363085525  6.72629835e-05  2.05609616e-05
 36.0695  0.0004067962  6.37557609e-05  1.76085749e-05
 36.1002  0.000443559816  7.56559852e-05  3.16106043e-05
 36.1309  0.000535997762  0.000123569688  5.33727423e-05
 36.1616  0.00075794939  0.000265170608  8.916091e-05
 36.1923  0.000626357242  0.000567939317  0.000208777614
 36.2229  0.000592356564  0.000220198649  8.82405799e-05
 36.2536  0.000585218853  6.36218889e-05  3.10752738e-05
 36.2843  0.00064742773  6.11822113e-05  2.74247706e-05
 36.315  0.000659133643  6.06077203e-05  3.14066354e-05
 36.3457  0.000738712234  6.25393316e-05  3.35770888e-05
 36.3764  0.000697193311  4.93837738e-05  3.20777506e-05
 36.4071  0.000744656503  0.000189124588  0.000170736933
 36.4378  0.000813283496  0.000156069292  0.00012728795
 36.4685  0.000676741335  6.93488831e-05  3.23215424e-05
 36.4992  0.000528706011  6.59840198e-05  2.14293828e-05
 36.5299  0.000388143346  4.27020664e-05  1.37181803e-05
 36.5606  0.000524143212  9.95070798e-05  1.88531884e-05
 36.5913  0.000544558142  7.65299539e-05  1.93432741e-05
 36.622  0.000547876911  5.03927606e-05  2.53848439e-05
 36.6527  0.000675823423  7.56340877e-05  3.10692726e-05
 36.6834  0.000611985809  6.8313903e-05  2.57451677e-05
 36.7141  0.000580868741  6.49932766e-05  2.43533312e-05
 36.7448  0.000602217273  4.98794953e-05  1.96113073e-05
 36.7755  0.000744104373  7.42727197e-05  2.49021623e-05
 36.8061  0.000619206557  0.00011707098  3.89318557e-05
 36.8368  0.000604674626  0.000309813764  0.000116908434
 36.8675  0.000511736784  0.000173700752  8.84871702e-05
 36.8982  0.000440537927  8.60483601e-05  3.57731918e-05
 36.9289  0.00045000779  6.15407997e-05  1.4258194e-05
 36.9596  0.000518722418  0.000104991469  1.78910037e-05
 36.9903  0.000621535926  0.000160893951  2.94093497e-05
 37.021  0.000601758065  5.76876167e-05  3.13354146e-05
 37.0517  0.000562893511  4.02923932e-05  2.16826292e-05
 37.0824  0.00055263576  0.000105453018  3.22550371e-05
 37.1131  0.000487936136  0.000631890413  7.17519938e-05
 37.1438  0.000655308434  0.000840383764  9.6736571e-05
 37.1745  0.000855988754  0.000305106335  5.37807117e-05
 37.2052  0.000757008003  0.000137652657  4.89125263e-05
 37.2359  0.000628892092  0.000176320423  9.1400598e-05
 37.2666  0.000774697667  0.000254587169  8.73298813e-05
 37.2973  0.000727394611  0.000231414788  6.08377308e-05
 37.328  0.000681539056  0.000129108016  4.25855228e-05
 37.3587  0.000697356864  8.19819701e-05  3.14269052e-05
 37.3894  0.000576622601  3.96557282e-05  1.750057e-05
 37.42  0.000486904846  4.62300328e-05  3.83076392e-05
 37.4507  0.00043415059  3.57117223e-05  2.34090941e-05
 37.4814  0.000391371323  4.61138514e-05  3.28245417e-05
 37.5121  0.000297444647  4.32168775e-05  3.09454027e-05
 37.5428  0.000231034778  2.95911891e-05  3.07714281e-05
 37.5735  0.000242507017  4.11413388e-05  4.38907448e-05
 37.6042  0.000254902056  2.04787864e-05  1.76905083e-05
 37.6349  0.000238603459  2.44614737e-05  2.75844501e-05
 37.6656  0.000234530852  1.83458331e-05  1.80647163e-05
 37.6963  0.000238653557  2.27437096e-05  2.16287446e-05
 37.727  0.000219145274  2.43137974e-05  2.39050773e-05
 37.7577  0.000230980416  3.967642e-05  3.99233424e-05
 37.7884  0.00026867007  0.000277062334  9.40365712e-05
 37.8191  0.000303423013  0.000673075725  0.00016320034
 37.8498  0.000360197456  0.000676402959  7.64541554e-05
 37.8805  0.000443832415  0.000266373027  6.46433669e-05
 37.9112  0.000449630664  0.00351041986  0.000322638986
 37.9419  0.000468688167  0.00345377001  0.000312008797
 37.9726  0.000460069183  2.59443282e-05  1.18200454e-05
 38.0032  0.000449355823  1.7888823e-05  1.40608963e-05
 38.0339  0.000446917757  1.30190241e-05  1.43677558e-05
 38.0646  0.000525084732  9.49413326e-06  9.71148319e-06
 38.0953  0.000548100928  1.10977706e-05  9.78166468e-06
 38.126  0.00053488634  1.40367297e-05  1.29614216e-05
 38.1567  0.000528826252  1.54426597e-05  1.52051444e-05
 38.1874  0.000496781359  1.82855043e-05  1.12804632e-05
 38.2181  0.000453784072  1.07808902e-05  1.12333264e-05
 38.2488  0.00042713957  1.37029546e-05  1.0467183e-05
 38.2795  0.00040162613  1.132204e-05  1.02479576e-05
 38.3102  0.000419065671  7.39882819e-06  1.14574187e-05
 38.3409  0.000447050427  9.22972285e-06  1.38126171e-05
 38.3716  0.000498647408  1.15587342e-05  1.84970399e-05
 38.4023  0.000589002292  7.78346863e-06  1.13509677e-05
 38.433  0.000672076097  8.28666691e-06  1.81826311e-05
 38.4637  0.000724305219  1.24459752e-05  2.47645085e-05
 38.4944  0.00078172476  1.50023664e-05  1.82235704e-05
 38.5251  0.00089788193  2.99792793e-05  2.70686085e-05
 38.5558  0.00100841848  7.49600035e-05  2.76085605e-05
 38.5864  0.00110603319  8.05242783e-05  3.82971593e-05
 38.6171  0.00122203957  8.78581893e-05  2.96063916e-05
 38.6478  0.00143218021  0.000171588187  3.60250344e-05
 38.6785  0.00160521721  0.000271559377  3.8335432e-05
 38.7092  0.0015700029  0.000336646347  9.18645604e-05
 38.7399  0.00143042808  0.000159838331  6.23418012e-05
 38.7706  0.00124445331  6.89432334e-05  4.32509557e-05
 38.8013  0.00106154181  5.93952611e-05  4.40051889e-05
 38.832  0.000878034226  3.43335851e-05  2.90491601e-05
 38.8627  0.000848977662  4.77416675e-05  3.72107317e-05
 38.8934  0.000847675172  4.0038924e-05  3.64506688e-05
 38.9241  0.000824254697  3.76211293e-05  3.3174431e-05
 38.9548  0.000752805226  4.12609356e-05  3.92082559e-05
 38.9855  0.000671870691  3.20212696e-05  3.05335475e-05
 39.0162  0.000617383567  3.01315224e-05  2.71847125e-05
 39.0469  0.000687332335  3.10717285e-05  3.05014015e-05
 39.0776  0.000742633362  3.41481969e-05  3.18969276e-05
 39.1083  0.000756464124  5.05211697e-05  3.90409519e-05
 39.139  0.00075236005  5.10031502e-05  3.45651404e-05
 39.1696  0.00071177722  4.15367284e-05  4.68710436e-05
 39.2003  0.000682819047  3.75971483e-05  4.77472741e-05
 39.231  0.000676444124  3.05868339e-05  4.92851055e-05
 39.2617  0.000642153909  2.67741572e-05  4.83517247e-05
 39.2924  0.000621387188  2.42155597e-05  3.81773831e-05
 39.3231  0.000602809872  2.24240845e-05  3.7426589e-05
 39.3538  0.000574920136  1.88647828e-05  3.35445729e-05
 39.3845  0.000630964729  2.42271764e-05  3.73948487e-05
 39.4152  0.000602127439  2.32315839e-05  3.12272365e-05
 39.4459  0.00065490747  2.43202582e-05  3.45980826e-05
 39.4766  0.000691442416  2.42399132e-05  3.43225081e-05
 39.5073  0.000714887428  2.8107565e-05  3.48865729e-05
 39.538  0.000785220336  3.00247072e-05  3.64429376e-05
 39.5687  0.000818289244  2.89120487e-05  3.27267634e-05
 39.5994  0.000920567226  3.44212499e-05  3.760049e-05
 39.6301  0.000918483166  3.45774206e-05  3.81749153e-05
 39.6608  0.000968557631  3.97511247e-05  4.55055869e-05
 39.6915  0.00103892092  5.18266205e-05  5.96976666e-05
 39.7222  0.00102655471  7.14813037e-05  6.89158111e-05
 39.7528  0.00107591282  7.90224364e-05  7.48017147e-05
 39.7835  0.00107641735  7.1473685e-05  6.95379458e-05
 39.8142  0.00128233216  0.000110497241  7.68637672e-05
 39.8449  0.00157459644  0.000210921839  8.53568845e-05
 39.8756  0.00162338689  0.000217715534  7.34415273e-05
 39.9063  0.00221553445  0.000323124674  6.96125371e-05
 39.937  0.00254113142  0.000347294288  6.43947548e-05
 39.9677  0.00268958908  0.000268913651  5.88422897e-05
 39.9984  0.00300259878  0.000250343036  7.28985365e-05
 40.0291  0.00364195508  0.000348100648  7.53977806e-05
 40.0598  0.00382675622  0.000461103734  7.2321758e-05
 40.0905  0.00353181124  0.000388199125  7.59086788e-05
 40.1212  0.00327502817  0.000304955523  5.76160682e-05
 40.1519  0.00293112251  0.000220983163  4.90844377e-05
 40.1826  0.00280725242  0.000203696861  4.0503917e-05
 40.2133  0.0031303485  0.000257734584  4.80494749e-05
 40.244  0.00329168857  0.00027913971  4.55229081e-05
 40.2747  0.00339831404  0.000479449247  8.15465232e-05
 40.3054  0.00368984758  0.000723940073  8.1284193e-05
 40.336  0.00433663525  0.000998402275  7.15863459e-05
 40.3667  0.0051514947  0.00111570444  8.49648078e-05
 40.3974  0.00876660188  0.0015068612  0.000160981701
 40.4281  0.0124378168  0.0121655841  0.000893848838
 40.4588  0.012784237  0.0125724999  0.000904706585
 40.4895  0.0101413305  0.0293445258  0.00410282316
 40.5202  0.00907803106  0.0770812244  0.0112895602
 40.5509  0.00837086598  0.0347718107  0.00601988862
 40.5816  0.00876288828  0.00584290542  0.000908143065
 40.6123  0.010267657  0.0013325428  0.000137831012
 40.643  0.0143572959  0.00208695748  0.000213917124
 40.6737  0.0224261087  0.00416492288  0.000297562289
 40.7044  0.0325230815  0.0105803782  0.000431239381
 40.7351  0.0459034921  0.0192091655  0.000660062732
 40.7658  0.0592465271  0.0270484844  0.00085232372
 40.7965  0.0638208527  0.026816514  0.000867971261
 40.8272  0.0532808941  0.0182227925  0.000692987042
 40.8579  0.0394297974  0.0115528842  0.000679956841
 40.8886  0.0398927975  0.0161506152  0.00377925865
 40.9192  0.0352010139  0.031424902  0.00192919244
 40.9499  0.0339141097  0.019487686  0.00126217372
 40.9806  0.0245262029  0.0143221017  0.0010975382
 41.0113  0.0245278082  0.0231781031  0.00214304139
 41.042  0.0130240958  0.0259925924  0.00726303759
 41.0727  0.0124353859  0.00567728108  0.00117365053
 41.1034  0.010748367  0.00425233482  0.00085280191
 41.1341  0.0100358304  0.00670495501  0.00146070688
 41.1648  0.0109687935  0.015987599  0.00392752346
 41.1955  0.00819047468  0.0414003624  0.0144463928
 41.2262  0.00985140286  0.0304745714  0.0174656084
 41.2569  0.0105831014  0.0155050456  0.0119276991
 41.2876  0.010119441  0.00470603687  0.00388021822
 41.3183  0.00963956804  0.00118227171  0.000276325352
 41.349  0.0103214438  0.00128227262  0.000333861597
 41.3797  0.0130733179  0.00123491831  0.000443487621
 41.4104  0.0144187711  0.00118094443  0.000332338037
 41.4411  0.0150400405  0.00139849837  0.000267185452
 41.4718  0.0142025427  0.00171543737  0.000368398881
 41.5024  0.0123900312  0.00174854942  0.000355380379
 41.5331  0.0121235686  0.00157565773  0.000176324956
 41.5638  0.0131284259  0.00164390843  0.000170868376
 41.5945  0.0146315093  0.00177678722  0.000256542515
 41.6252  0.0155608428  0.00198627442  0.000288486525
 41.6559  0.0164038229  0.00256113417  0.000371638195
 41.6866  0.0198832132  0.00412419052  0.000562478144
 41.7173  0.0265326387  0.00532393456  0.000828878169
 41.748  0.0310759995  0.00647848727  0.000758845822
 41.7787  0.0342077381  0.00659851503  0.000620269102
 41.8094  0.0349900937  0.00624305306  0.000508580351
 41.8401  0.0325106682  0.00611741275  0.000433812916
 41.8708  0.0279422333  0.00483832416  0.000396925314
 41.9015  0.0234875234  0.00425256077  0.00033610999
 41.9322  0.0229176079  0.00388828994  0.00032844703
 41.9629  0.0247111241  0.00445292612  0.000363781598
 41.9936  0.028782142  0.00528310488  0.000392019599
 42.0243  0.0350150849  0.0047570575  0.000400277808
 42.055  0.0334765257  0.00471511581  0.000385028415
 42.0856  0.030472741  0.00655502192  0.000778516451
 42.1163  0.0293266088  0.00745440333  0.000661389927
 42.147  0.0307394234  0.00853935577  0.000686388206
 42.1777  0.0348909767  0.00846226112  0.000968495409
 42.2084  0.0411563088  0.00971981989  0.000926917821
 42.2391  0.041987713  0.0387337119  0.00979754356
 42.2698  0.0359908606  0.0171570142  0.00336449175
 42.3005  0.029486309  0.0242328251  0.00414888764
 42.3312  0.0274347068  0.0161413639  0.00164978825
 42.3619  0.0270578844  0.00454306476  0.000371492092
 42.3926  0.022290048  0.00512014718  0.000347537956
 42.4233  0.0200458316  0.00401995818  0.000292559764
 42.454  0.0187546712  0.00314567522  0.000252287108
 42.4847  0.0212864414  0.00395945093  0.000297775549
 42.5154  0.0304965499  0.00594890535  0.000389402698
 42.5461  0.0413137252  0.00765900565  0.000548900893
 42.5768  0.0448757462  0.0103112231  0.000695130323
 42.6075  0.0564876207  0.0148689994  0.000846201069
 42.6382  0.065620216  0.0191837598  0.000923269166
 42.6688  0.0664087889  0.0219334473  0.000935868992
 42.6995  0.062580557  0.0197067711  0.000854745852
 42.7302  0.0564154434  0.0157437215  0.000687738522
 42.7609  0.0476116812  0.0121758713  0.000617902906
 42.7916  0.0429087974  0.0103305646  0.000524049469
 42.8223  0.0412890409  0.00922913616  0.000471873258
 42.853  0.0413303667  0.00787102543  0.000497014753
 42.8837  0.0483832328  0.00898047021  0.000546863308
 42.9144  0.0509175592  0.0125932816  0.000734110354
 42.9451  0.0503589503  0.0152166913  0.000885197725
 42.9758  0.0510170534  0.0173147916  0.00094535876
 43.0065  0.0563312234  0.0203797267  0.000948026904
 43.0372  0.0694501469  0.0322450594  0.00123799288
 43.0679  0.0705195373  0.0242743308  0.00120593802
 43.0986  0.0588150153  0.0203370616  0.0012343517
 43.1293  0.0463879236  0.0162937429  0.001434524
 43.16  0.0422014418  0.0132936432  0.0018869911
 43.1907  0.0472458554  0.0157417972  0.00230309214
 43.2214  0.0419950891  0.0121602515  0.00242241171
 43.252  0.0347730419  0.00771837118  0.00215990295
 43.2827  0.0278633226  0.00580062517  0.00192622212
 43.3134  0.0204741446  0.00556833538  0.00157041195
 43.3441  0.0164659751  0.0058755564  0.00116503229
 43.3748  0.015020787  0.00520916612  0.00135262605
 43.4055  0.0143048807  0.0034420425  0.00105636439
 43.4362  0.0133807505  0.00320313969  0.000645267921
 43.4669  0.0137399939  0.00445222518  0.000644780573
 43.4976  0.0119557965  0.00416604854  0.000756076836
 43.5283  0.011236441  0.00366322216  0.000515047025
 43.559  0.0110065265  0.00286956547  0.000431348339
 43.5897  0.0102119695  0.00239300965  0.000307054257
 43.6204  0.0102716252  0.0021215994  0.000264472537
 43.6511  0.0101312041  0.00163205264  0.000330308211
 43.6818  0.0101753031  0.00170435054  0.000345913385
 43.7125  0.0103484016  0.00157343495  0.000218062296
 43.7432  0.0100753793  0.00168593604  0.000318505441
 43.7739  0.0109844129  0.0019622279  0.000274930211
 43.8046  0.0117906618  0.00201526857  0.000257361284
 43.8352  0.0118114585  0.00184133643  0.00028887621
 43.8659  0.0120868636  0.00201714948  0.000350581804
 43.8966  0.0122679283  0.00231046492  0.000262025447
 43.9273  0.0111832898  0.00225801254  0.000283532641
 43.958  0.0104622827  0.00211922124  0.000306805599
 43.9887  0.0104831024  0.00229161025  0.000383881197
 44.0194  0.0113604033  0.00254779155  0.000383518155
 44.0501  0.0120760044  0.00244878305  0.000469135825
 44.0808  0.0112199052  0.00201765844  0.000476132459
 44.1115  0.0101415376  0.00208505772  0.000445135092
 44.1422  0.0106657081  0.00294634088  0.000577083015
 44.1729  0.0126113997  0.00373440986  0.000697699164
 44.2036  0.0135806893  0.00352399415  0.000693415927
 44.2343  0.0140819774  0.00411604433  0.0008515719
 44.265  0.0121108667  0.00370662777  0.00154218837
 44.2957  0.0116927998  0.00375532321  0.00221013788
 44.3264  0.0144855895  0.00434001628  0.00366655004
 44.3571  0.0158686311  0.00389340794  0.00436743806
 44.3878  0.0158006377  0.00422215718  0.00536446628
 44.4184  0.0118814072  0.00802520933  0.0059155443
 44.4491  0.0107768796  0.195381233  0.0554749732
 44.4798  0.0134549514  0.306544458  0.0848782942
 44.5105  0.0146700058  0.0133494503  0.00520430127
 44.5412  0.0131443148  0.0130346336  0.00507321171
 44.5719  0.00984753374  0.0134480521  0.00546343424
 44.6026  0.00833261579  0.00832310503  0.00401428792
 44.6333  0.00686426544  0.00401460101  0.00264830821
 44.664  0.00377301902  0.00268112723  0.00186023512
 44.6947  0.00281585066  0.00206962137  0.00189557104
 44.7254  0.00258693397  0.00171928682  0.00174939403
 44.7561  0.00493072621  0.00315661653  0.00289697347
 44.7868  0.00428884261  0.00180735179  0.00131607889
 44.8175  nan  nan  nan
 44.8482  nan  nan  nan
 44.8789  0.00250583648  0.00180062653  0.00131910351
 44.9096  0.0022485892  0.00119009226  0.000730441728
 44.9403  0.00227120489  0.00116450643  0.000782760373
 44.971  0.00239198885  0.00123676687  0.000923169842
 45.0016  nan  nan  nan
 45.0323  nan  nan  nan
 45.063  nan  nan  nan
 45.0937  nan  nan  nan
 45.1244  nan  nan  nan
 45.1551  nan  nan  nan
 45.1858  0.00210510837  0.30791405  0.102550547
 45.2165  0.00161672044  0.0150585531  0.00612917254
 45.2472  nan  nan  nan
