# X (m) TKE_avg epsilon_turb_pw_avg_Y_avg epsilon_pw_avg_Y_avg
 33.0294  6.20047109e-05  0.312185922  0.0197767049
 33.0588  5.18626114e-05  0.0248719828  0.00253071373
 33.0882  8.46727392e-05  0.00707277351  0.00072075948
 33.1176  0.000108212525  3.68274069e-06  9.81896244e-07
 33.147  0.000115213314  6.15382155e-06  1.25131056e-06
 33.1764  0.00015074715  3.30551709e-05  6.1079485e-05
 33.2059  0.000153876559  1.92235343e-05  3.33931076e-05
 33.2353  0.000171350055  5.93315817e-05  4.76800762e-05
 33.2647  0.000159442082  0.00010395298  7.97750982e-05
 33.2941  0.000119354314  3.94690786e-05  3.12451051e-05
 33.3235  0.000119999602  1.47744782e-05  1.32645782e-05
 33.3529  0.00013575356  5.13363789e-06  4.13287205e-06
 33.3823  0.000124005319  5.31669837e-06  5.07073027e-06
 33.4117  0.000105890767  4.96045424e-06  5.47608006e-06
 33.4411  0.000133071091  7.21103254e-06  7.60748438e-06
 33.4705  0.000154025122  5.71092905e-06  4.76744429e-06
 33.4999  0.000180815964  7.53936205e-06  5.74298606e-06
 33.5293  0.000218567394  1.23053908e-05  6.99299395e-06
 33.5587  0.000306280934  1.71403503e-05  8.85220372e-06
 33.5882  0.00030084714  3.29251105e-05  1.53187605e-05
 33.6176  0.000330172179  6.46029117e-05  2.05111693e-05
 33.647  0.000371552663  0.00135699494  4.73712635e-05
 33.6764  0.00044229536  0.00163401185  7.74815051e-05
 33.7058  0.000486294208  0.000431528799  0.000190998911
 33.7352  0.000489875885  0.000100158235  0.000152795586
 33.7646  0.000508174308  0.000102076726  0.000129345451
 33.794  0.000586876612  0.000238153473  0.000321866701
 33.8234  0.000435961209  0.000122571774  5.55903186e-05
 33.8528  0.000344561087  5.87962645e-05  1.35372995e-05
 33.8822  0.000339616748  3.99795472e-05  8.97327587e-06
 33.9116  0.000348962412  2.73508651e-05  1.21363155e-05
 33.941  0.000303229481  1.61116185e-05  1.38481508e-05
 33.9704  0.000264327964  1.26966525e-05  1.53187101e-05
 33.9999  0.000248307384  6.77705374e-06  1.00063357e-05
 34.0293  0.000248787161  6.73714757e-06  1.27538914e-05
 34.0587  0.000295202197  9.4745152e-06  1.83529259e-05
 34.0881  0.000343650929  1.20104255e-05  2.2485152e-05
 34.1175  0.000386464625  1.24791045e-05  2.65008397e-05
 34.1469  0.000380116855  1.64844993e-05  3.62790061e-05
 34.1763  0.000327052485  1.57953407e-05  3.64367449e-05
 34.2057  0.000297648227  1.29803773e-05  3.63779897e-05
 34.2351  0.000273870618  2.34157063e-05  3.25513549e-05
 34.2645  0.000253970197  1.95995393e-05  3.19912875e-05
 34.2939  0.000224508898  1.33148364e-05  2.71504611e-05
 34.3233  0.000209234653  1.13038675e-05  2.49632833e-05
 34.3527  0.000240949722  1.19489559e-05  2.70064256e-05
 34.3822  0.000230810231  1.30465041e-05  2.67827987e-05
 34.4116  0.000278932956  1.62737583e-05  3.05237206e-05
 34.441  0.000266761432  1.59882148e-05  3.10510851e-05
 34.4704  0.000240787505  1.48369534e-05  3.13277873e-05
 34.4998  0.000209467933  1.55914076e-05  2.91266661e-05
 34.5292  0.00024959581  1.62169038e-05  3.13149383e-05
 34.5586  0.00025792522  2.01727801e-05  2.98242589e-05
 34.588  0.000196638123  1.83245861e-05  2.32714666e-05
 34.6174  0.0002331592  1.77991069e-05  2.53129151e-05
 34.6468  0.000225850297  1.46125962e-05  2.64594727e-05
 34.6762  0.000210008779  1.2370776e-05  2.04575113e-05
 34.7056  0.000258423089  1.67102131e-05  2.03972744e-05
 34.735  0.000243780796  1.55432929e-05  1.72536956e-05
 34.7645  0.000262670593  1.80393564e-05  1.74222925e-05
 34.7939  0.000223136805  1.92447101e-05  1.65384715e-05
 34.8233  0.000187199282  1.34649261e-05  1.47477705e-05
 34.8527  0.000164766092  9.75134075e-06  1.30032586e-05
 34.8821  0.000194061455  1.33096681e-05  1.48972155e-05
 34.9115  0.000167834177  1.09966275e-05  1.48375906e-05
 34.9409  0.000157881576  1.000784e-05  1.30039567e-05
 34.9703  0.000135186545  9.81587252e-06  1.17495288e-05
 34.9997  0.000138272452  9.869365e-06  1.00255529e-05
 35.0291  0.000136150457  8.36662717e-06  8.09336112e-06
 35.0585  0.000130593095  6.42453211e-06  6.30335868e-06
 35.0879  0.000169793801  3.13880115e-05  6.06626197e-06
 35.1173  0.000181738943  3.29752593e-05  5.86663091e-06
 35.1468  0.000197956139  3.68649094e-05  1.37204861e-05
 35.1762  0.000296958754  0.000172159693  7.62207339e-05
 35.2056  0.000249109689  6.51479132e-05  2.93130493e-05
 35.235  0.000264660759  2.74870532e-05  1.04932698e-05
 35.2644  0.000268781082  3.48961055e-05  1.74589506e-05
 35.2938  0.000246474316  1.99283686e-05  1.26497499e-05
 35.3232  0.000242505854  1.33333099e-05  9.52635443e-06
 35.3526  0.000229962361  1.15218089e-05  1.00314724e-05
 35.382  0.000223611063  1.06810325e-05  1.10339546e-05
 35.4114  0.000209130733  8.51070731e-06  7.34750619e-06
 35.4408  0.000207590865  1.54643684e-05  1.21437573e-05
 35.4702  0.000188477226  6.73075182e-06  5.79893149e-06
 35.4996  0.000176443313  1.19870217e-05  1.11763392e-05
 35.529  0.000169799418  1.59235256e-05  8.23704862e-06
 35.5585  0.000158765005  1.82737004e-05  9.24491076e-06
 35.5879  0.00016418281  8.95291781e-06  6.35336538e-06
 35.6173  0.000178429769  1.29299171e-05  1.23641494e-05
 35.6467  0.000185226782  8.53635874e-06  9.60432271e-06
 35.6761  0.000191955014  7.74488711e-06  7.99586325e-06
 35.7055  0.000207292953  2.14254738e-05  1.30575808e-05
 35.7349  0.000224809452  1.8239585e-05  1.25774676e-05
 35.7643  0.000243917191  2.03243826e-05  9.42655678e-06
 35.7937  0.000245596541  2.18553555e-05  9.81578239e-06
 35.8231  0.00027426055  3.30713879e-05  8.94813863e-06
 35.8525  0.000237368921  1.99093145e-05  8.27337727e-06
 35.8819  0.000184199642  1.42400504e-05  7.28183117e-06
 35.9113  0.000134743518  7.21311528e-06  6.40576019e-06
 35.9408  0.000133123659  4.59567513e-06  5.31201292e-06
 35.9702  0.000126193833  3.76704713e-06  4.78465276e-06
 35.9996  0.000125238569  3.82176928e-06  4.79107989e-06
 36.029  0.000144313395  4.68242569e-06  5.71568358e-06
 36.0584  0.000178192266  6.50818906e-06  7.30160331e-06
 36.0878  0.000202563363  7.34806492e-06  1.06463299e-05
 36.1172  0.000240662482  1.19420689e-05  1.23347806e-05
 36.1466  0.000251600913  2.91051389e-05  2.50016412e-05
 36.176  0.000243547419  0.000543758779  0.000317535061
 36.2054  0.000250804335  0.00061769772  0.000355391516
 36.2348  0.00021368638  2.27463686e-05  1.96570376e-05
 36.2642  0.000216639857  7.45944324e-06  1.40435608e-05
 36.2936  0.000196268318  8.86326904e-06  1.30395434e-05
 36.3231  0.000170273563  1.55417578e-05  2.25011608e-05
 36.3525  0.000153946962  1.91263197e-05  1.90243283e-05
 36.3819  0.000163919468  1.29840534e-05  1.72714069e-05
 36.4113  0.000194711588  1.98899805e-05  1.87819174e-05
 36.4407  0.0001941659  1.55677766e-05  1.89765227e-05
 36.4701  0.000210038399  1.39907625e-05  1.1808147e-05
 36.4995  0.00022185597  1.27632518e-05  9.7038819e-06
 36.5289  0.000239095927  2.30933055e-05  2.28533201e-05
 36.5583  0.00024752922  8.90581443e-05  3.15591036e-05
 36.5877  0.000273297901  0.000108522594  3.28359044e-05
 36.6171  0.000265653968  0.00021526181  0.000179350543
 36.6465  0.000328565443  0.000799134806  0.000661484019
 36.6759  0.000314736872  0.000699604398  0.000427035915
 36.7053  0.000364455937  0.000578776065  0.0003073626
 36.7348  0.000454198517  0.000440047504  0.000216334445
 36.7642  0.000471073625  0.000367260759  0.000156953959
 36.7936  0.000556690764  0.000275940696  9.31198628e-05
 36.823  0.000567185228  0.00109168903  0.00155974992
 36.8524  0.000505725011  0.000904173227  0.00182984648
 36.8818  0.000594718247  0.000117016524  0.000613017221
 36.9112  0.000590380701  9.46377335e-05  3.582228e-05
 36.9406  0.000497189182  8.93235428e-05  3.15796709e-05
 36.97  0.000527450503  0.000220387804  0.000158271073
 36.9994  0.000514331151  0.000260295525  0.000769906957
 37.0288  0.000561012185  0.000164915259  0.000940448267
 37.0582  0.000674816121  0.000192226123  0.000909412595
 37.0876  0.000707697586  0.00010994436  7.73579495e-05
 37.1171  0.00068521899  0.000445538851  0.000306847512
 37.1465  0.000687364213  0.00029988961  0.000198644181
 37.1759  0.000708772192  0.000632992392  0.000426002127
 37.2053  0.000674503058  0.000239134259  0.000157598913
 37.2347  0.000805843899  0.000344606991  0.00028187352
 37.2641  0.000691129948  0.0474584299  0.0130355132
 37.2935  0.000620913276  0.0736430998  0.0200383997
 37.3229  0.000664349619  0.00465345192  0.00131228581
 37.3523  0.000585939015  4.54925211e-05  5.13865802e-05
 37.3817  0.000546827547  4.28408392e-05  5.51954903e-05
 37.4111  0.000486900234  5.03577909e-05  6.7339361e-05
 37.4405  0.000423630304  5.18716482e-05  6.53833018e-05
 37.4699  0.000417626519  3.09218494e-05  6.2779414e-05
 37.4994  0.000398269935  2.6298662e-05  6.00784093e-05
 37.5288  0.000280442499  1.50476508e-05  4.8639549e-05
 37.5582  0.000294639264  1.24040746e-05  5.72251094e-05
 37.5876  0.000312037803  2.02855905e-05  7.21583721e-05
 37.617  0.000242982604  1.90080341e-05  5.42026788e-05
 37.6464  0.000255984784  1.66655958e-05  5.25545548e-05
 37.6758  0.00027192672  1.94390852e-05  5.14178139e-05
 37.7052  0.000262819202  2.13265697e-05  4.31402688e-05
 37.7346  0.000268967185  3.56314379e-05  3.82830476e-05
 37.764  0.000258110435  3.78385344e-05  2.34677899e-05
 37.7934  0.000405511903  8.00665214e-05  2.2353575e-05
 37.8228  0.000383029591  8.62620318e-05  1.86294143e-05
 37.8522  0.000561111046  0.000153962818  2.64643204e-05
 37.8817  0.000540456171  0.000252426817  3.35169367e-05
 37.9111  0.000529707586  0.00290194425  0.000260193303
 37.9405  0.000491430747  0.00249048687  0.000225423227
 37.9699  0.000578151479  0.000329464908  4.29577954e-05
 37.9993  0.000544996859  9.97358666e-05  2.83782532e-05
 38.0287  0.000561216246  8.11069046e-05  2.12810772e-05
 38.0581  0.000481071284  5.16485467e-05  1.80189597e-05
 38.0875  0.000409347398  3.28422441e-05  1.91091656e-05
 38.1169  0.00040377625  3.20631407e-05  2.56803345e-05
 38.1463  0.000364801666  3.43054063e-05  2.56828495e-05
 38.1757  0.000348816153  2.7319493e-05  1.96040007e-05
 38.2051  0.000313632059  2.84859432e-05  1.86086229e-05
 38.2345  0.000277691832  3.14484725e-05  1.51489187e-05
 38.2639  0.000285973654  4.73515149e-05  2.85246553e-05
 38.2934  0.000288443794  5.10255851e-05  3.44531806e-05
 38.3228  0.000279573793  3.8881898e-05  3.70428456e-05
 38.3522  0.000278012441  2.34047995e-05  1.66916276e-05
 38.3816  0.000295926202  3.45382827e-05  2.76785711e-05
 38.411  0.000265387285  4.50410671e-05  5.40061066e-05
 38.4404  0.000246774079  1.44906789e-05  2.00372478e-05
 38.4698  0.000248437253  2.52915199e-05  3.42280411e-05
 38.4992  0.000267908252  2.07638769e-05  2.07647083e-05
 38.5286  0.000325519362  2.68043682e-05  2.59636687e-05
 38.558  0.000389515825  4.21491912e-05  2.53157109e-05
 38.5874  0.00050970276  4.61474667e-05  2.99504618e-05
 38.6168  0.00054357115  4.88580414e-05  2.83539232e-05
 38.6462  0.000455844513  4.62276978e-05  2.06073504e-05
 38.6757  0.00041867304  5.33468729e-05  2.1359974e-05
 38.7051  0.000347961534  3.54189496e-05  2.51764788e-05
 38.7345  0.000287842712  2.03500853e-05  2.09340052e-05
 38.7639  0.000271523102  1.89893272e-05  1.54901354e-05
 38.7933  0.000258949474  1.6041068e-05  1.15104178e-05
 38.8227  0.000205040078  9.17211648e-06  1.38624488e-05
 38.8521  0.000187436332  9.00772748e-06  1.57600341e-05
 38.8815  0.000181968152  6.49025618e-06  1.25199341e-05
 38.9109  0.00014327705  5.85445215e-06  1.66699066e-05
 38.9403  0.000148089328  7.28308194e-06  1.73364417e-05
 38.9697  0.000144034187  7.89584422e-06  1.9451776e-05
 38.9991  0.000138608978  9.05016802e-06  1.96201223e-05
 39.0285  0.000130174635  1.42795571e-05  2.72566082e-05
 39.058  0.000116407303  7.21512293e-06  1.7234551e-05
 39.0874  0.000118928637  2.42876583e-05  3.86102392e-05
 39.1168  0.000115750682  1.05041888e-05  2.01572895e-05
 39.1462  0.000100639942  2.78599404e-05  3.93469054e-05
 39.1756  0.000108328019  2.19687656e-05  3.06564333e-05
 39.205  0.000105913452  1.82303018e-05  3.27132202e-05
 39.2344  0.000101649084  1.39606003e-05  3.26682017e-05
 39.2638  9.20746329e-05  9.66163546e-06  3.22860368e-05
 39.2932  0.000103671174  9.28297527e-06  3.5864509e-05
 39.3226  9.96563218e-05  8.81862551e-06  3.26087672e-05
 39.352  9.74318357e-05  5.68729181e-06  1.69743692e-05
 39.3814  0.000108348723  1.85478983e-05  3.37873748e-05
 39.4108  9.52764356e-05  1.88603526e-05  4.79027526e-05
 39.4403  9.38126515e-05  6.91318825e-06  2.58765265e-05
 39.4697  0.000102064996  9.54277568e-06  4.5244861e-05
 39.4991  0.000116518881  2.86468106e-05  7.68001484e-05
 39.5285  0.000122605423  1.14437648e-05  4.19038634e-05
 39.5579  0.00012352766  1.36197742e-05  4.35451415e-05
 39.5873  0.000120559707  1.96426285e-05  4.48391685e-05
 39.6167  0.000119936474  2.87333221e-05  5.43646607e-05
 39.6461  0.000115901538  3.68789522e-05  6.62405413e-05
 39.6755  0.000117202794  1.65648881e-05  4.08133484e-05
 39.7049  0.000157106498  1.89851666e-05  5.11561947e-05
 39.7343  0.000145080951  1.6533201e-05  4.75990335e-05
 39.7637  0.000129782404  7.92629497e-06  2.9545208e-05
 39.7931  0.000125580877  1.16461843e-05  3.43108917e-05
 39.8225  0.000111176405  1.10329607e-05  3.06558241e-05
 39.852  0.000155780915  1.30764094e-05  3.45773008e-05
 39.8814  0.000158689162  1.60919826e-05  3.61692466e-05
 39.9108  0.000162175645  1.5326941e-05  3.34944078e-05
 39.9402  0.000160084033  1.06734412e-05  2.62336811e-05
 39.9696  0.000173133629  1.25471712e-05  2.82975673e-05
 39.999  0.000192502359  1.27774413e-05  2.91294646e-05
 40.0284  0.000168435386  9.88194507e-06  2.79998519e-05
 40.0578  0.00013816389  5.92669598e-06  2.25624063e-05
 40.0872  0.000169801455  1.16969055e-05  3.05374604e-05
 40.1166  0.000187274032  2.026723e-05  3.69291487e-05
 40.146  0.000164628532  2.33088108e-05  3.19209196e-05
 40.1754  0.000201461684  2.33259178e-05  3.66999638e-05
 40.2048  0.000165932651  1.89795852e-05  2.34313313e-05
 40.2343  0.000129291951  1.52186705e-05  1.68161468e-05
 40.2637  0.000125517467  1.48573577e-05  1.64981302e-05
 40.2931  0.00012130703  1.37288113e-05  1.36577167e-05
 40.3225  0.000191352336  2.46794578e-05  1.32270551e-05
 40.3519  0.000246996103  3.42769154e-05  1.16744131e-05
 40.3813  0.000395149987  6.69568447e-05  1.59528921e-05
 40.4107  0.000475223176  0.00148196627  0.000519614531
 40.4401  0.000372772688  0.00666446416  0.00240215216
 40.4695  0.00043736287  0.00241541365  0.000844186513
 40.4989  0.000455791305  0.000576204334  0.000373818733
 40.5283  0.000561403562  0.000872017405  0.000577847216
 40.5577  0.000591527479  0.000428365074  0.000166483595
 40.5871  0.000615562342  0.000139481494  5.5916705e-05
 40.6166  0.000461990731  6.53730038e-05  2.45338938e-05
 40.646  0.000363325207  5.84133662e-05  2.78998458e-05
 40.6754  0.000323040547  5.17364077e-05  2.81340765e-05
 40.7048  0.000253906259  3.30193644e-05  2.15265404e-05
 40.7342  0.000262572565  2.56794154e-05  2.36508864e-05
 40.7636  0.000203374948  2.14124152e-05  3.10856524e-05
 40.793  0.00019740017  3.58169064e-05  4.60821377e-05
 40.8224  0.000212183549  4.46545392e-05  3.78783175e-05
 40.8518  0.000261592057  9.96116071e-05  4.87832038e-05
 40.8812  0.000254972123  0.000116501613  0.000111898623
 40.9106  0.000310067517  0.000163598887  0.000168144371
 40.94  0.000371741904  0.000188369546  0.000174257052
 40.9694  0.000464694533  0.00017639498  8.05593909e-05
 40.9989  0.000507172962  0.000271148468  0.000177250748
 41.0283  0.000469321981  0.000411924367  0.000389446391
 41.0577  0.000543996536  0.000498078332  0.000391897977
 41.0871  0.000483082534  0.000350722881  0.000113390943
 41.1165  0.000437045584  0.00038837488  3.13711252e-05
 41.1459  0.000369937524  0.000669331312  0.000471012414
 41.1753  0.000340744072  0.00414433714  0.000234289294
 41.2047  0.000309392212  0.00709985809  0.000158436434
 41.2341  0.000300952693  0.00365863855  7.80511988e-05
 41.2635  0.000291821625  0.000258658075  8.33923929e-05
 41.2929  0.000280473595  3.36866463e-05  4.39759339e-05
 41.3223  0.000246765917  1.51686342e-05  2.45321548e-05
 41.3517  0.000221179581  2.09151893e-05  3.01747446e-05
 41.3811  0.00020044374  4.01067703e-05  4.69254065e-05
 41.4106  0.000146518039  6.32686723e-06  3.06878413e-05
 41.44  0.000124004656  8.44679663e-06  4.67713482e-05
 41.4694  0.000130416708  1.0981423e-05  4.89173956e-05
 41.4988  0.000129147217  1.32745063e-05  4.44170211e-05
 41.5282  0.000118013606  1.47728831e-05  4.6039522e-05
 41.5576  0.000128925285  1.7879693e-05  3.73194522e-05
 41.587  0.000144036372  3.16085226e-05  4.72276535e-05
 41.6164  0.000146879006  7.46290817e-05  0.000101377698
 41.6458  0.000204903801  7.96111952e-05  0.000117266967
 41.6752  0.000181201953  9.4299758e-05  0.000132526763
 41.7046  0.000185918492  0.000101787105  0.000145427936
 41.734  0.000165349305  9.47605391e-05  0.000142220972
 41.7634  0.000145339192  7.55097139e-05  0.000121478624
 41.7929  0.00015963092  4.38949249e-05  8.0224785e-05
 41.8223  0.000187605239  2.46011976e-05  4.15199616e-05
 41.8517  0.000210782885  1.29097364e-05  1.93858999e-05
 41.8811  0.000252538211  3.22326939e-05  4.8524972e-05
 41.9105  0.000316530185  5.00009367e-05  6.86867077e-05
 41.9399  0.00036600758  4.56929292e-05  4.95693241e-05
 41.9693  0.000397099759  6.81259021e-05  6.61906551e-05
 41.9987  0.000426601909  6.21426632e-05  4.6826863e-05
 42.0281  0.000634625207  0.000102000815  3.74234846e-05
 42.0575  0.000811643891  0.00024530823  5.69682355e-05
 42.0869  0.000648657269  0.000252297716  8.48889389e-05
 42.1163  0.000856331532  0.000289935961  8.15489376e-05
 42.1457  0.000778078051  0.00025426323  6.14553059e-05
 42.1752  0.00117568512  0.0002780236  6.71764402e-05
 42.2046  0.00146357845  0.000375025181  0.000133763798
 42.234  0.00117388878  0.000832111512  0.000685748228
 42.2634  0.00130494671  0.000503328447  0.000355371235
 42.2928  0.00117620204  0.000539425911  0.000343763187
 42.3222  0.0012710029  0.000571964596  0.000153048331
 42.3516  0.00121728189  0.000380903376  8.22856378e-05
 42.381  0.0014875425  0.000307642134  7.16936064e-05
 42.4104  0.0008972549  9.24257364e-05  4.74554851e-05
 42.4398  0.000894049205  5.09934523e-05  4.44133921e-05
 42.4692  0.000915644745  7.69354006e-05  4.18382334e-05
 42.4986  0.000609899101  4.01631718e-05  2.41812789e-05
 42.528  0.000617742902  3.38781023e-05  2.58260137e-05
 42.5575  0.000662986331  2.81681303e-05  2.19385389e-05
 42.5869  0.000530909501  1.71840177e-05  1.66636464e-05
 42.6163  0.000545179065  1.48092164e-05  1.55273322e-05
 42.6457  0.000571047527  2.14576628e-05  2.08242085e-05
 42.6751  0.000505827397  2.36361735e-05  2.16345103e-05
 42.7045  0.000514528169  3.01823847e-05  2.48358637e-05
 42.7339  0.000682665481  6.98957048e-05  5.59446349e-05
 42.7633  0.00077302116  7.21091554e-05  5.42670561e-05
 42.7927  0.0010559276  0.000114812135  8.54467773e-05
 42.8221  0.00144537349  0.000178428005  0.000117808682
 42.8515  0.00132620655  0.000207811292  0.00012477662
 42.8809  0.0011496993  0.00015551881  7.4003175e-05
 42.9103  0.00104567106  0.000150627042  6.19790892e-05
 42.9397  0.0015207556  0.000364081284  0.000100105989
 42.9692  0.00200624277  0.000518256122  0.000163393094
 42.9986  0.00433955046  0.00119386914  0.000338642626
 43.028  0.0150868906  0.00342486485  0.000913743227
 43.0574  0.0238234544  0.00831240709  0.0013732379
 43.0868  0.0352370374  0.013849105  0.00174170922
 43.1162  0.0373317469  0.0115113666  0.00136759355
 43.1456  0.0179668623  0.0039893888  0.000548659168
 43.175  0.0181364596  0.00325412879  0.000727659391
 43.2044  0.0301065874  0.0111681661  0.00129656787
 43.2338  0.0619097637  0.0383482671  0.00252821241
 43.2632  0.101838464  0.0869124568  0.00496666611
 43.2926  0.108265583  0.0633122946  0.00387000824
 43.322  0.0937115657  0.0574730862  0.00257076799
 43.3515  0.0783281815  0.0433138739  0.00205324035
 43.3809  0.0724723843  0.0273555557  0.00212012552
 43.4103  0.105425337  0.0461929487  0.0026518813
 43.4397  0.0975167322  0.080137408  0.00433831975
 43.4691  0.0868698478  0.0704959349  0.00469747873
 43.4985  0.0683496335  0.0350789744  0.00427077127
 43.5279  0.0469607488  0.0167391967  0.00416956962
 43.5573  0.0459860961  0.0193080671  0.00473728723
 43.5867  0.0428525232  0.0185514213  0.00410536174
 43.6161  0.0305452284  0.0122760418  0.0028605411
 43.6455  0.0260148933  0.0105562865  0.00215739525
 43.6749  0.0231518838  0.0111179901  0.00220516473
 43.7043  0.0256967723  0.0157694266  0.00209355752
 43.7338  0.0262664152  0.0165453118  0.00183956943
 43.7632  0.0221943831  0.017187792  0.00172985952
 43.7926  0.0151490643  0.0204533011  0.00149185035
 43.822  0.00626706766  0.00403387989  0.000680741337
 43.8514  0.00502312912  0.00149149277  0.000630975525
 43.8808  0.00550202856  0.00128072696  0.000243598989
 43.9102  0.00611171889  0.00130088517  0.000407660878
 43.9396  0.00683775552  0.00141054594  0.000928039464
 43.969  0.00728673153  0.00257457805  0.00246959962
 43.9984  0.00785275931  0.0030834516  0.00341688625
 44.0278  0.00875880804  0.00367686611  0.00352980927
 44.0572  0.0083528801  0.00508152986  0.00442363305
 44.0866  0.00738650519  0.00690373988  0.00472181729
 44.116  0.0116051221  0.00634652269  0.0040470662
 44.1455  0.0110081755  0.00335292214  0.0026043775
 44.1749  nan  nan  nan
 44.2043  nan  nan  nan
 44.2337  nan  nan  nan
 44.2631  nan  nan  nan
 44.2925  nan  nan  nan
 44.3219  nan  nan  nan
 44.3513  nan  nan  nan
 44.3807  nan  nan  nan
 44.4101  nan  nan  nan
 44.4395  nan  nan  nan
 44.4689  nan  nan  nan
 44.4983  nan  nan  nan
 44.5278  nan  nan  nan
 44.5572  nan  nan  nan
 44.5866  nan  nan  nan
 44.616  0.00775048179  0.00296196141  0.00224472434
 44.6454  0.0096252557  0.00499982055  0.00435013176
 44.6748  0.00542709112  0.0027059436  0.00238058923
 44.7042  nan  nan  nan
 44.7336  nan  nan  nan
