# X (m) TKE_avg epsilon_turb_pw_avg_Y_avg epsilon_pw_avg_Y_avg
 33.03  9.96459016e-05  0.200951309  0.0272721466
 33.06  6.84062227e-05  0.017688847  0.00281495701
 33.09  9.14230469e-05  0.00445134409  0.000710126786
 33.1199  0.000106680137  5.47939778e-06  3.17189855e-06
 33.1499  0.000129231869  8.730834e-06  6.91323586e-06
 33.1799  0.000181168156  1.10028325e-05  3.46666244e-05
 33.2099  0.000317079069  9.32045444e-05  3.27513867e-05
 33.2399  0.000405737894  0.000366695951  0.000360571523
 33.2699  0.000464038347  0.000380260867  0.000417798492
 33.2999  0.000323905652  0.000172800369  0.000148386801
 33.3299  0.000317845623  5.97911421e-05  4.08479648e-05
 33.3598  0.000307832913  2.10565568e-05  1.49645215e-05
 33.3898  0.000332079506  1.8545518e-05  1.67626236e-05
 33.4198  0.000406022313  2.62021758e-05  1.72863338e-05
 33.4498  0.000468301021  3.05196949e-05  1.60633157e-05
 33.4798  0.000552054291  4.23151472e-05  1.7432473e-05
 33.5098  0.000460303061  3.50802923e-05  1.82298542e-05
 33.5398  0.000612251305  4.81498069e-05  1.98764934e-05
 33.5698  0.000609026351  5.78215748e-05  1.60419836e-05
 33.5997  0.000571325967  6.43519176e-05  2.53711676e-05
 33.6297  0.000469205309  8.23324749e-05  3.06480986e-05
 33.6597  0.000593947672  0.00185395572  9.81989234e-05
 33.6897  0.000711905225  0.000870348049  9.47508575e-05
 33.7197  0.000826944749  0.000188965287  0.000119306559
 33.7497  0.000891920093  0.000113071109  5.12813722e-05
 33.7797  0.000864217462  0.000525950128  0.000285056814
 33.8096  0.000899166137  0.000398337392  0.000198474771
 33.8396  0.000828466307  0.000163424722  2.8977754e-05
 33.8696  0.000600387352  0.000168192223  1.68747029e-05
 33.8996  0.00040469473  7.45983455e-05  9.76631058e-06
 33.9296  0.000315635319  3.09247052e-05  8.15812637e-06
 33.9596  0.000258042639  1.39077854e-05  7.32570621e-06
 33.9896  0.000267531662  1.30734364e-05  1.04971128e-05
 34.0196  0.000281042319  1.5362993e-05  1.47063416e-05
 34.0495  0.000290030029  1.77938751e-05  1.49715451e-05
 34.0795  0.000233390004  1.28099663e-05  9.75274874e-06
 34.1095  0.000239958598  1.09839528e-05  8.50612161e-06
 34.1395  0.000242875223  8.58660689e-06  7.00116519e-06
 34.1695  0.000283010138  8.49450219e-06  7.07522487e-06
 34.1995  0.000357435099  8.61814564e-06  7.1982279e-06
 34.2295  0.000335409833  1.00189208e-05  6.32928512e-06
 34.2595  0.000322866482  9.29346379e-06  6.15895379e-06
 34.2894  0.000290162227  9.58182784e-06  6.06226225e-06
 34.3194  0.000183237267  9.42391147e-06  4.59200139e-06
 34.3494  0.000202232683  9.27424775e-06  5.36144223e-06
 34.3794  0.00019317278  1.28603348e-05  6.5238068e-06
 34.4094  0.000181537425  1.09261717e-05  6.13474797e-06
 34.4394  0.000183761686  9.98760057e-06  5.96350114e-06
 34.4694  0.000138418803  7.43979383e-06  4.24097323e-06
 34.4993  0.000131920363  7.95188483e-06  4.24834704e-06
 34.5293  0.000126451019  8.40183171e-06  6.0993803e-06
 34.5593  0.000118450015  6.42273919e-06  4.36818929e-06
 34.5893  0.00011806267  6.25398374e-06  4.98159271e-06
 34.6193  0.000107672282  5.58261318e-06  4.5548727e-06
 34.6493  0.000116782467  1.05840653e-05  5.15045265e-06
 34.6793  0.000115191813  1.27992139e-05  5.29204576e-06
 34.7093  0.000117815997  1.21540613e-05  8.16223501e-06
 34.7392  0.000121130646  9.22612217e-06  7.08479122e-06
 34.7692  0.000126262533  1.00348137e-05  7.5720671e-06
 34.7992  0.000117230688  9.98969678e-06  8.14888551e-06
 34.8292  0.000132992387  1.08063514e-05  8.70734925e-06
 34.8592  0.000135944137  6.9153426e-06  4.46440856e-06
 34.8892  0.000147550782  1.11559023e-05  7.73132991e-06
 34.9192  0.000131822066  1.01153774e-05  7.854189e-06
 34.9491  0.000170992137  7.04602009e-06  8.11772617e-06
 34.9791  0.000205561856  8.1371493e-06  9.6392492e-06
 35.0091  0.000212400472  8.09862369e-06  7.34457492e-06
 35.0391  0.000193888119  6.84327753e-06  6.8030524e-06
 35.0691  0.00020185054  4.20745946e-06  4.53102774e-06
 35.0991  0.000225383727  2.36841664e-05  6.16540242e-06
 35.1291  0.000226523009  3.53252512e-05  6.75256617e-06
 35.1591  0.000242975923  0.000146874212  4.08618852e-05
 35.189  0.000278750578  0.000184616063  5.05425463e-05
 35.219  0.000254714433  1.49479968e-05  5.93460413e-06
 35.249  0.000251884152  1.40929493e-05  8.03434664e-06
 35.279  0.000258750112  2.15857777e-05  1.39552004e-05
 35.309  0.000275920193  1.97881897e-05  1.39899847e-05
 35.339  0.000273420022  6.61749736e-06  9.01751108e-06
 35.369  0.000295049533  1.10808193e-05  1.31915148e-05
 35.399  0.000296259971  5.55875709e-06  6.21249121e-06
 35.4289  0.000292836017  9.12101138e-06  9.16071031e-06
 35.4589  0.00028297069  6.24488254e-06  6.20472537e-06
 35.4889  0.000255745421  7.49314894e-06  7.13550776e-06
 35.5189  0.000244867013  7.92582799e-06  5.91226628e-06
 35.5489  0.000231888659  1.30380841e-05  6.49607609e-06
 35.5789  0.000229162702  8.1444827e-06  5.07438008e-06
 35.6089  0.000234888672  8.67062627e-06  5.12197266e-06
 35.6388  0.00021936463  8.22966484e-06  4.98195427e-06
 35.6688  0.000244398194  9.90107384e-06  5.50042864e-06
 35.6988  0.00027301137  1.31830227e-05  5.41154578e-06
 35.7288  0.000331434094  1.58304735e-05  6.4556391e-06
 35.7588  0.000370638165  1.44141439e-05  6.06763374e-06
 35.7888  0.000355712986  1.03555512e-05  5.52289588e-06
 35.8188  0.00032455097  1.20976444e-05  5.67049074e-06
 35.8488  0.000285882393  1.19404118e-05  6.07520541e-06
 35.8787  0.000255740584  1.16718854e-05  5.36382461e-06
 35.9087  0.000228635106  9.14408896e-06  5.33079304e-06
 35.9387  0.000225801556  7.13464881e-06  4.83794052e-06
 35.9687  0.000220204025  9.53281477e-06  6.16961739e-06
 35.9987  0.000241615907  1.25112637e-05  7.28544708e-06
 36.0287  0.000257292958  1.19159132e-05  8.6162779e-06
 36.0587  0.000282668057  1.36363512e-05  1.4913811e-05
 36.0887  0.000334491821  1.66684423e-05  1.54140935e-05
 36.1186  0.000381482198  1.86814148e-05  1.2484249e-05
 36.1486  0.000406029283  7.30601617e-05  5.84896447e-05
 36.1786  0.00039690538  0.00577865899  0.000468571509
 36.2086  0.000381674612  0.00371809321  0.000291565832
 36.2386  0.000376890586  1.48366941e-05  1.39110914e-05
 36.2686  0.000363093348  3.03833022e-05  1.57823369e-05
 36.2986  0.00034406559  3.30156539e-05  2.03159206e-05
 36.3285  0.000303541722  2.67463902e-05  2.01796631e-05
 36.3585  0.000284100502  2.01133989e-05  1.62107137e-05
 36.3885  0.000272432971  3.5026136e-05  3.36154585e-05
 36.4185  0.00030716087  9.55463042e-05  8.34659415e-05
 36.4485  0.000317753758  3.73494431e-05  2.73007229e-05
 36.4785  0.00033049657  2.12774198e-05  9.04612123e-06
 36.5085  0.00037425177  2.40055568e-05  1.3069018e-05
 36.5385  0.000350173299  4.1145509e-05  2.60555556e-05
 36.5684  0.000381503063  0.000116909419  4.3050116e-05
 36.5984  0.000415396737  7.15849668e-05  2.97888316e-05
 36.6284  0.000485173573  0.000273338934  0.000213319103
 36.6584  0.000597842291  0.000647009181  0.000488558641
 36.6884  0.000618135167  0.000593754075  0.000339626601
 36.7184  0.000531817497  0.00053048101  0.000272084475
 36.7484  0.000631819914  0.000278835669  0.000127183515
 36.7784  0.000623840498  0.000217838244  8.68747021e-05
 36.8083  0.00063712326  0.000333445251  0.000304536749
 36.8383  0.000769179037  0.000915525007  0.00122824772
 36.8683  0.000692938626  0.000177011555  0.000639174005
 36.8983  0.000740668299  8.1822216e-05  0.000190761147
 36.9283  0.000757552298  7.69537405e-05  2.50592649e-05
 36.9583  0.000852328006  0.000326869485  6.07736633e-05
 36.9883  0.00103672086  0.000832084199  0.000268297483
 37.0182  0.000789462863  0.00018107027  0.000576053369
 37.0482  0.000796465275  0.000135968064  0.000633765146
 37.0782  0.000756566966  0.000117847966  5.47369409e-05
 37.1082  0.000754491004  0.000162556026  8.24916019e-05
 37.1382  0.000923356504  0.000308506409  0.000177696892
 37.1682  0.00127177472  0.000313061904  0.000154994744
 37.1982  0.00104228992  0.000182242477  7.62132871e-05
 37.2282  0.00104377502  0.000238889489  0.000147808739
 37.2581  0.00100946016  0.000475164775  0.000318159841
 37.2881  0.00100596432  0.000708108906  0.000415407022
 37.3181  0.000859418844  0.000187681497  0.000103661502
 37.3481  0.000798200585  0.000137755409  6.91516709e-05
 37.3781  0.000662645885  8.87559831e-05  5.63324783e-05
 37.4081  0.000629967109  5.70554621e-05  4.45406154e-05
 37.4381  0.000615460485  6.2164245e-05  3.923785e-05
 37.4681  0.00061126248  3.50005864e-05  4.05741053e-05
 37.498  0.000641540898  4.69797485e-05  5.09962121e-05
 37.528  0.000503460184  5.06293981e-05  4.42871588e-05
 37.558  0.000520712914  6.19806311e-05  5.11195477e-05
 37.588  0.000511735556  4.02190394e-05  5.07797056e-05
 37.618  0.000439075268  3.54849926e-05  4.3547713e-05
 37.648  0.000336676833  4.13112536e-05  3.45741031e-05
 37.678  0.000288501652  3.55653956e-05  2.96980599e-05
 37.7079  0.000276960356  3.86120456e-05  3.30869274e-05
 37.7379  0.000331388903  4.88700926e-05  2.67818824e-05
 37.7679  0.000293869802  5.2798875e-05  2.44223683e-05
 37.7979  0.000243347721  4.57457543e-05  1.97804462e-05
 37.8279  0.000276370273  5.17514079e-05  2.40587307e-05
 37.8579  0.000336618762  6.9622334e-05  3.13730682e-05
 37.8879  0.000413299023  0.000633208012  8.38466089e-05
 37.9179  0.000483989554  0.0107354785  0.000521935644
 37.9478  0.000490063662  0.00238952567  0.000127873129
 37.9778  0.000547075565  9.68133715e-05  2.39889046e-05
 38.0078  0.000723884319  9.48959792e-05  2.68659327e-05
 38.0378  0.000735051146  7.90199386e-05  2.69559447e-05
 38.0678  0.000662876896  6.15813475e-05  2.28820096e-05
 38.0978  0.000653691478  5.83758693e-05  3.62321016e-05
 38.1278  0.000674311681  7.07119459e-05  5.04112703e-05
 38.1577  0.000672025102  6.75746671e-05  4.31063092e-05
 38.1877  0.000593527514  5.25897208e-05  2.36935117e-05
 38.2177  0.000504015229  2.88967797e-05  1.71940242e-05
 38.2477  0.000502587333  5.23385933e-05  3.2954214e-05
 38.2777  0.000487175121  8.07275289e-05  4.56622501e-05
 38.3077  0.00046602135  6.86791996e-05  5.2359169e-05
 38.3377  0.000492117727  2.47046157e-05  3.45070873e-05
 38.3677  0.000553988144  4.2602877e-05  3.6325301e-05
 38.3976  0.000719567323  6.91229169e-05  4.96200945e-05
 38.4276  0.00083983272  4.46253523e-05  3.84676869e-05
 38.4576  0.000808644405  4.24802126e-05  3.40798205e-05
 38.4876  0.000815429431  3.92805449e-05  2.96335088e-05
 38.5176  0.00082662248  3.23382234e-05  3.13410099e-05
 38.5476  0.000776681385  2.52466927e-05  2.46531889e-05
 38.5776  0.00073930971  2.2647363e-05  2.35231352e-05
 38.6076  0.000632011313  2.32109679e-05  3.22984298e-05
 38.6375  0.000540640001  4.05600967e-05  4.09720212e-05
 38.6675  0.000540653745  8.77927681e-05  4.6956389e-05
 38.6975  0.00048750746  9.17700669e-05  5.1184526e-05
 38.7275  0.000452071744  5.60504597e-05  3.88339309e-05
 38.7575  0.000396702844  5.13695103e-05  2.56760411e-05
 38.7875  0.000362311269  2.4953545e-05  2.38279109e-05
 38.8175  0.000329111313  9.73263977e-06  2.58342251e-05
 38.8474  0.000285819787  3.04752797e-05  5.05822746e-05
 38.8774  0.000279034697  2.54022541e-05  3.55426529e-05
 38.9074  0.000286427273  3.68720175e-05  4.57113922e-05
 38.9374  0.000291604892  4.51431541e-05  4.46803713e-05
 38.9674  0.0002733914  4.57510461e-05  5.03015936e-05
 38.9974  0.000258620932  3.68976854e-05  4.20953631e-05
 39.0274  0.000306825284  6.27017021e-05  7.31012634e-05
 39.0574  0.00029752715  2.77749319e-05  3.97859231e-05
 39.0873  0.000316085202  7.21169701e-05  9.31063047e-05
 39.1173  0.000354165857  5.25989484e-05  5.73007908e-05
 39.1473  0.000382060778  7.8557008e-05  9.7881248e-05
 39.1773  0.000444019318  5.82398948e-05  8.39967399e-05
 39.2073  0.000445529652  4.22589705e-05  8.94723564e-05
 39.2373  0.000363863355  3.24186635e-05  8.14554458e-05
 39.2673  0.000402382693  3.12983006e-05  9.63122015e-05
 39.2973  0.000380161932  2.70152181e-05  9.97194559e-05
 39.3272  0.000374765639  2.38912121e-05  9.72699628e-05
 39.3572  0.000333572631  2.14695693e-05  7.85401701e-05
 39.3872  0.000364586649  3.19354877e-05  9.28419778e-05
 39.4172  0.000417456358  3.02435858e-05  0.000112084764
 39.4472  0.000380971917  2.66964419e-05  0.000126293218
 39.4772  0.000402332046  2.43789722e-05  0.00012139532
 39.5072  0.000368170188  3.13091921e-05  0.00013318554
 39.5371  0.000336230418  1.49893873e-05  9.94510475e-05
 39.5671  0.000354209268  2.00389645e-05  0.000106473993
 39.5971  0.000329308028  2.45130365e-05  0.000108455325
 39.6271  0.000312889414  2.82361553e-05  0.000112933785
 39.6571  0.000293083878  3.1892698e-05  0.000115737872
 39.6871  0.000333288932  3.50845237e-05  0.000120522374
 39.7171  0.000341466636  3.46903727e-05  0.000115144317
 39.7471  0.000352802276  2.16908242e-05  8.77965157e-05
 39.777  0.00037861651  1.69754435e-05  8.24191099e-05
 39.807  0.000374435148  1.71698869e-05  9.04627455e-05
 39.837  0.000361044014  2.5393327e-05  8.65081114e-05
 39.867  0.000335643194  2.12265779e-05  7.83179223e-05
 39.897  0.000339341585  2.08575818e-05  8.23667685e-05
 39.927  0.000309422016  2.33038812e-05  7.77366335e-05
 39.957  0.000342568319  3.35775558e-05  8.34667195e-05
 39.987  0.000286495038  3.27768082e-05  6.75751501e-05
 40.0169  0.000383834747  3.25669438e-05  7.60599848e-05
 40.0469  0.000397360349  2.62940876e-05  8.08629811e-05
 40.0769  0.000570604692  3.98130799e-05  0.000107628459
 40.1069  0.000471602373  4.31303247e-05  9.52361051e-05
 40.1369  0.00045180993  6.79573145e-05  8.71207442e-05
 40.1669  0.000502140114  6.90023394e-05  7.75953211e-05
 40.1969  0.000391695087  3.86838696e-05  4.90522084e-05
 40.2268  0.00047299129  3.32228128e-05  4.99994111e-05
 40.2568  0.000580363691  3.64713867e-05  6.12945143e-05
 40.2868  0.000459527214  3.67153262e-05  6.32190043e-05
 40.3168  0.000482651581  5.01838143e-05  6.2497536e-05
 40.3468  0.000406220216  4.43051382e-05  5.46731396e-05
 40.3768  0.000410221762  4.98821176e-05  6.49187931e-05
 40.4068  0.000427846529  6.9787942e-05  6.76981679e-05
 40.4368  0.00059335613  0.000292018745  9.40604094e-05
 40.4667  0.000803575004  0.000279373751  0.000119580991
 40.4967  0.000779456916  0.000867749243  0.000267629873
 40.5267  0.000946945656  0.00158419221  0.000439526137
 40.5567  0.00136872867  0.000798299352  0.000328947286
 40.5867  0.00147255633  0.000470996545  0.000247650532
 40.6167  0.00176959726  0.000710417909  0.000186451408
 40.6467  0.0017306681  0.000709287191  0.0001445824
 40.6767  0.00187471646  0.00066426461  0.000152846631
 40.7066  0.00253321257  0.000845935157  0.000141794506
 40.7366  0.00139138506  0.000600128137  8.11998514e-05
 40.7666  0.00098503726  0.000277942152  9.43826198e-05
 40.7966  0.00077513181  0.000184996745  0.000126372013
 40.8266  0.0010046705  0.000501466559  0.0001031249
 40.8566  0.0011006677  0.000274387931  0.000113988594
 40.8866  0.00210094858  0.000577574522  0.000128734193
 40.9165  0.00289622113  0.000725016044  0.000195229567
 40.9465  0.00320034203  0.000865745829  0.000191217122
 40.9765  0.00319832067  0.00107786787  0.000228220983
 41.0065  0.00274330514  0.0019016817  0.000558684547
 41.0365  0.00502179793  0.00247045751  0.00027984874
 41.0665  0.00819135986  0.00540727706  0.000349976512
 41.0965  0.0114226754  0.00833734045  0.00047605951
 41.1265  0.0120293793  0.00677950642  0.000678208741
 41.1564  0.011277759  0.00954046932  0.00166886984
 41.1864  0.00265002842  0.00346889311  0.00299080362
 41.2164  0.00101806661  0.00152748692  0.00361765739
 41.2464  0.00167371499  0.00213222046  0.00397422979
 41.2764  0.0024002385  0.00250973733  0.00239277022
 41.3064  0.00359250476  0.0026139495  0.000545188105
 41.3364  0.000575848896  0.000652922847  0.000184444804
 41.3663  0.000303814663  0.0001766648  0.000169679671
 41.3963  0.000288947228  4.57906277e-05  0.000113243748
 41.4263  0.000318956987  9.36548093e-05  0.000214375907
 41.4563  0.000239745645  5.529059e-05  0.0001437491
 41.4863  0.000253559189  9.21546481e-05  0.000183986509
 41.5163  0.000292569422  0.00010707368  0.000201302271
 41.5463  0.000347977037  3.92752143e-05  6.77835871e-05
 41.5763  0.000398104224  5.90869426e-05  8.44241549e-05
 41.6062  0.00036587196  0.000142435292  0.000161704684
 41.6362  0.000296014929  0.000127482688  0.000147995616
 41.6662  0.000279616782  0.000151341061  0.00019234278
 41.6962  0.000231746764  0.000182102634  0.000249136927
 41.7262  0.000252534797  0.000110704634  0.000150251453
 41.7562  0.000297379267  8.77190189e-05  0.00012146226
 41.7862  0.000235602455  5.34423006e-05  6.79420982e-05
 41.8162  0.000223144029  3.56546379e-05  3.38923973e-05
 41.8461  0.000208223884  3.77322283e-05  3.61476393e-05
 41.8761  0.000219049135  2.68789697e-05  2.22171498e-05
 41.9061  0.000233100348  4.04322784e-05  3.45854071e-05
 41.9361  0.000281835687  3.41807844e-05  2.21526231e-05
 41.9661  0.000302072074  3.6418779e-05  3.27638622e-05
 41.9961  0.000493640582  6.40080772e-05  2.63091981e-05
 42.0261  0.000542303187  0.000104813533  3.72680907e-05
 42.056  0.000756559717  0.000153639459  3.8259232e-05
 42.086  0.000743088081  0.000339443671  0.000113015378
 42.116  0.000912153299  0.000350213629  9.4353925e-05
 42.146  0.000883454223  0.000268022728  5.59560511e-05
 42.176  0.000851468929  0.000156787334  3.80516851e-05
 42.206  0.00130512534  0.000177923085  6.27460943e-05
 42.236  0.00147163258  0.000700956454  0.000430828509
 42.266  0.00166131137  0.000607917646  0.000190026847
 42.2959  0.00164381454  0.000770418613  0.000227710904
 42.3259  0.00156351557  0.000714679178  0.000133723362
 42.3559  0.00164399163  0.000492642496  6.47650637e-05
 42.3859  0.00132181475  0.000583760789  5.18336393e-05
 42.4159  0.00122775463  0.000549163172  6.02770037e-05
 42.4459  0.0010871488  0.00025896821  5.69830241e-05
 42.4759  0.00149756809  0.000264201628  7.57213681e-05
 42.5059  0.00230640211  0.000337935001  0.000104643748
 42.5358  0.00491362286  0.000842289745  0.000157440809
 42.5658  0.00582930104  0.00100336348  0.000189001713
 42.5958  0.00531186206  0.000762606463  0.000123093126
 42.6258  0.00472563445  0.000578206938  0.000131875
 42.6558  0.00542495325  0.000869740994  0.000283222333
 42.6858  0.0114290773  0.0020293448  0.000405937981
 42.7158  0.0286866651  0.00661808178  0.000672759303
 42.7457  0.0518677372  0.0154581534  0.000966496063
 42.7757  0.0652159706  0.0268780529  0.00136798899
 42.8057  0.0646066843  0.0380566164  0.00163499366
 42.8357  0.0379928114  0.0198456147  0.000939545417
 42.8657  0.0158297999  0.00517113362  0.000345550803
 42.8957  0.00947616488  0.00200688162  0.000154650187
 42.9257  0.013307918  0.00180573594  0.000184172751
 42.9557  0.0271957342  0.0064480593  0.000603493429
 42.9856  0.0560751845  0.0180355929  0.00101021334
 43.0156  0.0940478467  0.0469623981  0.00223520774
 43.0456  0.15317768  0.100145274  0.00397435232
 43.0756  0.216548821  0.146120332  0.00584444281
 43.1056  0.145049119  0.0838827212  0.00343983765
 43.1356  0.0866652174  0.0395137882  0.00164756135
 43.1656  0.0499146567  0.0164789813  0.000854662413
 43.1956  0.0322400663  0.00894775101  0.000644881031
 43.2255  0.0366871104  0.0100145041  0.00102909444
 43.2555  0.060360044  0.0318857971  0.00207399081
 43.2855  0.113199795  0.0719529381  0.00367040151
 43.3155  0.205669272  0.154853419  0.00539478038
 43.3455  0.235196738  0.205667461  0.00563367622
 43.3755  0.171061817  0.174181931  0.00427657082
 43.4055  0.133016318  0.12446454  0.00343934359
 43.4354  0.0870779954  0.0736402756  0.00256260019
 43.4654  0.0699779485  0.0526812169  0.00216078098
 43.4954  0.0742199643  0.0594281841  0.00264449077
 43.5254  0.0521416593  0.0361499822  0.00425440605
 43.5554  0.0428124068  0.02421854  0.00397429392
 43.5854  0.0456972276  0.0315633591  0.00397855682
 43.6154  0.0448976615  0.0353202219  0.00381431709
 43.6454  0.02382025  0.0185574208  0.00193404453
 43.6753  0.00889416823  0.00336711502  0.000751123748
 43.7053  0.00905163519  0.00389494276  0.000531604838
 43.7353  0.00733107265  0.00221254542  0.000314998641
 43.7653  0.00630920355  0.00100262983  0.000223860222
 43.7953  0.0061688915  0.000995841686  0.00024308491
 43.8253  0.00641028106  0.00120189477  0.000242982239
 43.8553  0.00683877358  0.000979454403  0.000272046691
 43.8852  0.00765780183  0.00102244429  0.000239998523
 43.9152  0.00849346992  0.00102602875  0.000257603735
 43.9452  0.00808781963  0.000856694409  0.000277731185
 43.9752  0.00741716512  0.00155726744  0.000314384198
 44.0052  0.00795712872  0.0014811228  0.000275886929
 44.0352  0.00771455427  0.00177914472  0.000309418414
 44.0652  0.00889158778  0.00250138506  0.000405111743
 44.0952  0.0100346244  0.00274690769  0.000535539003
 44.1251  0.0103678956  0.00191358445  0.000610572069
 44.1551  0.0111874977  0.00312259652  0.000900283031
 44.1851  0.0112232874  0.00371144704  0.00112186543
 44.2151  0.0118167079  0.00392774753  0.00137155952
 44.2451  0.0131898371  0.00404827281  0.00153371624
 44.2751  0.0151741893  0.00359169247  0.00184014468
 44.3051  0.0127239841  0.0046636945  0.00270514834
 44.3351  nan  nan  nan
 44.365  nan  nan  nan
 44.395  nan  nan  nan
 44.425  nan  nan  nan
 44.455  nan  nan  nan
 44.485  nan  nan  nan
 44.515  nan  nan  nan
 44.545  nan  nan  nan
 44.5749  nan  nan  nan
 44.6049  0.00977826673  0.00452157742  0.00397389208
 44.6349  0.00880577432  0.0043475434  0.00343391436
 44.6649  0.00711684396  0.0038340004  0.00267963905
 44.6949  0.00713614647  0.00306852046  0.002630268
 44.7249  0.00695692053  0.00270370252  0.00268841406
 44.7549  0.0103694933  0.00373019123  0.00333115739
 44.7849  0.00831813286  0.00382699072  0.0040007671
 44.8148  0.00629647032  0.00365419149  0.0041486736
 44.8448  0.00785109477  0.00464297367  0.00439934864
 44.8748  nan  nan  nan
 44.9048  nan  nan  nan
 44.9348  nan  nan  nan
 44.9648  0.014467018  0.00745557802  0.00652945505
