# X (m) TKE_avg epsilon_turb_pw_avg_Y_avg epsilon_pw_avg_Y_avg
 33.0296  6.8009666e-05  0.0313529167  0.00770737183
 33.0591  5.39172055e-05  0.00329013569  0.00436918647
 33.0887  5.64245617e-05  0.000902159962  0.00120341129
 33.1182  5.95152596e-05  2.81911284e-06  1.08967225e-05
 33.1478  6.00657354e-05  3.35414816e-06  1.40173099e-05
 33.1773  0.000105841574  1.48773955e-05  3.08145429e-05
 33.2069  0.000212877054  4.73603653e-05  3.54965998e-05
 33.2364  0.000293282831  9.763596e-05  4.62572788e-05
 33.266  0.000398186054  0.000124150027  5.36272502e-05
 33.2955  0.000395147136  5.60554873e-05  3.44684861e-05
 33.3251  0.000332622014  4.48722678e-05  2.17418037e-05
 33.3547  0.000306190896  3.52731761e-05  1.94644574e-05
 33.3842  0.000188930346  1.46793651e-05  1.61585291e-05
 33.4138  0.000210519141  2.31055234e-05  1.84648947e-05
 33.4433  0.000188355427  1.70100937e-05  1.34737226e-05
 33.4729  0.000160384821  1.27641879e-05  9.93413304e-06
 33.5024  0.000136085611  9.63719183e-06  8.51678453e-06
 33.532  0.000124041242  8.57433694e-06  7.16304651e-06
 33.5615  0.000133482562  1.39114642e-05  6.39416448e-06
 33.5911  0.000137293987  2.36739754e-05  5.88421624e-06
 33.6207  0.000155002602  2.44878755e-05  8.04831095e-06
 33.6502  0.000195112297  0.000254758169  2.23768737e-05
 33.6798  0.000266229795  0.000290415035  2.29388128e-05
 33.7093  0.000303496274  0.000378126359  2.99512477e-05
 33.7389  0.000337685721  0.000159657548  2.19751527e-05
 33.7684  0.000407929221  0.000275354935  3.59020709e-05
 33.798  0.000492055705  0.000420784249  4.6952733e-05
 33.8275  0.000492199329  0.000257822555  2.57589663e-05
 33.8571  0.000487869461  0.000302745783  1.72392416e-05
 33.8866  0.000450714547  0.00018467802  1.45731646e-05
 33.9162  0.000362903547  7.72022767e-05  1.28686728e-05
 33.9458  0.00031128651  4.05716808e-05  1.20298328e-05
 33.9753  0.000267454698  1.39314054e-05  5.44550039e-06
 34.0049  0.000287679224  1.2643738e-05  4.78119008e-06
 34.0344  0.000284713125  1.52839588e-05  8.60695687e-06
 34.064  0.000280339458  1.36240594e-05  5.60988096e-06
 34.0935  0.000297042433  1.50377438e-05  6.88763702e-06
 34.1231  0.000314278546  1.5965441e-05  7.13286364e-06
 34.1526  0.000288699737  1.23398086e-05  6.82665803e-06
 34.1822  0.000265186891  1.26758439e-05  6.72913543e-06
 34.2117  0.000231252944  1.12730788e-05  5.09319361e-06
 34.2413  0.000219102189  1.31819834e-05  9.2480578e-06
 34.2709  0.000207764555  9.94227907e-06  4.80237779e-06
 34.3004  0.000194133031  1.19834615e-05  7.99660739e-06
 34.33  0.000188061414  9.83674919e-06  7.71868982e-06
 34.3595  0.0001776829  6.93573109e-06  6.84865994e-06
 34.3891  0.000176764507  5.06016272e-06  5.52419328e-06
 34.4186  0.000163567828  3.4577753e-06  4.33460079e-06
 34.4482  0.000155761229  4.45107718e-06  4.93814583e-06
 34.4777  0.000121913036  3.06349684e-06  4.85418294e-06
 34.5073  0.000119003316  3.32237638e-06  6.02432675e-06
 34.5369  0.000103866261  4.4569729e-06  5.51455665e-06
 34.5664  9.71432169e-05  3.02130524e-06  5.0868172e-06
 34.596  9.47998898e-05  2.08451481e-06  3.94029686e-06
 34.6255  9.79003601e-05  2.69224192e-06  4.04221167e-06
 34.6551  0.000110223529  3.06520995e-06  4.47457029e-06
 34.6846  0.000119726211  2.9422224e-06  3.79462666e-06
 34.7142  0.000119528984  3.1666902e-06  4.28491372e-06
 34.7437  0.000114980385  3.1704287e-06  4.99070721e-06
 34.7733  0.000122424593  4.35257015e-06  5.57887362e-06
 34.8028  0.000114085742  4.48524606e-06  5.24064594e-06
 34.8324  0.000114806225  5.27305639e-06  6.08252191e-06
 34.862  0.000112903886  3.4173251e-06  5.93067371e-06
 34.8915  0.000110667269  4.19032212e-06  7.05484226e-06
 34.9211  9.66682722e-05  5.13649054e-06  5.52727148e-06
 34.9506  9.82431333e-05  3.59840999e-06  8.97116992e-06
 34.9802  0.000102652866  3.15932046e-06  5.94747708e-06
 35.0097  0.000121142776  3.72150771e-06  9.13208526e-06
 35.0393  0.000141556876  6.22779647e-06  1.35232263e-05
 35.0688  0.000181864677  8.66157798e-06  1.00952987e-05
 35.0984  0.000182910304  1.87400119e-05  1.11457731e-05
 35.1279  0.000176644577  1.44426112e-05  6.436591e-06
 35.1575  0.000180845869  3.51379012e-05  0.000522392379
 35.1871  0.000200781776  5.44722372e-05  0.000858936437
 35.2166  0.000191925788  9.95898677e-06  4.16259108e-05
 35.2462  0.000163218049  1.35448099e-05  1.76373506e-05
 35.2757  0.00016454624  1.95518958e-05  2.80903966e-05
 35.3053  0.000141615972  7.71840582e-06  1.47748582e-05
 35.3348  0.000151778741  1.08771301e-05  2.51077297e-05
 35.3644  0.000124179288  1.60205039e-05  3.39562062e-05
 35.3939  0.000134282894  7.61604188e-06  1.6594559e-05
 35.4235  0.000124821105  1.78382725e-05  2.99061462e-05
 35.453  0.000114378192  1.36481871e-05  2.16298583e-05
 35.4826  0.000142898473  1.37718269e-05  2.72012452e-05
 35.5122  0.000154476983  1.32613053e-05  2.39061843e-05
 35.5417  0.000187147099  1.53267405e-05  2.1519043e-05
 35.5713  0.000170685553  1.48560922e-05  2.12690682e-05
 35.6008  0.000234467388  1.86451763e-05  1.90155476e-05
 35.6304  0.000313765076  3.58913775e-05  4.00972525e-05
 35.6599  0.000405588464  3.84259646e-05  2.58692434e-05
 35.6895  0.000498454923  6.0439712e-05  3.4076306e-05
 35.719  0.000389709867  5.22165612e-05  2.45878057e-05
 35.7486  0.000463678536  6.46968294e-05  2.81172795e-05
 35.7782  0.00044155834  6.68402439e-05  2.53803006e-05
 35.8077  0.000428031072  8.65145323e-05  3.11817231e-05
 35.8373  0.000473568035  7.67566906e-05  3.30491994e-05
 35.8668  0.00043480817  4.97423023e-05  3.92613903e-05
 35.8964  0.000461355241  5.66418214e-05  4.21774072e-05
 35.9259  0.000371858437  4.57947018e-05  4.08646825e-05
 35.9555  0.000337913677  4.38083102e-05  2.85699809e-05
 35.985  0.000253745839  3.09190196e-05  1.92902434e-05
 36.0146  0.000342923076  3.08531386e-05  1.71314922e-05
 36.0441  0.000275188035  2.77018004e-05  1.21232726e-05
 36.0737  0.000307885592  3.50606478e-05  1.20683033e-05
 36.1033  0.000275488011  5.64801958e-05  2.83471357e-05
 36.1328  0.000375447562  9.14346622e-05  3.24828358e-05
 36.1624  0.000361860864  0.000108957004  3.35309062e-05
 36.1919  0.000440332439  0.000130642797  7.58709726e-05
 36.2215  0.000514773508  7.1612344e-05  3.52835363e-05
 36.251  0.00044134635  4.97475816e-05  1.88460363e-05
 36.2806  0.000389384231  4.94202702e-05  1.73863523e-05
 36.3101  0.000416881921  5.247671e-05  2.07453189e-05
 36.3397  0.000418727115  4.13474554e-05  2.41725522e-05
 36.3692  0.000425010133  2.97953902e-05  2.73037224e-05
 36.3988  0.000408191599  6.83986373e-05  6.86157545e-05
 36.4284  0.000385031727  9.46161512e-05  9.15177099e-05
 36.4579  0.000371071571  2.98240193e-05  2.60603413e-05
 36.4875  0.000282917022  2.31804626e-05  1.91774669e-05
 36.517  0.000234633625  1.89721192e-05  1.56810084e-05
 36.5466  0.000198267149  3.444994e-05  1.36353805e-05
 36.5761  0.000280989423  0.000106998435  1.91875959e-05
 36.6057  0.000298792868  5.59073629e-05  1.99557708e-05
 36.6352  0.000232317184  4.66696544e-05  1.61487943e-05
 36.6648  0.000218297504  5.04100904e-05  2.94020616e-05
 36.6944  0.000253189834  5.79128294e-05  2.90230217e-05
 36.7239  0.000307763115  7.70240124e-05  2.46374738e-05
 36.7535  0.000371959029  6.53645533e-05  2.17374238e-05
 36.783  0.000301551378  6.41965356e-05  1.95451651e-05
 36.8126  0.000310745991  0.00027953763  0.000132299974
 36.8421  0.000300587051  0.000747500405  0.000368645626
 36.8717  0.000329867381  0.000354548848  0.000126858918
 36.9012  0.000354068304  0.000119629999  3.44825693e-05
 36.9308  0.000268304883  4.01194122e-05  1.32721732e-05
 36.9603  0.00021805813  4.00306056e-05  2.03019021e-05
 36.9899  0.000226149414  0.000110402537  5.33360715e-05
 37.0195  0.000253733703  0.000170400485  7.54975723e-05
 37.049  0.000241574273  0.000178910437  7.76703663e-05
 37.0786  0.000251000269  5.63226874e-05  1.82749698e-05
 37.1081  0.00028773499  0.000130127924  2.37677482e-05
 37.1377  0.000350397788  0.000329675584  5.67442714e-05
 37.1672  0.000383190455  0.000227498783  3.7697472e-05
 37.1968  0.000365624318  0.000245984616  5.16314123e-05
 37.2263  0.000321076711  0.000267900947  0.000121231598
 37.2559  0.000317831327  0.000326353047  0.000200732301
 37.2854  0.000288206155  0.000191298999  6.10961722e-05
 37.315  0.000243907068  7.57569222e-05  2.98953068e-05
 37.3446  0.000239160729  4.09171495e-05  1.762241e-05
 37.3741  0.000233139755  2.18886863e-05  1.11814352e-05
 37.4037  0.000207532807  1.52204026e-05  1.26291017e-05
 37.4332  0.0002058402  1.73240718e-05  1.49415606e-05
 37.4628  0.000170925734  1.1383971e-05  1.49717544e-05
 37.4923  0.000167750599  5.96574662e-06  8.46762219e-06
 37.5219  0.000178753422  9.81594724e-06  9.9372238e-06
 37.5514  0.000165538537  9.00782463e-06  1.05328575e-05
 37.581  0.000163565354  5.8176806e-06  7.01843748e-06
 37.6106  0.000156185428  6.67456309e-06  9.662915e-06
 37.6401  0.000170767456  1.14445253e-05  1.04257384e-05
 37.6697  0.000189336887  7.74136005e-06  1.33398435e-05
 37.6992  0.000213363997  7.04688652e-06  8.02739233e-06
 37.7288  0.000280462023  1.10245379e-05  1.19552292e-05
 37.7583  0.000321440184  1.36898231e-05  1.18897755e-05
 37.7879  0.000324167546  3.93140687e-05  2.02937794e-05
 37.8174  0.00038207453  0.000109470905  2.84211822e-05
 37.847  0.00033673666  6.39041455e-05  2.72481067e-05
 37.8765  0.000310038509  0.000112691304  0.000100271407
 37.9061  0.000280956935  0.00149974643  0.000915060948
 37.9357  0.000270584395  0.00200443021  0.00119920672
 37.9652  0.000219761331  0.000546219217  0.000339803018
 37.9948  0.000194353362  4.15141953e-05  4.82510319e-05
 38.0243  0.000172482852  1.95302334e-05  2.79893629e-05
 38.0539  0.000146535656  2.3309849e-05  3.41764858e-05
 38.0834  0.000168770891  2.95031435e-05  4.10463695e-05
 38.113  0.000179225082  2.95460659e-05  5.06534403e-05
 38.1425  0.000187029897  2.45701472e-05  4.15719289e-05
 38.1721  0.000252832213  1.88789036e-05  1.86778081e-05
 38.2016  0.000285889859  3.80114491e-05  2.37220105e-05
 38.2312  0.000314342389  7.82056951e-05  3.44892865e-05
 38.2608  0.000308277256  0.000108837612  4.65020252e-05
 38.2903  0.00029013406  5.97473663e-05  5.56282346e-05
 38.3199  0.000359316287  3.66222038e-05  3.32637329e-05
 38.3494  0.000423744798  5.35376721e-05  3.79599875e-05
 38.379  0.00043239395  7.47015638e-05  4.34984166e-05
 38.4085  0.000408965892  4.43577657e-05  2.70738477e-05
 38.4381  0.000370136172  3.81623092e-05  3.57340918e-05
 38.4676  0.000383223621  5.22221369e-05  2.57392335e-05
 38.4972  0.000446519404  7.68943172e-05  3.53845691e-05
 38.5267  0.000473655526  5.64408452e-05  2.38225421e-05
 38.5563  0.00055192097  9.38904294e-05  4.15180844e-05
 38.5859  0.000659436006  0.000113408654  4.98889586e-05
 38.6154  0.000832330158  0.000133423801  3.3983741e-05
 38.645  0.000636066103  0.000119895889  2.67796044e-05
 38.6745  0.000691774331  0.000196748976  3.95602297e-05
 38.7041  0.000684767384  0.000197841612  5.38988335e-05
 38.7336  0.000905111301  0.000175876278  7.4641919e-05
 38.7632  0.000657743006  0.000150613971  6.43680587e-05
 38.7927  0.000497136487  0.000203242825  5.78248703e-05
 38.8223  0.000391041112  6.6970031e-05  3.91675542e-05
 38.8519  0.000356138469  4.44110618e-05  3.85587245e-05
 38.8814  0.000285982418  4.04074711e-05  3.56350636e-05
 38.911  0.000294673153  4.36683062e-05  4.05750534e-05
 38.9405  0.00020182774  1.7096614e-05  3.09337196e-05
 38.9701  0.000178391359  1.13581612e-05  2.41059333e-05
 38.9996  0.000219459278  1.1328586e-05  2.67982862e-05
 39.0292  0.000207821158  1.04075347e-05  2.19141175e-05
 39.0587  0.000196410889  1.06398336e-05  1.80498146e-05
 39.0883  0.000142065259  4.06502038e-06  1.12816437e-05
 39.1178  0.000150448615  5.622363e-06  1.34816082e-05
 39.1474  0.000162180674  9.71914134e-06  1.5145941e-05
 39.177  0.000133627229  8.5549764e-06  1.15221532e-05
 39.2065  0.000113581016  6.57542122e-06  9.05840077e-06
 39.2361  0.000115417251  6.41291938e-06  1.03179881e-05
 39.2656  0.000113599181  4.6159098e-06  8.03906536e-06
 39.2952  0.000110410224  4.93543107e-06  8.16168207e-06
 39.3247  0.000113334321  5.53872633e-06  8.29647637e-06
 39.3543  9.44933891e-05  2.76131869e-06  6.03395213e-06
 39.3838  0.000100210648  9.06014306e-06  1.12074654e-05
 39.4134  8.50153958e-05  6.10061078e-06  9.5223353e-06
 39.4429  8.20837328e-05  6.09956112e-06  1.23608218e-05
 39.4725  8.35942006e-05  3.58748265e-06  8.23761954e-06
 39.5021  8.89209991e-05  9.24985879e-06  1.53296398e-05
 39.5316  8.14820846e-05  8.67997587e-06  1.67460128e-05
 39.5612  8.48844194e-05  4.79517494e-06  7.0767623e-06
 39.5907  8.28378401e-05  8.21590348e-06  9.963705e-06
 39.6203  7.4790172e-05  1.38993823e-05  1.70999843e-05
 39.6498  7.32534711e-05  2.24015855e-05  2.69020582e-05
 39.6794  7.43708241e-05  2.42995039e-05  3.24736816e-05
 39.7089  7.33289302e-05  2.5275858e-05  3.52149305e-05
 39.7385  7.42011413e-05  2.12316926e-05  2.76265204e-05
 39.7681  7.27130362e-05  2.33436488e-06  4.54057434e-06
 39.7976  7.32172622e-05  3.96595954e-06  6.68321915e-06
 39.8272  7.42047689e-05  2.31551292e-06  5.72748128e-06
 39.8567  7.51196306e-05  1.15666386e-05  1.75065206e-05
 39.8863  7.72914071e-05  2.31999917e-05  3.10168686e-05
 39.9158  7.67840924e-05  1.06105467e-05  1.36424121e-05
 39.9454  9.19947569e-05  7.21080335e-06  1.15935992e-05
 39.9749  9.3536239e-05  8.47448243e-06  1.40717874e-05
 40.0045  9.28393769e-05  1.41817507e-05  2.02318304e-05
 40.034  8.98791337e-05  4.18823936e-06  9.57977507e-06
 40.0636  7.87740448e-05  4.08655585e-06  7.12757439e-06
 40.0932  8.37636842e-05  1.54816678e-05  2.03252336e-05
 40.1227  7.9860787e-05  1.50678112e-05  2.0377199e-05
 40.1523  7.65747298e-05  5.92686756e-06  9.54454944e-06
 40.1818  6.97228174e-05  4.65066957e-06  6.17737766e-06
 40.2114  6.76014426e-05  3.19010941e-06  5.30967418e-06
 40.2409  6.19635346e-05  4.68619908e-06  6.68330997e-06
 40.2705  7.14492771e-05  3.36833068e-06  6.14969414e-06
 40.3  9.88800153e-05  3.37751154e-06  5.50740614e-06
 40.3296  0.000147641829  5.70223281e-06  7.9654409e-06
 40.3591  0.000177698489  1.18587417e-05  8.52073744e-06
 40.3887  0.000212625925  1.14133446e-05  8.1801254e-06
 40.4183  0.000247060536  3.33267892e-05  2.44094947e-05
 40.4478  0.000295001834  7.1910378e-05  5.12039417e-05
 40.4774  0.000294629882  4.22719405e-05  2.83643448e-05
 40.5069  0.000256305972  6.72706635e-05  0.000342634311
 40.5365  0.000266965105  0.000943371244  0.000484298963
 40.566  0.000286700445  0.00155980025  0.000478274496
 40.5956  0.000254162735  0.000185705142  7.22588535e-05
 40.6251  0.00021167429  2.02281702e-05  1.65267823e-05
 40.6547  0.000192487679  1.96810393e-05  3.06364405e-05
 40.6843  0.000236498271  2.32873008e-05  3.1278113e-05
 40.7138  0.000231796153  2.68866118e-05  2.39264335e-05
 40.7434  0.000216601207  3.42606904e-05  2.82829945e-05
 40.7729  0.000315955316  4.06155747e-05  3.14001725e-05
 40.8025  0.000416736576  8.64728112e-05  5.39785329e-05
 40.832  0.000468325759  0.000132186804  4.61179368e-05
 40.8616  0.000813344058  0.000272543481  0.000112484727
 40.8911  0.00126771282  0.000342019105  0.000483008757
 40.9207  0.00122961477  0.000234361224  0.000369850813
 40.9502  0.00127301869  0.000174612227  0.000145806286
 40.9798  0.00137979862  0.000203907221  0.00023669476
 41.0094  0.00172690859  0.00029791639  0.000487043376
 41.0389  0.00132074221  0.000322505841  0.000470737241
 41.0685  0.000997455829  0.000230565388  0.00015685703
 41.098  0.00100628697  0.000169296804  7.27769539e-05
 41.1276  0.000995497613  0.000136592847  8.16840324e-05
 41.1571  0.00112294246  0.000186578864  0.000258483648
 41.1867  0.00108909981  0.000445756026  0.000780113287
 41.2162  0.000842845091  0.000344855876  0.000678194881
 41.2458  0.00102601757  0.000295014365  0.000466780898
 41.2753  0.000687112725  0.000219648665  0.000236564176
 41.3049  0.000422654718  0.000151179046  8.23751398e-05
 41.3345  0.000372581291  8.94469474e-05  2.88989023e-05
 41.364  0.000241610612  3.23817406e-05  1.40745887e-05
 41.3936  0.000252405991  2.25218245e-05  1.85089941e-05
 41.4231  0.000213410664  1.11057252e-05  1.33616464e-05
 41.4527  0.000237603489  1.05502867e-05  1.13200686e-05
 41.4822  0.000200685756  1.0115168e-05  1.00131638e-05
 41.5118  0.00022261108  1.16646965e-05  1.27484654e-05
 41.5413  0.000178637799  6.94730602e-06  1.05800584e-05
 41.5709  0.000129690042  3.91797529e-06  6.57182899e-06
 41.6005  0.0001391092  4.55230916e-06  8.48894172e-06
 41.63  0.000123959491  4.17333966e-06  6.43997903e-06
 41.6596  0.000130213714  6.09252822e-06  6.64078747e-06
 41.6891  0.000124364642  6.98923886e-06  6.40637114e-06
 41.7187  0.000123482241  6.91670477e-06  7.03265754e-06
 41.7482  0.000121939353  8.55363957e-06  8.22397867e-06
 41.7778  0.000103730401  5.336895e-06  6.86575161e-06
 41.8073  0.000112712138  6.7179589e-06  6.76219638e-06
 41.8369  0.000127176044  1.11365647e-05  7.2378475e-06
 41.8664  0.000136928347  1.01798212e-05  6.09866886e-06
 41.896  0.000150490568  1.77516402e-05  2.10959343e-05
 41.9256  0.000208579703  1.22886401e-05  1.74293293e-05
 41.9551  0.000217500806  2.06824978e-05  3.17187683e-05
 41.9847  0.000216258022  1.94611404e-05  2.17486837e-05
 42.0142  0.000204275317  3.12911916e-05  3.38922548e-05
 42.0438  0.000326068123  6.90412933e-05  5.52743897e-05
 42.0733  0.000392080663  0.0010385538  0.000108030953
 42.1029  0.000413524587  0.00244172766  0.000176392403
 42.1324  0.00043778963  0.000209298752  7.02952417e-05
 42.162  0.000536697692  0.000138571234  8.1509415e-05
 42.1915  0.000645198945  0.000184314196  0.000108426082
 42.2211  0.00065855257  0.000817506486  0.000727486371
 42.2507  0.000720385162  0.000941480327  0.000834759207
 42.2802  0.000641966805  0.000921911452  0.000788257918
 42.3098  0.000596577867  0.00117085545  0.00045459015
 42.3393  0.000599713453  0.00039357945  0.00010358066
 42.3689  0.000665642045  0.000251147737  5.61693633e-05
 42.3984  0.000761180708  0.000474641571  8.16522395e-05
 42.428  0.000829533889  0.000249664941  0.000148754277
 42.4575  0.00102888148  0.000182223768  0.000235527221
 42.4871  0.00114888771  0.000119750704  0.000302818665
 42.5166  0.000699377094  5.17285098e-05  0.000244997695
 42.5462  0.000448476797  5.76558887e-05  0.000170117334
 42.5758  0.000363283492  5.95441164e-05  0.000147818025
 42.6053  0.00037555668  4.76822679e-05  7.34904634e-05
 42.6349  0.000341457563  5.58367823e-05  8.10149907e-05
 42.6644  0.000465598671  6.86354753e-05  0.000136350142
 42.694  0.00059701222  9.15140739e-05  0.000175650828
 42.7235  0.000604015072  9.18298267e-05  0.000218646245
 42.7531  0.000621294198  7.80389468e-05  0.000203627784
 42.7826  0.000580103301  5.03176745e-05  0.000131431373
 42.8122  0.000537294214  8.06549232e-05  0.000170155561
 42.8418  0.000489228865  7.34081688e-05  0.000143844498
 42.8713  0.000400425887  6.00790037e-05  0.000102713359
 42.9009  0.000369622637  4.87366009e-05  6.93129532e-05
 42.9304  0.000367982578  4.23019317e-05  4.69065384e-05
 42.96  0.000405505871  4.20364881e-05  3.5812045e-05
 42.9895  0.00035616961  3.31339844e-05  1.77345119e-05
 43.0191  0.000324457861  2.74732293e-05  2.01071345e-05
 43.0486  0.000339865709  3.71391139e-05  3.63229017e-05
 43.0782  0.000359978585  2.96833497e-05  2.29107147e-05
 43.1077  0.000370054062  3.2836668e-05  2.77362885e-05
 43.1373  0.000426493104  3.94764564e-05  3.54018612e-05
 43.1669  0.000514160598  6.95486324e-05  6.26580817e-05
 43.1964  0.000679235268  0.000105596542  9.62864927e-05
 43.226  0.00110410904  0.000115667568  0.000136565469
 43.2555  0.00198744258  0.000144270032  0.000143173663
 43.2851  0.00358166287  0.000388703216  0.000130253026
 43.3146  0.00553274868  0.000798669683  0.000140609098
 43.3442  0.00799219019  0.0014343387  0.000200378771
 43.3737  0.0104128977  0.00222809677  0.000264924531
 43.4033  0.0115005686  0.00250855121  0.000324599225
 43.4328  0.0134216197  0.00263272212  0.00032192474
 43.4624  0.0149774576  0.00265829338  0.000318136229
 43.492  0.0159471096  0.00258609831  0.000292444114
 43.5215  0.0158969349  0.00300318232  0.000327246644
 43.5511  0.0140893876  0.00302444134  0.000314763622
 43.5806  0.0132170289  0.00301740975  0.000317452538
 43.6102  0.0136296592  0.00316009072  0.000315403886
 43.6397  0.0124603972  0.00295633355  0.000259105958
 43.6693  0.0116908309  0.0028942648  0.000382863304
 43.6988  0.0121041268  0.00257316635  0.000353689835
 43.7284  0.0114932102  0.00207310918  0.000419943173
 43.758  0.0111255964  0.00212579249  0.000395547413
 43.7875  0.0112890933  0.00279819725  0.000402267983
 43.8171  0.0114043949  0.00215263705  0.000427693359
 43.8466  0.0120190971  0.00207075438  0.000488748323
 43.8762  0.0121693283  0.0022486285  0.000547829045
 43.9057  0.011338241  0.0023962359  0.000667408245
 43.9353  0.0124344157  0.00342270555  0.000797754581
 43.9648  0.0161371447  0.0047831872  0.00141373163
 43.9944  0.0180735252  0.00518036103  0.00167561488
 44.0239  0.019260323  0.00610772464  0.00218599892
 44.0535  0.0214265504  0.00658770437  0.00375671893
 44.0831  0.0200874719  0.00651030806  0.00582013529
 44.1126  0.0220698586  0.0189017874  0.00833472407
 44.1422  0.0216857926  0.0212265525  0.00792720037
 44.1717  0.0207317668  0.0121997628  0.00708802939
 44.2013  0.023087149  0.0183112732  0.00764297419
 44.2308  nan  nan  nan
 44.2604  0.0140222527  0.0148235114  0.00642667121
 44.2899  0.0130878254  0.00714468521  0.00464231168
 44.3195  0.0108096586  0.00847506876  0.00459727573
 44.349  0.0106100808  0.00564050473  0.00505115206
 44.3786  0.0104785528  0.00553319461  0.0050256929
 44.4082  nan  nan  nan
 44.4377  nan  nan  nan
 44.4673  nan  nan  nan
 44.4968  nan  nan  nan
 44.5264  nan  nan  nan
 44.5559  nan  nan  nan
 44.5855  nan  nan  nan
 44.615  nan  nan  nan
 44.6446  0.00425225814  0.00330044478  0.00313394102
 44.6742  0.00277560992  0.00214882891  0.00207381055
 44.7037  nan  nan  nan
 44.7333  nan  nan  nan
 44.7628  0.00185909032  0.000671522682  0.000639149764
 44.7924  nan  nan  nan
