# X (m) TKE_avg epsilon_turb_pw_avg_Y_avg epsilon_pw_avg_Y_avg
 33.03  8.0182303e-05  0.0786345644  0.00926599389
 33.0601  6.28656647e-05  0.00454266614  0.000601923082
 33.0901  7.99185856e-05  0.00113635945  0.000151341254
 33.1201  9.31553977e-05  3.00608954e-06  1.25520155e-06
 33.1501  0.000100496424  3.13347584e-06  2.02987611e-06
 33.1802  0.00012701238  2.44506155e-05  2.05702597e-05
 33.2102  0.000153638203  2.64409205e-05  1.23612874e-05
 33.2402  0.000147312732  0.00029375509  8.26827522e-05
 33.2702  0.000157423659  0.000341860506  9.38180624e-05
 33.3003  0.000143765699  0.000117831258  3.15811383e-05
 33.3303  0.000169617393  2.59880446e-05  7.91608289e-06
 33.3603  0.000173874266  8.38276214e-06  3.00040691e-06
 33.3903  0.000164423427  5.78772583e-06  3.09362349e-06
 33.4204  0.000195788358  4.81180613e-06  2.99801038e-06
 33.4504  0.000173370566  4.71535675e-06  3.29891221e-06
 33.4804  0.00025191977  6.75217113e-06  3.34999226e-06
 33.5104  0.000279505858  7.81602478e-06  3.93860092e-06
 33.5405  0.000290998622  1.05498705e-05  4.96366384e-06
 33.5705  0.000342239894  2.74575519e-05  6.16523835e-06
 33.6005  0.000404764199  8.08507593e-05  1.08495258e-05
 33.6305  0.000378274078  0.000121169743  1.17186532e-05
 33.6606  0.000357419236  0.00206285136  6.97710712e-05
 33.6906  0.000385778686  0.000757134416  0.000122731252
 33.7206  0.000453694166  9.12848017e-05  0.000193758205
 33.7506  0.00041229354  9.18587445e-05  8.06323382e-05
 33.7807  0.000425443498  0.00056078908  0.000257318112
 33.8107  0.000324283002  0.000390800546  0.000176242253
 33.8407  0.000248902405  4.81987886e-05  1.1442552e-05
 33.8707  0.000204961773  4.50216077e-05  4.84776238e-06
 33.9008  0.000178080337  1.34000432e-05  5.85415814e-06
 33.9308  0.000173290416  8.7616023e-06  7.70528514e-06
 33.9608  0.000164341467  5.55142685e-06  5.50666609e-06
 33.9908  0.000166165479  4.69473096e-06  5.17869342e-06
 34.0209  0.000175912711  5.78015833e-06  7.75228117e-06
 34.0509  0.00018069669  6.11423549e-06  6.66343066e-06
 34.0809  0.000214560613  7.07383378e-06  9.82939279e-06
 34.1109  0.000277685398  7.19499348e-06  9.39751278e-06
 34.141  0.000308376759  8.23239591e-06  1.26762486e-05
 34.171  0.0003080152  8.19494908e-06  1.04524011e-05
 34.201  0.000258729572  7.36383195e-06  9.62195518e-06
 34.231  0.000182093688  9.21223585e-06  1.07160747e-05
 34.2611  0.000152896761  7.77610662e-06  9.63511543e-06
 34.2911  0.000163455473  9.49785966e-06  1.2215097e-05
 34.3211  0.000174802433  1.14715776e-05  1.28272246e-05
 34.3511  0.00019253752  1.23986626e-05  1.17779191e-05
 34.3812  0.000193022892  1.7857457e-05  1.55772952e-05
 34.4112  0.000203321123  1.53503933e-05  1.57487968e-05
 34.4412  0.000180617803  1.02363578e-05  1.45628683e-05
 34.4712  0.000169966592  9.4572709e-06  1.42891478e-05
 34.5013  0.000160228281  1.00542657e-05  1.38764203e-05
 34.5313  0.000173646871  1.56581948e-05  1.62106037e-05
 34.5613  0.000182365561  1.55379258e-05  1.55225228e-05
 34.5913  0.000188477369  1.20398966e-05  1.49820882e-05
 34.6214  0.000183935852  7.78138792e-06  1.11922268e-05
 34.6514  0.000195110641  9.87022125e-06  1.03153544e-05
 34.6814  0.000183190919  1.33853603e-05  9.76188536e-06
 34.7114  0.000198594939  1.7193678e-05  1.04911174e-05
 34.7415  0.00020317606  1.71541062e-05  1.06368919e-05
 34.7715  0.000195060786  1.41147542e-05  1.10904216e-05
 34.8015  0.000242911369  1.72108772e-05  1.46895282e-05
 34.8315  0.00021201113  1.7838612e-05  1.16008545e-05
 34.8616  0.000185766381  1.24991835e-05  8.68852198e-06
 34.8916  0.000197551265  9.64524464e-06  8.18120954e-06
 34.9216  0.000196081242  8.90370524e-06  7.47507482e-06
 34.9516  0.000184954859  1.08172596e-05  8.98938424e-06
 34.9817  0.000186325565  1.09631679e-05  9.4211989e-06
 35.0117  0.000201421925  1.01048309e-05  8.85205916e-06
 35.0417  0.000188684611  7.81426224e-06  6.67338753e-06
 35.0717  0.000212098501  1.41176674e-05  6.22505479e-06
 35.1018  0.000216159551  4.43681227e-05  4.8451787e-06
 35.1318  0.000286616584  5.14305815e-05  1.04173555e-05
 35.1618  0.000331899398  9.39952495e-05  3.84173284e-05
 35.1918  0.000367784736  9.11802612e-05  3.3159557e-05
 35.2219  0.000325904607  5.11278457e-05  1.03385075e-05
 35.2519  0.000274804874  2.83895444e-05  8.92261901e-06
 35.2819  0.00028217938  2.12940656e-05  9.46067039e-06
 35.3119  0.000248613776  1.33344274e-05  7.67986566e-06
 35.342  0.000248242377  1.10431981e-05  7.01488485e-06
 35.372  0.000229080067  8.1436207e-06  8.26249948e-06
 35.402  0.00024303832  8.1869289e-06  8.09540291e-06
 35.432  0.000255110866  1.03995062e-05  7.3205825e-06
 35.4621  0.000261744833  1.10100299e-05  7.99922741e-06
 35.4921  0.000275522126  1.11756177e-05  7.55322245e-06
 35.5221  0.000288480888  1.41325459e-05  6.33648367e-06
 35.5521  0.000308715907  1.75930394e-05  8.39466236e-06
 35.5822  0.000272301294  1.29595759e-05  4.8484235e-06
 35.6122  0.000242763042  1.56190429e-05  1.01830132e-05
 35.6422  0.000239140636  1.58923039e-05  9.3706025e-06
 35.6722  0.000230848093  1.8660373e-05  1.01962988e-05
 35.7023  0.000230139076  3.16235314e-05  1.21567652e-05
 35.7323  0.000286659494  3.56069979e-05  1.42421847e-05
 35.7623  0.000265764701  2.72791277e-05  1.0698265e-05
 35.7923  0.000302452197  4.16333462e-05  1.54747347e-05
 35.8224  0.000321438653  3.6863405e-05  9.8115914e-06
 35.8524  0.00041720561  6.21547261e-05  1.79780629e-05
 35.8824  0.000383921537  4.94700699e-05  1.64159094e-05
 35.9124  0.000362388641  3.69002981e-05  1.54113442e-05
 35.9425  0.000352018824  2.89951313e-05  1.36151479e-05
 35.9725  0.000315701113  2.4325397e-05  1.19929358e-05
 36.0025  0.00029687473  1.91994382e-05  8.88134224e-06
 36.0325  0.000281518554  2.24555626e-05  1.1523179e-05
 36.0626  0.000278704699  2.14018575e-05  7.91985127e-06
 36.0926  0.000281144005  2.65938158e-05  1.09997444e-05
 36.1226  0.000297245263  4.37391568e-05  2.0505502e-05
 36.1526  0.000339528401  4.59183468e-05  1.99125761e-05
 36.1827  0.000411151703  0.000364022411  3.52989659e-05
 36.2127  0.000481195285  0.000255125625  3.03290261e-05
 36.2427  0.000501616464  4.06011635e-05  1.23150759e-05
 36.2727  0.000503803334  3.51516637e-05  8.5984142e-06
 36.3028  0.000430376812  3.40744161e-05  9.76774782e-06
 36.3328  0.000376520162  4.67477946e-05  9.31895939e-06
 36.3628  0.000306524072  3.0274806e-05  8.52110695e-06
 36.3928  0.000270328277  5.28792069e-05  4.45293237e-05
 36.4229  0.000242205626  0.000142711966  0.000139549842
 36.4529  0.00025774255  3.46233052e-05  2.78045989e-05
 36.4829  0.000239787902  9.5796029e-06  6.43697493e-06
 36.5129  0.000257514252  1.04787201e-05  7.03486861e-06
 36.543  0.000308155058  1.55635534e-05  7.45764184e-06
 36.573  0.000327184355  2.00442148e-05  7.6948143e-06
 36.603  0.000312762689  1.3510301e-05  6.35643398e-06
 36.633  0.000303792666  0.00028283627  0.000231135211
 36.6631  0.000320243575  0.000334730121  0.000254507506
 36.6931  0.000356741828  0.000265666548  0.00016630162
 36.7231  0.000313130508  0.000369531279  0.000220849909
 36.7531  0.000338433604  0.000193549211  0.000104173541
 36.7832  0.000347876833  0.000191286995  9.06402624e-05
 36.8132  0.000374295189  0.000378173298  0.000706664588
 36.8432  0.00042348503  0.000900308272  0.00206707198
 36.8732  0.000464488326  0.000555754192  0.00147888883
 36.9033  0.00046320188  0.0001103073  0.000242485562
 36.9333  0.000423173206  3.47387411e-05  2.04390251e-05
 36.9633  0.000425620431  6.55717946e-05  5.08946319e-05
 36.9933  0.000467166494  0.000206102692  0.000317379629
 37.0234  0.000465266642  0.000521615814  0.00107065595
 37.0534  0.000471875064  0.000227386657  0.000293430197
 37.0834  0.00049575541  0.000146670721  0.000160868423
 37.1134  0.000544488527  0.000546004198  0.000325710714
 37.1435  0.000611167524  0.000690355704  0.000395227972
 37.1735  0.000639727534  0.000478252369  0.000269864878
 37.2035  0.00051482288  0.000533702291  0.000341883712
 37.2335  0.000514843527  0.000256310176  0.000208150608
 37.2636  0.000503837475  0.158488342  0.0143686431
 37.2936  0.00047984058  0.344025555  0.0308819097
 37.3236  0.000443418754  0.00663383703  0.000643295597
 37.3536  0.000384615514  5.76633308e-05  8.36804996e-05
 37.3837  0.000477421035  5.62633492e-05  6.7373652e-05
 37.4137  0.000511453148  4.73663764e-05  6.1407445e-05
 37.4437  0.000498592937  5.01561606e-05  8.24827381e-05
 37.4737  0.000498294242  5.5695189e-05  6.18304402e-05
 37.5038  0.000480862579  5.1013521e-05  8.17199091e-05
 37.5338  0.000487410193  4.81992887e-05  9.29868278e-05
 37.5638  0.000472080803  3.90597595e-05  7.68076973e-05
 37.5938  0.000407643075  5.46980237e-05  9.7455603e-05
 37.6239  0.000497913989  3.1522649e-05  8.48660498e-05
 37.6539  0.000441062731  3.83753155e-05  5.8251878e-05
 37.6839  0.000433468234  5.97230258e-05  7.3018153e-05
 37.7139  0.000464961454  5.84236421e-05  5.70196744e-05
 37.744  0.00060541675  7.96976734e-05  6.25207734e-05
 37.774  0.000565420048  0.000106511229  5.00895775e-05
 37.804  0.00069186647  9.51312656e-05  4.33675546e-05
 37.834  0.0006255563  8.81868246e-05  4.82882415e-05
 37.8641  0.000876853063  0.0012286623  0.000368905125
 37.8941  0.0010495264  0.00253344513  0.000832947825
 37.9241  0.00119996689  0.00215367305  0.00122332899
 37.9541  0.00113699725  0.000899028307  0.000530215979
 37.9842  0.0011295477  0.000136004209  9.44005654e-05
 38.0142  0.000943431588  0.000108316511  8.70562364e-05
 38.0442  0.000850699969  9.63879686e-05  7.97727287e-05
 38.0742  0.00079623523  7.55249668e-05  6.97120718e-05
 38.1043  0.000714288126  4.97472304e-05  5.55971123e-05
 38.1343  0.000698632077  4.09006007e-05  4.32383998e-05
 38.1643  0.000776916514  4.4683122e-05  4.26246404e-05
 38.1943  0.000771094207  4.57178885e-05  3.98573258e-05
 38.2244  0.000888503655  8.77759601e-05  4.46176085e-05
 38.2544  0.000932307231  0.000160278334  5.35626598e-05
 38.2844  0.000831573155  0.000113412936  5.93308979e-05
 38.3144  0.000760211562  8.01106692e-05  5.85991814e-05
 38.3445  0.000753479759  8.23197137e-05  6.42539832e-05
 38.3745  0.000774051573  9.71232903e-05  6.62998742e-05
 38.4045  0.000690734076  7.66323458e-05  6.23099686e-05
 38.4345  0.000626896373  6.61989699e-05  5.30179753e-05
 38.4646  0.000594220931  5.75137064e-05  4.18073772e-05
 38.4946  0.000554739033  5.39044191e-05  4.68989263e-05
 38.5246  0.000569734642  6.46898304e-05  4.88046847e-05
 38.5546  0.000608081302  9.82486252e-05  4.8336302e-05
 38.5847  0.000573165458  0.000108943586  4.87746737e-05
 38.6147  0.000598764088  0.000101106236  2.59160237e-05
 38.6447  0.000694333426  0.000120382828  2.53740347e-05
 38.6747  0.00085537087  0.000148450475  2.72365579e-05
 38.7048  0.00093494775  0.000177963908  3.99157878e-05
 38.7348  0.00101293686  0.000174416669  6.60718508e-05
 38.7648  0.00113443418  0.000172053462  8.24096531e-05
 38.7948  0.00144807943  0.000197230423  9.4460425e-05
 38.8249  0.00148938621  0.000132442545  4.80476737e-05
 38.8549  0.00137094768  0.000127647608  4.99000329e-05
 38.8849  0.00125152462  0.000142685493  4.72445025e-05
 38.9149  0.00125718419  0.000182704512  5.55023345e-05
 38.945  0.0013166676  0.000297074981  9.85942104e-05
 38.975  0.00130960536  0.0003740541  9.0129001e-05
 39.005  0.00102339989  0.00027177953  7.32935943e-05
 39.035  0.000959412729  0.000319738837  7.8682974e-05
 39.0651  0.000964579106  0.000403809395  0.000102872491
 39.0951  0.00105823978  0.000567877375  0.000121621726
 39.1251  0.00111522987  0.000220110595  0.000144092073
 39.1551  0.0015122997  0.000280501042  0.000211493455
 39.1852  0.00178301999  0.000324040304  0.000200563484
 39.2152  0.000253561036  2.8483756e-05  4.01386873e-05
 39.2452  0.000188349241  9.1088649e-06  2.56425491e-05
 39.2752  0.000157457934  6.72243447e-06  2.21382019e-05
 39.3053  0.000144024991  6.54806947e-06  2.10690376e-05
 39.3353  0.000140765028  7.79992493e-06  2.17949116e-05
 39.3653  0.000141252837  1.61851626e-05  3.33009649e-05
 39.3953  0.000152579659  1.51444709e-05  3.27265063e-05
 39.4254  0.000151310579  3.67673951e-06  2.81727012e-05
 39.4554  0.000146241772  7.41661712e-06  3.39668397e-05
 39.4854  0.000163577268  1.34142439e-05  4.89410849e-05
 39.5154  0.000153990391  5.59667443e-06  2.21528013e-05
 39.5455  0.000155163411  8.59085463e-06  3.40121619e-05
 39.5755  0.000150429055  2.94771853e-05  4.54400306e-05
 39.6055  0.000157204921  4.31311619e-05  6.2028461e-05
 39.6355  0.000178700211  5.67368317e-05  8.60580134e-05
 39.6656  0.000178113476  6.01716633e-05  0.000103234015
 39.6956  0.000201282026  2.24783267e-05  4.6095812e-05
 39.7256  0.000206442918  1.97343859e-05  4.59049845e-05
 39.7556  0.000247930705  1.48241232e-05  3.40525747e-05
 39.7857  0.000262181835  2.40279631e-05  3.97423679e-05
 39.8157  0.000322780761  4.09849627e-05  5.72594175e-05
 39.8457  0.000316959138  3.7675984e-05  5.02279512e-05
 39.8757  0.000384155178  4.35600063e-05  8.20392745e-05
 39.9058  0.000418320681  5.93221003e-05  0.000114471201
 39.9358  0.000455412638  5.14873453e-05  0.00010600775
 39.9658  0.000430651777  5.47220366e-05  0.000114355346
 39.9958  0.000450320182  8.1190733e-05  0.000155098076
 40.0259  0.000443398833  5.06414005e-05  0.000112035414
 40.0559  0.000476904292  4.07348809e-05  9.79868826e-05
 40.0859  0.000474111574  5.91150831e-05  0.000137077274
 40.1159  0.000465784444  5.69738864e-05  0.00014212646
 40.146  0.000487629632  4.90358094e-05  0.000137175629
 40.176  0.000506797476  5.06778322e-05  0.000116476377
 40.206  0.000503671092  3.91208112e-05  0.000100157005
 40.236  0.000544925283  4.20184365e-05  0.00010221834
 40.2661  0.000548408087  4.38100061e-05  9.69378148e-05
 40.2961  0.000525701192  4.27092842e-05  8.80193125e-05
 40.3261  0.000585119853  4.71507754e-05  9.22565762e-05
 40.3561  0.000539595219  3.3719546e-05  6.08852147e-05
 40.3862  0.000535822555  6.31915525e-05  5.39429433e-05
 40.4162  0.000627634873  0.000167485546  6.34310361e-05
 40.4462  0.00080643258  0.00027344489  5.01826386e-05
 40.4762  0.000987739841  0.000318314324  9.19622426e-05
 40.5063  0.00102379975  0.000905160835  0.000884322895
 40.5363  0.00134229723  0.000547566232  0.000457563797
 40.5663  0.00149246604  0.000365261045  0.00020452728
 40.5964  0.00152832067  0.000255860775  9.54396793e-05
 40.6264  0.00167791108  0.000237280157  9.93526562e-05
 40.6564  0.00166605213  0.00023530087  9.40559464e-05
 40.6864  0.00186485986  0.000212974961  0.000105511688
 40.7165  0.00165693123  0.000174756517  9.38920968e-05
 40.7465  0.00178125503  0.000268727858  9.24838869e-05
 40.7765  0.00176193931  0.000237400859  8.21536565e-05
 40.8065  0.00156768629  0.000312943671  7.12683464e-05
 40.8366  0.0013902038  0.000346515305  5.30267021e-05
 40.8666  0.00117872825  0.000356495276  6.01507856e-05
 40.8966  0.0013420016  0.000557251999  0.000114865673
 40.9266  0.00115518856  0.000540252201  9.17223458e-05
 40.9567  0.00113101075  0.000390345146  4.1728445e-05
 40.9867  0.00115274784  0.000459496758  8.96453036e-05
 41.0167  0.00129441725  0.000602999374  0.000131092241
 41.0467  0.00151821652  0.000689767753  0.000168057003
 41.0768  0.00206555849  0.00053064551  9.52457833e-05
 41.1068  0.00221477427  0.00037085681  6.5446635e-05
 41.1368  0.00238925349  0.000398526025  0.000176370466
 41.1668  0.00256319372  0.00365776703  0.000788574958
 41.1969  0.00222096699  0.0116851979  0.00194390731
 41.2269  0.00182449792  0.0074306586  0.00158487223
 41.2569  0.00157911317  0.00202880206  0.000330227302
 41.2869  0.00148498104  0.000944041483  0.000137241301
 41.317  0.00161658838  0.000320592107  0.000103202804
 41.347  0.00201948621  0.000485282708  0.000109202471
 41.377  0.00297898894  0.000758592364  0.000128884591
 41.407  0.00333819705  0.000713777033  0.000147388288
 41.4371  0.003964283  0.000901463336  0.000106952189
 41.4671  0.00386848704  0.000999459705  0.000161489769
 41.4971  0.0035147015  0.00105615344  0.000277527522
 41.5271  0.00363980385  0.0010124192  0.000142373547
 41.5572  0.00425984893  0.00125793715  0.000161495009
 41.5872  0.00850965148  0.00229354252  0.000260195718
 41.6172  0.020828064  0.00557643516  0.000415384906
 41.6472  0.0472977369  0.0141502876  0.000627159531
 41.6773  0.0640119463  0.0269746132  0.000907567042
 41.7073  0.0739902316  0.0394207628  0.00121616438
 41.7373  0.0760110094  0.0437581616  0.00138415948
 41.7673  0.0656740724  0.0369842448  0.00129977896
 41.7974  0.0572423093  0.0338307252  0.00127804884
 41.8274  0.0650780243  0.0428682387  0.0015638386
 41.8574  0.062034872  0.053470466  0.00194604242
 41.8874  0.0552151658  0.0559623464  0.00249508144
 41.9175  0.0509338398  0.0399506965  0.00260958259
 41.9475  0.0336720912  0.0303765305  0.00278547169
 41.9775  0.030336059  0.0256549898  0.00270419098
 42.0075  0.0260934064  0.0243443972  0.00260005851
 42.0376  0.0207984796  0.0260972203  0.0023506722
 42.0676  0.0142527733  0.0235299486  0.0017346213
 42.0976  0.00252619096  0.00325267355  0.000693768213
 42.1276  0.00197063115  0.00514019482  0.000950941125
 42.1577  0.0017561651  0.0020825881  0.000424862591
 42.1877  0.00187787293  0.000885333321  0.000211082257
 42.2177  0.0021662258  0.00222732456  0.000536963133
 42.2477  0.0018319442  0.00171827885  0.0016075776
 42.2778  0.00219132659  0.000839183406  0.000521868277
 42.3078  0.00189413052  0.000903123143  0.000596697755
 42.3378  0.00178208495  0.000511530864  0.000186027592
 42.3678  0.00169758599  0.00019444466  4.23679646e-05
 42.3979  0.00199046664  0.000231080064  4.70449871e-05
 42.4279  0.00326775887  0.000446257468  8.63276791e-05
 42.4579  0.0042883498  0.000469392901  8.89938138e-05
 42.4879  0.00460740773  0.000464720229  9.24908603e-05
 42.518  0.00425729496  0.000503767965  9.97793546e-05
 42.548  0.00352041382  0.000408580738  8.31112068e-05
 42.578  0.00355087625  0.000351429786  6.45320259e-05
 42.608  0.0055815751  0.000755201268  9.12449827e-05
 42.6381  0.0104085046  0.00187930011  0.000165916925
 42.6681  0.0172032594  0.00392362544  0.000294931676
 42.6981  0.023905126  0.00747801954  0.000478655177
 42.7281  0.0311593323  0.00948292725  0.000708881428
 42.7582  0.0342002195  0.00950363102  0.000700327807
 42.7882  0.0327386383  0.00954951438  0.000648843339
 42.8182  0.0295549807  0.00983392933  0.000655288084
 42.8482  0.0278562786  0.00627568162  0.000519819341
 42.8783  0.0214531093  0.00461755031  0.000485087376
 42.9083  0.0180801844  0.00414623958  0.000424884019
 42.9383  0.0154400436  0.0033504402  0.000309545015
 42.9683  0.0158660481  0.00279158326  0.000259033234
 42.9984  0.0184533214  0.00315872092  0.000267067396
 43.0284  0.023894471  0.00642036183  0.000530716264
 43.0584  0.0369002798  0.0124227428  0.000703319182
 43.0884  0.0486169883  0.016847391  0.000827343204
 43.1185  0.0522692932  0.0170179546  0.000981204776
 43.1485  0.0459518109  0.0160646399  0.00102209641
 43.1785  0.0394261872  0.0138128053  0.000786617821
 43.2085  0.035966528  0.0111329923  0.000786982108
 43.2386  0.0329173234  0.0101326664  0.00100435268
 43.2686  0.0292694624  0.00851208089  0.00105002234
 43.2986  0.0324706483  0.00719768649  0.000820158758
 43.3286  0.0318519382  0.00816010051  0.000741805994
 43.3587  0.0357213059  0.0134830262  0.00142249852
 43.3887  0.0433608078  0.0179917232  0.00140233571
 43.4187  0.0521196468  0.0207710962  0.00111318764
 43.4487  0.0545385404  0.0251669498  0.00120557396
 43.4788  0.051380951  0.0202864868  0.00115059882
 43.5088  0.0539020275  0.0205598249  0.00105944659
 43.5388  0.0571977267  0.0214799485  0.00139054971
 43.5688  0.058175442  0.0197688884  0.00156105634
 43.5989  0.0518281892  0.0164467719  0.00124126435
 43.6289  0.0682434687  0.0242691775  0.00117814854
 43.6589  0.0705436116  0.0265063713  0.0014499307
 43.6889  0.0639686893  0.0210063907  0.00133919577
 43.719  0.0562407994  0.0185942081  0.00119229709
 43.749  0.055107964  0.0220258817  0.00174143066
 43.779  0.057787809  0.0159272464  0.00197741845
 43.809  0.0497920438  0.0129618535  0.00228164573
 43.8391  0.0420608529  0.0138379755  0.00267439819
 43.8691  0.0442788679  0.0132112355  0.00308470578
 43.8991  0.0502291881  0.0208288951  0.00354185757
 43.9291  0.047867621  0.0219885525  0.00455487884
 43.9592  0.0451751085  0.0252215331  0.0076931363
 43.9892  0.0437050025  0.0244955827  0.0121418828
 44.0192  0.0426062375  0.0119130042  0.0120342354
 44.0492  0.044862251  0.0144083502  0.0137568777
 44.0793  0.0436680297  0.0211772871  0.020006783
 44.1093  0.039051808  0.0229036526  0.0224218694
 44.1393  0.043938734  0.0321827791  0.0320132098
 44.1693  0.0382841187  0.0481099469  0.038804797
 44.1994  0.0838601063  0.0996355594  0.064752947
 44.2294  nan  nan  nan
 44.2594  nan  nan  nan
 44.2894  nan  nan  nan
 44.3195  nan  nan  nan
 44.3495  nan  nan  nan
 44.3795  nan  nan  nan
 44.4095  nan  nan  nan
 44.4396  nan  nan  nan
 44.4696  nan  nan  nan
 44.4996  nan  nan  nan
 44.5296  nan  nan  nan
 44.5597  nan  nan  nan
 44.5897  nan  nan  nan
 44.6197  0.00520914549  0.0027620967  0.00178778909
 44.6497  0.00470486743  0.00256851121  0.00178929158
 44.6798  0.0042177292  0.00202823061  0.00163774878
 44.7098  0.00431023671  0.00175630918  0.0014916373
 44.7398  0.00536194965  0.00193653712  0.00174931898
 44.7698  0.00723219873  0.000931220615  0.00109990755
 44.7999  nan  nan  nan
 44.8299  nan  nan  nan
 44.8599  nan  nan  nan
 44.8899  0.00514268135  0.00288657904  0.00247529897
 44.92  0.00634120516  0.00332379059  0.00266122025
 44.95  0.00719378196  0.00309829055  0.00251691793
 44.98  nan  nan  nan
