# X (m) TKE_avg epsilon_turb_pw_avg_Y_avg epsilon_pw_avg_Y_avg
 33.0307  0.000110776204  0.0169857341  0.00156726099
 33.0614  8.56244376e-05  0.000648566931  0.000101586874
 33.0922  9.45098469e-05  0.00013428996  2.25673191e-05
 33.1229  0.00010678411  2.81397369e-06  2.00738337e-06
 33.1536  0.000122734023  5.43928326e-06  1.9707672e-06
 33.1843  0.000208344636  5.03331888e-05  9.60820166e-06
 33.2151  0.000193357507  2.46415561e-05  8.164055e-06
 33.2458  0.000182147467  0.00046112694  0.00019191462
 33.2765  0.000202068223  0.000172416828  6.4000851e-05
 33.3072  0.000173513331  0.000127670382  5.26239694e-05
 33.3379  0.000193275832  1.43882753e-05  3.91992633e-06
 33.3687  0.000143583931  5.75148089e-06  2.8189567e-06
 33.3994  0.000151033926  6.74074706e-06  2.83449992e-06
 33.4301  0.0001576951  6.30585759e-06  2.57231787e-06
 33.4608  0.000177455583  4.84073143e-06  2.26754173e-06
 33.4916  0.000224040226  6.36269508e-06  2.58273876e-06
 33.5223  0.000263824935  6.64806016e-06  2.81568793e-06
 33.553  0.000312135013  1.0096934e-05  3.45134003e-06
 33.5837  0.000345101312  1.63533867e-05  4.87889124e-06
 33.6145  0.000327828069  3.21828055e-05  6.31575392e-06
 33.6452  0.000340492894  0.00113572603  1.30204403e-05
 33.6759  0.000375968308  0.00201276479  2.65085699e-05
 33.7066  0.000450068155  0.000760842511  6.45517427e-05
 33.7373  0.000501844525  0.00020203565  4.10761172e-05
 33.7681  0.000468826211  0.000142706485  0.000115468103
 33.7988  0.000392825459  0.000208636592  0.000159899773
 33.8295  0.000297821233  0.000101001325  3.51487958e-05
 33.8602  0.000224337184  4.71376097e-05  5.82869945e-06
 33.891  0.000205115406  1.5473444e-05  4.10775479e-06
 33.9217  0.000210487821  7.68171975e-06  4.74561588e-06
 33.9524  0.000221626781  7.77854525e-06  5.69707533e-06
 33.9831  0.000235178502  5.28317634e-06  4.15219306e-06
 34.0138  0.000230043013  4.98046892e-06  4.42327807e-06
 34.0446  0.000208554773  6.58193338e-06  7.88738879e-06
 34.0753  0.000219645496  5.86062975e-06  6.21459444e-06
 34.106  0.000244949082  5.28722856e-06  4.73379873e-06
 34.1367  0.000275030103  6.09437815e-06  7.43062946e-06
 34.1675  0.00031156869  5.89295299e-06  7.2912914e-06
 34.1982  0.000327278738  6.80255756e-06  7.94227964e-06
 34.2289  0.00029990187  7.82691557e-06  8.62360964e-06
 34.2596  0.000215276434  5.455505e-06  6.8280423e-06
 34.2903  0.000134010156  6.55622172e-06  9.21969207e-06
 34.3211  0.000109830822  5.77177604e-06  7.43149361e-06
 34.3518  0.000117414732  5.67150756e-06  8.4012716e-06
 34.3825  0.000106840874  5.99539743e-06  8.32675265e-06
 34.4132  0.000105440736  9.29714138e-06  1.26295454e-05
 34.444  0.000117450066  8.67276888e-06  1.09990027e-05
 34.4747  0.000115918985  6.36666543e-06  9.0537536e-06
 34.5054  0.00011645681  7.67614975e-06  9.42940109e-06
 34.5361  0.000111460392  7.54121106e-06  1.08284472e-05
 34.5668  0.000131902243  8.1435141e-06  1.49864147e-05
 34.5976  0.000139834057  9.42568178e-06  1.43494622e-05
 34.6283  0.000157281691  1.5514766e-05  1.58133686e-05
 34.659  0.000183172604  2.21449704e-05  1.25347948e-05
 34.6897  0.000196924947  2.28822687e-05  1.66858849e-05
 34.7205  0.000199536573  1.77922037e-05  1.8251853e-05
 34.7512  0.000209493  1.92068511e-05  2.11918033e-05
 34.7819  0.000206094087  1.99018445e-05  2.24450058e-05
 34.8126  0.000191734947  1.60495398e-05  1.93088652e-05
 34.8434  0.000167015505  1.28445825e-05  1.77891766e-05
 34.8741  0.000194231868  1.22862283e-05  1.67085608e-05
 34.9048  0.000197137842  1.10823339e-05  1.81432163e-05
 34.9355  0.000181809699  1.01587827e-05  1.69490929e-05
 34.9662  0.000183031618  1.24708948e-05  1.76345982e-05
 34.997  0.000187040002  1.25282835e-05  1.52781333e-05
 35.0277  0.000197032085  7.47894779e-06  1.19740736e-05
 35.0584  0.000229063872  1.66764484e-05  1.34573752e-05
 35.0891  0.000270618228  5.41596041e-05  1.28826249e-05
 35.1199  0.00032032845  6.65416054e-05  1.41566636e-05
 35.1506  0.000419776638  5.81734616e-05  2.98436802e-05
 35.1813  0.000448490663  0.000118722807  5.84786344e-05
 35.212  0.000344132109  8.58529531e-05  2.14193623e-05
 35.2427  0.000328641232  4.55094007e-05  1.24548543e-05
 35.2735  0.000300414494  2.44884019e-05  1.12630478e-05
 35.3042  0.000300415234  2.50242344e-05  1.29614449e-05
 35.3349  0.000278406755  1.97606374e-05  1.0900816e-05
 35.3656  0.000293701565  1.6660708e-05  1.03730938e-05
 35.3964  0.000291295371  1.10870167e-05  8.27308241e-06
 35.4271  0.000294929841  1.69666292e-05  8.79944945e-06
 35.4578  0.000343602877  2.48984258e-05  8.30312021e-06
 35.4885  0.000397335596  2.71838187e-05  8.66699187e-06
 35.5192  0.000416055598  2.32386535e-05  8.55583764e-06
 35.55  0.000402716371  2.24367017e-05  7.69831984e-06
 35.5807  0.000325522919  1.5431712e-05  7.0130349e-06
 35.6114  0.0003138335  1.74180039e-05  8.64291799e-06
 35.6421  0.000353725753  2.20348169e-05  7.9498007e-06
 35.6729  0.000358213433  2.5555596e-05  9.13784385e-06
 35.7036  0.000378721479  3.11421703e-05  1.08351608e-05
 35.7343  0.00035816254  3.78210119e-05  1.10307757e-05
 35.765  0.000392263908  3.86812996e-05  1.74316141e-05
 35.7958  0.000443318082  4.28249067e-05  1.78185997e-05
 35.8265  0.000416869972  4.97323103e-05  1.96898811e-05
 35.8572  0.000468352182  6.13260973e-05  2.1900588e-05
 35.8879  0.000467394639  6.26145254e-05  2.14322669e-05
 35.9186  0.000414618322  3.97062849e-05  1.91009487e-05
 35.9494  0.000404330069  2.98850729e-05  1.77502453e-05
 35.9801  0.000399551006  2.9127678e-05  1.83670358e-05
 36.0108  0.000354206405  2.39459543e-05  1.54722449e-05
 36.0415  0.00035106465  2.47011559e-05  1.33984267e-05
 36.0723  0.00039174761  3.58611287e-05  1.11532688e-05
 36.103  0.000385004331  4.70357891e-05  2.34684628e-05
 36.1337  0.00041987964  8.37624057e-05  2.91610667e-05
 36.1644  0.000422539385  0.000291171837  2.79045052e-05
 36.1951  0.00045388835  0.00107567289  4.22188286e-05
 36.2259  0.000443678358  0.000191419248  2.45529789e-05
 36.2566  0.000477226463  9.69354694e-05  1.90417948e-05
 36.2873  0.000474154349  0.000107475532  2.3101211e-05
 36.318  0.000419301849  5.37311179e-05  1.46716946e-05
 36.3488  0.000414947064  5.42535126e-05  1.31730326e-05
 36.3795  0.000419307947  4.10268199e-05  1.45566636e-05
 36.4102  0.000403052864  0.000179596911  0.000165541013
 36.4409  0.00038444567  9.97887298e-05  9.12561568e-05
 36.4716  0.000347359903  1.47650231e-05  7.42619965e-06
 36.5024  0.000285524926  9.39663268e-06  5.58502705e-06
 36.5331  0.00032417137  1.2558412e-05  5.71316499e-06
 36.5638  0.000320706234  1.74364919e-05  6.33101306e-06
 36.5945  0.000334572889  1.71521127e-05  7.16847167e-06
 36.6253  0.000354550125  3.57831444e-05  3.09388364e-05
 36.656  0.000381892165  5.71816374e-05  5.11677674e-05
 36.6867  0.000360506566  7.46612572e-05  5.81019863e-05
 36.7174  0.000329776039  9.89397497e-05  8.44047755e-05
 36.7481  0.000318136311  5.05734867e-05  3.96110667e-05
 36.7789  0.000324341255  5.41368525e-05  3.37876339e-05
 36.8096  0.000344409106  5.22183057e-05  7.26231351e-05
 36.8403  0.000332682049  8.65093916e-05  0.000307068751
 36.871  0.000351341826  0.000151849311  0.000437956182
 36.9018  0.000370891125  4.42071651e-05  9.38334924e-05
 36.9325  0.000369972907  3.11174573e-05  1.33798972e-05
 36.9632  0.000362816101  6.03303491e-05  3.9699652e-05
 36.9939  0.000389983453  0.000130694433  0.000240749382
 37.0247  0.000414431005  0.000119646995  0.000359856665
 37.0554  0.000433456733  0.000120712298  0.000354804333
 37.0861  0.00044650908  3.54650458e-05  2.36170574e-05
 37.1168  0.000467251244  0.000378687209  0.000154799507
 37.1475  0.000464493141  0.000296174972  0.00013443473
 37.1783  0.000469921608  0.000671274316  0.000329361913
 37.209  0.00048807116  0.000236183618  0.000134598123
 37.2397  0.000454845474  0.000119739087  8.34292497e-05
 37.2704  0.000471778008  0.0147694534  0.00182108141
 37.3012  0.00045179213  0.0196592564  0.00240040609
 37.3319  0.00050167044  5.20488112e-05  4.04265759e-05
 37.3626  0.000515873658  3.65403389e-05  4.50044069e-05
 37.3933  0.000559558594  2.81390845e-05  4.17486194e-05
 37.424  0.000485462779  2.6889293e-05  4.08275237e-05
 37.4548  0.00035122363  2.69373758e-05  4.37263922e-05
 37.4855  0.000310022427  2.48709287e-05  4.10940495e-05
 37.5162  0.000273324004  2.70329988e-05  5.05334687e-05
 37.5469  0.000282433725  1.37940233e-05  3.52850902e-05
 37.5777  0.00028091915  2.62107579e-05  5.17471037e-05
 37.6084  0.000305275261  2.38022298e-05  5.25637275e-05
 37.6391  0.000326082298  2.68713586e-05  4.15631756e-05
 37.6698  0.00033448867  4.47223887e-05  3.95912021e-05
 37.7005  0.000375869638  4.67686013e-05  3.03425111e-05
 37.7313  0.000390550146  4.61799057e-05  2.39388413e-05
 37.762  0.000396367985  4.16169083e-05  1.60109246e-05
 37.7927  0.000422403018  6.10954084e-05  2.03148444e-05
 37.8234  0.000471326247  8.29411892e-05  2.17093463e-05
 37.8542  0.0005299984  0.000410575695  0.000266739778
 37.8849  0.00100896497  0.00253954824  0.00182872382
 37.9156  0.00084625462  0.00214523662  0.00114842756
 37.9463  0.000833452495  0.000553813447  0.000217554547
 37.9771  0.000882331708  0.000160226732  4.76456726e-05
 38.0078  0.000833913323  0.000113511322  4.5577044e-05
 38.0385  0.000737060031  8.67786864e-05  3.92596379e-05
 38.0692  0.000680887737  6.4190568e-05  2.95975399e-05
 38.0999  0.00056031131  5.75993953e-05  2.22554332e-05
 38.1307  0.000478695876  4.31430529e-05  1.51651562e-05
 38.1614  0.000483300591  3.47929313e-05  1.12488135e-05
 38.1921  0.00046189817  2.79202825e-05  7.77466895e-06
 38.2228  0.000569247081  5.77291844e-05  1.06742494e-05
 38.2536  0.000563875239  8.21906149e-05  1.31372247e-05
 38.2843  0.000633338181  7.15272932e-05  1.91743284e-05
 38.315  0.000689030866  7.3671802e-05  1.99630147e-05
 38.3457  0.000598818454  7.53492783e-05  1.81129039e-05
 38.3764  0.000576710784  6.75225337e-05  2.28822402e-05
 38.4072  0.000578800374  4.1566515e-05  1.7922765e-05
 38.4379  0.0005305943  3.74248775e-05  1.94571659e-05
 38.4686  0.000517525968  4.68488734e-05  1.98554591e-05
 38.4993  0.000530552378  5.43320267e-05  2.48879207e-05
 38.5301  0.000583673572  4.97814097e-05  1.88585527e-05
 38.5608  0.000626210835  7.0198439e-05  3.18562107e-05
 38.5915  0.000749422428  6.87071867e-05  2.39548972e-05
 38.6222  0.000819491596  7.85589427e-05  2.60568779e-05
 38.6529  0.000833066056  0.000547849177  0.000109902411
 38.6837  0.000836464365  0.000920724687  0.000172929902
 38.7144  0.00100216804  0.000250875482  3.98714042e-05
 38.7451  0.00104479726  0.000159699376  6.17407168e-05
 38.7758  0.00108096897  0.000170896548  6.42407343e-05
 38.8066  0.00122223355  0.000152934014  5.9934746e-05
 38.8373  0.00122977317  6.22356517e-05  2.1154065e-05
 38.868  0.00128800029  5.44043341e-05  2.50812572e-05
 38.8987  0.00114248317  2.85931546e-05  1.27317842e-05
 38.9295  0.000961421815  5.28662325e-05  3.24151274e-05
 38.9602  0.000790760707  3.72531461e-05  1.95766413e-05
 38.9909  0.000672743348  3.98686601e-05  3.10228178e-05
 39.0216  0.000638264879  3.30428957e-05  2.64040176e-05
 39.0523  0.000509243444  3.93691597e-05  2.84669769e-05
 39.0831  0.000530760459  4.7091091e-05  3.6910104e-05
 39.1138  0.000559994739  5.00045008e-05  4.23119537e-05
 39.1445  0.00056906029  4.07387227e-05  3.08120663e-05
 39.1752  0.000554831396  6.23109154e-05  5.92468324e-05
 39.206  0.000533422516  6.9169043e-05  8.04884634e-05
 39.2367  0.000538758402  6.92638385e-05  7.7228547e-05
 39.2674  0.000512897766  3.12291874e-05  3.04740476e-05
 39.2981  0.000495315423  3.00453904e-05  3.04703617e-05
 39.3288  0.000453687744  2.29803699e-05  2.46335621e-05
 39.3596  0.000425719715  1.69912358e-05  1.64558049e-05
 39.3903  0.00039305394  1.99207886e-05  1.88299322e-05
 39.421  0.000388633072  1.50424778e-05  1.90286224e-05
 39.4517  0.000388776999  1.72562217e-05  1.91465446e-05
 39.4825  0.00041432852  1.4125789e-05  1.22838479e-05
 39.5132  0.000446075586  1.97799642e-05  1.58405132e-05
 39.5439  0.00050189049  2.88135064e-05  2.02506914e-05
 39.5746  0.000479352425  1.15629826e-05  1.45449872e-05
 39.6053  0.000521746412  1.1388024e-05  1.55597757e-05
 39.6361  0.000565727411  1.02693439e-05  1.62522021e-05
 39.6668  0.00058368208  1.08121431e-05  1.70827617e-05
 39.6975  0.000628252206  1.43390339e-05  1.88917932e-05
 39.7282  0.000757314313  1.9659872e-05  2.12400407e-05
 39.759  0.00109850524  3.50142875e-05  2.27573203e-05
 39.7897  0.00147608291  4.52330954e-05  2.43083962e-05
 39.8204  0.00176372117  5.45404817e-05  2.48294686e-05
 39.8511  0.00204226423  6.40137074e-05  2.75251746e-05
 39.8818  0.0023391489  6.00430094e-05  3.77916974e-05
 39.9126  0.00233943041  6.81939645e-05  3.10599346e-05
 39.9433  0.00230479836  6.23858252e-05  3.4885292e-05
 39.974  0.00215159482  4.93558702e-05  3.26936312e-05
 40.0047  0.00193108947  5.58566215e-05  4.3928988e-05
 40.0355  0.00185434231  5.55666201e-05  2.68889995e-05
 40.0662  0.00191174125  6.69493237e-05  2.50477691e-05
 40.0969  0.00187259305  9.00318915e-05  8.76049574e-05
 40.1276  0.00200110021  0.000112898272  0.000111234563
 40.1584  0.00210210771  9.37123004e-05  6.72458083e-05
 40.1891  0.00199280268  7.86160044e-05  5.24339698e-05
 40.2198  0.00199628656  0.000102580407  4.14358525e-05
 40.2505  0.00239901788  0.000159714787  2.93028523e-05
 40.2812  0.00273682157  0.000199696816  8.47518761e-05
 40.312  0.00357356032  0.000259745057  0.000105439432
 40.3427  0.00485961376  0.000311258427  9.03058112e-05
 40.3734  0.00620009588  0.000366340253  0.000104440988
 40.4041  0.00577480836  0.000417990587  9.23128461e-05
 40.4349  0.00579331436  0.00091115383  0.000157814879
 40.4656  0.00630822905  0.00193052239  0.000273694458
 40.4963  0.00686420086  0.0104698284  0.00309522472
 40.527  0.0070904092  0.0140605818  0.00442536221
 40.5577  0.00720927877  0.0119257751  0.00327729193
 40.5885  0.00688468639  0.00145021623  0.000333702192
 40.6192  0.0065513951  0.000663085142  0.00012489082
 40.6499  0.00594824164  0.000588097631  0.000133887707
 40.6806  0.00540718616  0.000503322907  0.000119648022
 40.7114  0.00517379507  0.000403569034  9.37387303e-05
 40.7421  0.00520978622  0.000315002722  8.19244628e-05
 40.7728  0.00529832791  0.000305490247  6.56810725e-05
 40.8035  0.00603481675  0.000388308151  0.000103701994
 40.8342  0.0072348922  0.000499376865  8.80965334e-05
 40.865  0.00912755565  0.00095609279  0.000202324874
 40.8957  0.0116325242  0.00132443064  0.000474580135
 40.9264  0.0141491502  0.00207631436  0.000504147475
 40.9571  0.0177004785  0.00238720139  0.000236273124
 40.9879  0.0186289871  0.00427353709  0.00071668423
 41.0186  0.0179043294  0.00476596288  0.000877338949
 41.0493  0.0184172968  0.00379005414  0.000765926502
 41.08  0.0201715692  0.00391998806  0.000472888588
 41.1108  0.0222517963  0.00414857108  0.000319504052
 41.1415  0.027573141  0.00629102202  0.00101049094
 41.1722  0.0305438411  0.00872045013  0.00287353571
 41.2029  0.0291202969  0.00960217914  0.00496239635
 41.2336  0.0239109863  0.0062246779  0.00486411253
 41.2644  0.0197081696  0.0047978367  0.00190299354
 41.2951  0.0169878372  0.00323141037  0.000574488729
 41.3258  0.0154027567  0.00259715085  0.0002149032
 41.3565  0.0147383735  0.0025991421  0.000209191419
 41.3873  0.0152167162  0.00313575282  0.000231086956
 41.418  0.0156102808  0.00308538007  0.000238947266
 41.4487  0.0201646643  0.00391198962  0.000278422012
 41.4794  0.0248279357  0.00534947697  0.000361562665
 41.5101  0.0341387792  0.00801272261  0.00047836254
 41.5409  0.0478009231  0.0116998852  0.000609772964
 41.5716  0.0570435774  0.0153121201  0.000750244337
 41.6023  0.0576382897  0.0170308148  0.000743393702
 41.633  0.0637715479  0.0153968521  0.00068247631
 41.6638  0.0689703925  0.0180469914  0.000759212113
 41.6945  0.0748533156  0.0224563152  0.000884912563
 41.7252  0.0841037556  0.0216662172  0.000854453515
 41.7559  0.0835942449  0.0242034635  0.000876670255
 41.7866  0.0856374429  0.0261849241  0.000968236975
 41.8174  0.0856992167  0.0256528781  0.000993652975
 41.8481  0.0883748543  0.0262139631  0.00100460331
 41.8788  0.0992402908  0.0293494516  0.00101213046
 41.9095  0.117417912  0.0295947505  0.00103971181
 41.9403  0.130943173  0.0473802904  0.00139825327
 41.971  0.147719503  0.0564415539  0.00166169978
 42.0017  0.146720253  0.0556858424  0.00165185933
 42.0324  0.123311577  0.0492160927  0.0013916407
 42.0631  0.0838060818  0.0375070031  0.00143120327
 42.0939  0.0707787092  0.0311537448  0.00377581916
 42.1246  0.0705333517  0.0306633085  0.00179797558
 42.1553  0.0721803967  0.0406854183  0.00153002303
 42.186  0.0682857867  0.0622267039  0.00201485618
 42.2168  0.0643787674  0.0868643684  0.0110711226
 42.2475  0.0681622517  0.064761242  0.0201733038
 42.2782  0.0675631746  0.0567918958  0.0222940051
 42.3089  0.0566332227  0.0371795241  0.00827313607
 42.3397  0.0531727283  0.0261756189  0.00203310509
 42.3704  0.0503701591  0.0199019211  0.00177385886
 42.4011  0.0379523316  0.0119005775  0.00166276163
 42.4318  0.0250125067  0.00548545732  0.00128672378
 42.4625  0.0258991425  0.00839061802  0.00132660671
 42.4933  0.0235796244  0.00830143207  0.00112936385
 42.524  0.0245649795  0.00785363022  0.00118138144
 42.5547  0.0173540062  0.00543165899  0.000895129226
 42.5854  0.0160277327  0.00520358336  0.000747726928
 42.6162  0.0187945315  0.00932689784  0.000713630549
 42.6469  0.0175516113  0.00892740248  0.000628217913
 42.6776  0.0154653539  0.00695021216  0.000536014631
 42.7083  0.0147134688  0.00508845226  0.000471111093
 42.739  0.0151026519  0.00226238066  0.000434205527
 42.7698  0.0159256728  0.00224936631  0.000433329379
 42.8005  0.0161946262  0.00188447543  0.000285782455
 42.8312  0.0162190257  0.00228794874  0.000297975715
 42.8619  0.016185959  0.00289648936  0.000342873062
 42.8927  0.0162460123  0.00293378067  0.000370704551
 42.9234  0.0180354613  0.00279900931  0.000388314744
 42.9541  0.0179875249  0.00267432903  0.000305820017
 42.9848  0.0187537691  0.00324906156  0.000280954555
 43.0155  0.0187155058  0.0034667479  0.000305951052
 43.0463  0.017169921  0.00316967533  0.000338783878
 43.077  0.0154307116  0.00274491038  0.000277786657
 43.1077  0.0188550664  0.00315834204  0.000271533533
 43.1384  0.0191723672  0.00343693613  0.000310780609
 43.1692  0.0186903665  0.00387777432  0.000350124396
 43.1999  0.0193389661  0.004477257  0.000386557995
 43.2306  0.0222239201  0.0048189817  0.000431570565
 43.2613  0.0279172682  0.00566163409  0.000544658394
 43.2921  0.032331119  0.00549651324  0.000522240817
 43.3228  0.0328989113  0.00606323063  0.000461223304
 43.3535  0.0360203104  0.00723210337  0.000580308977
 43.3842  0.0429792635  0.00869040191  0.000661725306
 43.4149  0.0467028925  0.0101347995  0.000745596883
 43.4457  0.0384698839  0.00780697493  0.000663809793
 43.4764  0.0335276101  0.00676334745  0.000586868586
 43.5071  0.0337425641  0.00767171612  0.000640366986
 43.5378  0.0350707972  0.00869328733  0.000702432515
 43.5686  0.0341024723  0.00858979965  0.000769800606
 43.5993  0.0360816915  0.0128096357  0.0011924172
 43.63  0.0380853921  0.0116496092  0.00114841448
 43.6607  0.0435307414  0.0148750296  0.00146538011
 43.6914  0.0479321785  0.0178142581  0.00144888642
 43.7222  0.0451692091  0.0165278291  0.00194414807
 43.7529  0.0397835752  0.0167593865  0.00251169973
 43.7836  0.0412673281  0.0138933649  0.00356705927
 43.8143  0.0400413073  0.0119058171  0.00422908149
 43.8451  0.0245576213  0.00720078894  0.00425712917
 43.8758  0.0168410777  0.00525993311  0.00352264712
 43.9065  0.0125679657  0.00466404665  0.00311070589
 43.9372  0.0118417485  0.00829379226  0.00542898759
 43.9679  0.0111078201  0.0164811476  0.0130099506
 43.9987  0.0101035509  0.013994885  0.0109888466
 44.0294  0.0117729669  0.00973546291  0.00649861978
 44.0601  0.00936914187  0.0138027777  0.011446253
 44.0908  0.013569565  0.0351710205  0.0234587982
 44.1216  nan  nan  nan
 44.1523  0.0140008491  0.0181184442  0.0135051308
 44.183  nan  nan  nan
 44.2137  nan  nan  nan
 44.2444  nan  nan  nan
 44.2752  nan  nan  nan
 44.3059  nan  nan  nan
 44.3366  nan  nan  nan
 44.3673  0.00402187773  0.00315809831  0.0023022071
 44.3981  nan  nan  nan
 44.4288  nan  nan  nan
 44.4595  nan  nan  nan
 44.4902  0.010690296  0.0587858003  0.0104717234
 44.521  0.0072434024  0.00264245688  0.00113321821
 44.5517  0.00511802316  0.00136653199  0.000911200942
 44.5824  0.00475019409  0.00101017965  0.000877449474
 44.6131  0.00526818378  0.00159404926  0.00120420148
 44.6438  0.00522036193  0.00183705341  0.0012262129
 44.6746  0.00451501887  0.00217582213  0.00139818738
 44.7053  0.00318555273  0.00236646169  0.00165952693
 44.736  0.00368692451  0.00182849357  0.0013420065
 44.7667  0.00533804886  0.00128624096  0.00109658565
 44.7975  0.0040765228  0.00111931053  0.000877790489
 44.8282  nan  nan  nan
 44.8589  0.00173050664  0.00126432533  0.000882475382
 44.8896  0.00164742541  0.00129993278  0.000830731489
 44.9203  0.0015722352  0.00105766436  0.000658678372
 44.9511  0.00249313132  0.00178348965  0.00123991766
 44.9818  nan  nan  nan
 45.0125  nan  nan  nan
 45.0432  nan  nan  nan
 45.074  nan  nan  nan
 45.1047  nan  nan  nan
 45.1354  nan  nan  nan
 45.1661  nan  nan  nan
 45.1968  0.00171865859  0.178656449  0.022267581
 45.2276  0.00142841836  0.0183607589  0.00514191443
 45.2583  nan  nan  nan
