# X (m) TKE_avg epsilon_turb_pw_avg_Y_avg epsilon_pw_avg_Y_avg
 33.0307  0.000127292817  0.0450787554  0.00261242117
 33.0614  7.01228675e-05  0.00121466107  0.000130455713
 33.0921  7.74661267e-05  0.000255240964  2.95828368e-05
 33.1228  7.96562396e-05  7.34799158e-06  3.24720143e-06
 33.1535  0.000109488603  7.0342267e-06  3.91833782e-06
 33.1841  0.000143516038  1.95227889e-05  6.85691296e-06
 33.2148  0.000158715277  1.37190924e-05  5.95222851e-06
 33.2455  0.000190658846  0.00047257289  0.000155392713
 33.2762  0.000194264024  0.000157289206  5.01668291e-05
 33.3069  0.000212256295  0.000151595748  4.13684018e-05
 33.3376  0.000133200075  1.45766564e-05  4.80733573e-06
 33.3683  0.000161509856  7.55341116e-06  3.58296473e-06
 33.399  0.000130267298  6.12089012e-06  3.73906811e-06
 33.4297  0.000129989744  6.71381795e-06  3.91856266e-06
 33.4604  0.000156036336  4.69406975e-06  2.62266096e-06
 33.4911  0.00020564979  7.35416342e-06  3.32719709e-06
 33.5218  0.000196319183  6.50267977e-06  3.69155188e-06
 33.5524  0.000259957279  7.14141209e-06  3.65560676e-06
 33.5831  0.000300064513  7.14728621e-06  3.73312976e-06
 33.6138  0.000329581053  3.10703911e-05  4.90239615e-06
 33.6445  0.000328134699  0.000403651917  1.68789928e-05
 33.6752  0.000374916329  0.000768342396  3.53304156e-05
 33.7059  0.000432067398  0.000338422333  8.86970809e-05
 33.7366  0.000449489421  0.000169934841  7.03270835e-05
 33.7673  0.000413437477  3.80791897e-05  3.77608057e-05
 33.798  0.000352288858  5.19645047e-05  7.06929844e-05
 33.8287  0.000267282686  4.95102697e-05  2.39647748e-05
 33.8594  0.000251699988  2.06985813e-05  6.37047133e-06
 33.89  0.000220294057  1.00277153e-05  4.25435849e-06
 33.9207  0.000201457919  6.10057815e-06  3.43639214e-06
 33.9514  0.000179908085  5.1880747e-06  4.0157714e-06
 33.9821  0.000170665219  3.9598138e-06  4.26557068e-06
 34.0128  0.000174786594  4.56140112e-06  5.74132538e-06
 34.0435  0.000177362173  3.69064108e-06  4.5916617e-06
 34.0742  0.000170222537  4.0518033e-06  7.58042262e-06
 34.1049  0.000211730622  4.22074351e-06  6.40599953e-06
 34.1356  0.000282212627  4.9916432e-06  5.76709482e-06
 34.1663  0.000329804316  8.01927596e-06  9.71098863e-06
 34.197  0.000203954899  4.08090173e-06  4.43395839e-06
 34.2276  0.000130780628  6.99161409e-06  1.00793382e-05
 34.2583  9.96459727e-05  4.48427504e-06  6.64269931e-06
 34.289  9.30447032e-05  7.17093978e-06  1.13969973e-05
 34.3197  9.70941711e-05  7.5840555e-06  9.82978281e-06
 34.3504  9.67158765e-05  6.65164942e-06  9.90808379e-06
 34.3811  0.000112216642  6.9933676e-06  1.0299161e-05
 34.4118  0.000114144774  6.40078267e-06  8.4735547e-06
 34.4425  0.000115436972  8.32761666e-06  1.28017681e-05
 34.4732  0.000114205493  6.47201394e-06  1.11198491e-05
 34.5039  0.000123517641  7.04715584e-06  1.1308547e-05
 34.5346  0.000127080936  6.41240103e-06  1.24449246e-05
 34.5653  0.000110784269  5.7845061e-06  1.3432934e-05
 34.5959  0.000106742793  5.86040854e-06  1.06945633e-05
 34.6266  0.000138937115  1.02487196e-05  1.423311e-05
 34.6573  0.000160944321  1.43473747e-05  1.20496447e-05
 34.688  0.000152102014  2.25130988e-05  1.7006399e-05
 34.7187  0.000141477822  1.67200376e-05  1.75635681e-05
 34.7494  0.000136694145  1.3528838e-05  1.73125538e-05
 34.7801  0.000144466408  1.4254592e-05  1.94492304e-05
 34.8108  0.000153621838  1.62253456e-05  2.25531571e-05
 34.8415  0.00014244339  1.57781414e-05  1.88531178e-05
 34.8722  0.000147390085  1.66022785e-05  1.99496321e-05
 34.9029  0.000150597576  1.03958375e-05  1.73444608e-05
 34.9335  0.000155458667  8.25101512e-06  1.5377013e-05
 34.9642  0.000161398661  9.88515189e-06  1.64091048e-05
 34.9949  0.000155020922  7.36556899e-06  1.44542196e-05
 35.0256  0.000172597734  9.47324117e-06  1.22810582e-05
 35.0563  0.000163938818  1.33070588e-05  8.68877503e-06
 35.087  0.000309390982  4.44324117e-05  1.32061381e-05
 35.1177  0.000411547926  5.46125072e-05  1.76523809e-05
 35.1484  0.000642074713  8.8154568e-05  3.67681331e-05
 35.1791  0.000555620285  0.000149067875  8.16420163e-05
 35.2098  0.000499182649  0.000113968631  2.86036495e-05
 35.2405  0.00039720484  5.46658897e-05  1.4986125e-05
 35.2712  0.000352310135  2.50153232e-05  1.17777574e-05
 35.3018  0.000315542332  1.39945044e-05  9.70260697e-06
 35.3325  0.00033856778  1.90559646e-05  9.60062447e-06
 35.3632  0.000311650676  1.64416838e-05  8.48684101e-06
 35.3939  0.000284185478  1.65740723e-05  8.19868326e-06
 35.4246  0.00024151426  1.38608446e-05  6.32051716e-06
 35.4553  0.000243842364  1.41738214e-05  6.216976e-06
 35.486  0.000223568424  1.07327514e-05  4.94273463e-06
 35.5167  0.000225710003  1.77225117e-05  5.92325423e-06
 35.5474  0.000248402989  1.11588456e-05  5.02293923e-06
 35.5781  0.00028285048  1.26323678e-05  5.16932403e-06
 35.6088  0.000281426306  1.39286211e-05  6.30685469e-06
 35.6394  0.000283434496  1.70065656e-05  6.26047347e-06
 35.6701  0.000277029525  2.2278124e-05  6.58874937e-06
 35.7008  0.000310348586  3.08664205e-05  9.38344301e-06
 35.7315  0.000298418349  3.50778544e-05  1.10589661e-05
 35.7622  0.000270003437  2.29575096e-05  9.572226e-06
 35.7929  0.00031917505  2.8742615e-05  1.3037365e-05
 35.8236  0.000363189891  3.96637911e-05  1.5160256e-05
 35.8543  0.000457919052  3.76731142e-05  1.79754481e-05
 35.885  0.000384672762  4.72613733e-05  1.61141731e-05
 35.9157  0.000379861623  3.48097363e-05  1.52533963e-05
 35.9464  0.000328337048  2.49815179e-05  1.30536868e-05
 35.9771  0.000340655419  3.12236666e-05  1.34889415e-05
 36.0077  0.000307954888  1.99463042e-05  1.1127419e-05
 36.0384  0.000420797578  3.88928012e-05  1.05897771e-05
 36.0691  0.000507888861  5.62320457e-05  1.60615517e-05
 36.0998  0.000464769168  5.23424172e-05  1.85316234e-05
 36.1305  0.000465419076  6.3067009e-05  2.5233423e-05
 36.1612  0.000416358278  0.000184030419  3.46241445e-05
 36.1919  0.00038511926  0.00100797232  4.27636616e-05
 36.2226  0.000438542539  0.000178511935  1.7685695e-05
 36.2533  0.000508835296  5.57516092e-05  2.19184012e-05
 36.284  0.000497988661  5.1797019e-05  1.64785171e-05
 36.3147  0.000469727415  5.47054772e-05  1.29452441e-05
 36.3453  0.000466556578  5.67102388e-05  2.02001554e-05
 36.376  0.000437270507  3.40865714e-05  1.43323654e-05
 36.4067  0.000412652788  0.000127344119  9.93835009e-05
 36.4374  0.000351123713  0.000108598452  8.15245738e-05
 36.4681  0.000272329362  2.85885607e-05  1.16217692e-05
 36.4988  0.000234190206  1.60134122e-05  5.86925193e-06
 36.5295  0.000224613453  9.59150976e-06  4.40526139e-06
 36.5602  0.0002553558  1.86949775e-05  8.79836672e-06
 36.5909  0.000288886936  2.69726239e-05  1.0749691e-05
 36.6216  0.000321814322  4.3789395e-05  2.08060963e-05
 36.6523  0.000331736817  5.71430787e-05  3.99053769e-05
 36.6829  0.000373102885  5.1261354e-05  4.45608443e-05
 36.7136  0.00038259371  5.16140398e-05  4.40976011e-05
 36.7443  0.000343811371  3.13981798e-05  2.48007155e-05
 36.775  0.00034050816  2.25546908e-05  1.98452799e-05
 36.8057  0.00041259532  7.91174506e-05  1.87508583e-05
 36.8364  0.000360092482  0.000343285635  3.64753195e-05
 36.8671  0.000364700444  0.00019843132  0.000152888846
 36.8978  0.000380550914  7.61572116e-05  5.62777663e-05
 36.9285  0.000355633196  1.78917815e-05  6.57033834e-06
 36.9592  0.000319263246  2.4672912e-05  1.55351432e-05
 36.9899  0.000359719689  0.000134609712  5.87406275e-05
 37.0206  0.000434403738  0.000317222718  9.80342588e-05
 37.0512  0.000479713057  0.000327786847  0.000102265637
 37.0819  0.00049253277  1.96904762e-05  1.26513771e-05
 37.1126  0.00047721851  0.000148910897  9.34986361e-05
 37.1433  0.000461978985  0.000315862247  0.000212983488
 37.174  0.000485582014  0.00026046629  0.000242657966
 37.2047  0.000490509629  0.000103670811  9.77196244e-05
 37.2354  0.000484260749  6.16058497e-05  2.01744564e-05
 37.2661  0.000439573931  0.000652930314  0.000108185841
 37.2968  0.000357998007  0.00114759787  0.000187622892
 37.3275  0.000338774122  6.49196158e-05  3.07296348e-05
 37.3582  0.000268917939  2.05011554e-05  2.97931208e-05
 37.3888  0.000255490948  1.43584801e-05  2.11284718e-05
 37.4195  0.000222412562  1.57150087e-05  3.04181015e-05
 37.4502  0.00023620895  9.03248028e-06  1.86190621e-05
 37.4809  0.000241523306  1.19354756e-05  2.79986676e-05
 37.5116  0.000240248718  1.30205946e-05  2.37475588e-05
 37.5423  0.00026991921  1.51418798e-05  2.86033094e-05
 37.573  0.000276129093  1.55760745e-05  2.69522321e-05
 37.6037  0.000312932544  2.82354309e-05  4.7686345e-05
 37.6344  0.00035121305  2.55036986e-05  4.00415886e-05
 37.6651  0.000351970538  2.24108999e-05  2.88723732e-05
 37.6958  0.000416019225  5.05971892e-05  5.30612438e-05
 37.7265  0.00046871298  6.12465297e-05  3.07364196e-05
 37.7571  0.000550891643  7.95916894e-05  4.55548816e-05
 37.7878  0.00058876545  9.35534615e-05  4.40621046e-05
 37.8185  0.000759052878  0.000156360366  3.44159805e-05
 37.8492  0.000727572881  0.000176102143  4.15920164e-05
 37.8799  0.00096705423  0.000747157783  0.000504938048
 37.9106  0.00102110698  0.00145272593  0.000632306735
 37.9413  0.00101661278  0.000745617209  0.000253312602
 37.972  0.000901632591  0.000125829775  7.36401361e-05
 38.0027  0.000853739218  0.000107010526  7.32118024e-05
 38.0334  0.000820745059  0.000126056503  7.24598476e-05
 38.0641  0.000729421003  9.75020594e-05  5.56809448e-05
 38.0947  0.000696355736  7.10612204e-05  5.40067856e-05
 38.1254  0.000719041783  4.82426689e-05  5.37929316e-05
 38.1561  0.000733125083  2.70134896e-05  3.56728673e-05
 38.1868  0.000794638661  2.64437743e-05  3.35563892e-05
 38.2175  0.000912220948  3.87069129e-05  3.35131153e-05
 38.2482  0.000942150444  7.24022718e-05  3.80388065e-05
 38.2789  0.000914243876  7.02912576e-05  4.17152786e-05
 38.3096  0.000808303305  4.68483761e-05  3.83823853e-05
 38.3403  0.000723044922  5.72769446e-05  3.59566517e-05
 38.371  0.000673431493  5.45241993e-05  3.92030232e-05
 38.4017  0.000689490895  3.69406999e-05  4.13502477e-05
 38.4323  0.000675022147  3.48714937e-05  3.82469391e-05
 38.463  0.000731623594  5.96313948e-05  3.80570964e-05
 38.4937  0.000667374027  6.9881541e-05  2.84235075e-05
 38.5244  0.000697463767  8.40178653e-05  2.50703385e-05
 38.5551  0.000771038299  7.80295715e-05  2.30022934e-05
 38.5858  0.000895843078  0.000117550198  2.66480227e-05
 38.6165  0.00087825972  0.000113263501  2.44645528e-05
 38.6472  0.00094871771  0.000115841188  2.51927367e-05
 38.6779  0.000854781003  8.55476061e-05  2.22084924e-05
 38.7086  0.0009609846  0.000193823333  4.63783343e-05
 38.7393  0.00108792856  0.000155762132  4.9693794e-05
 38.77  0.00140909063  0.000201339938  6.43374996e-05
 38.8006  0.00190578546  0.000273073578  8.80599343e-05
 38.8313  0.00197692212  0.000170801079  5.90501294e-05
 38.862  0.00212185838  0.000172300001  6.07436447e-05
 38.8927  0.00185787765  0.000187903052  5.35576713e-05
 38.9234  0.00149138147  0.000136841358  4.46384631e-05
 38.9541  0.00123291465  0.000116743012  4.22694866e-05
 38.9848  0.00103425274  8.60640771e-05  3.15405603e-05
 39.0155  0.000965619026  9.96317694e-05  4.65289414e-05
 39.0462  0.000853495893  8.21093579e-05  3.08302852e-05
 39.0769  0.000807915646  0.000102959315  5.17405408e-05
 39.1076  0.000698207211  7.21989684e-05  3.55921819e-05
 39.1382  0.000708904735  0.000117700035  5.1490514e-05
 39.1689  0.000708476068  9.56853724e-05  5.50557671e-05
 39.1996  0.000727537898  0.000105766809  8.68117334e-05
 39.2303  0.000746800269  0.000124188116  0.000104187719
 39.261  0.00081287744  0.000159144417  0.000129025139
 39.2917  0.000997039203  0.000222697437  0.000161579687
 39.3224  0.000984237551  0.000243286642  0.000146204339
 39.3531  0.000975325991  0.00021727481  7.91728931e-05
 39.3838  0.000991443911  0.000236547969  8.21773317e-05
 39.4145  0.00108057745  0.000217869507  0.000130061325
 39.4452  0.00128827369  0.000309430299  0.00012385469
 39.4759  0.00147203269  0.000431469004  0.000152152875
 39.5065  0.00133552624  0.000186569035  0.000114730116
 39.5372  0.00158891905  0.000107897469  0.000151631638
 39.5679  0.00164588796  0.000170323769  0.000110732955
 39.5986  0.000863408107  3.92242684e-05  3.56611703e-05
 39.6293  0.00096354777  2.84550176e-05  2.65346063e-05
 39.66  0.00126239141  4.81411294e-05  2.23706703e-05
 39.6907  0.00165858238  6.20862231e-05  2.29326515e-05
 39.7214  0.00193151571  9.81485521e-05  2.73398989e-05
 39.7521  0.00224401938  0.000138792883  3.54717862e-05
 39.7828  0.00277810011  0.000169410184  4.98228466e-05
 39.8135  0.00349147893  0.000198565272  5.95305931e-05
 39.8441  0.00405099225  0.000222387781  4.38725273e-05
 39.8748  0.00451367885  0.000285295035  4.74323714e-05
 39.9055  0.00428278239  0.000317259476  6.97781031e-05
 39.9362  0.00356692437  0.000262154899  5.55247436e-05
 39.9669  0.00255666112  0.000190990753  5.21869631e-05
 39.9976  0.00174948288  0.000156594598  3.91751293e-05
 40.0283  0.00183277323  0.000166696032  4.57659378e-05
 40.059  0.00168090747  0.000110203224  2.40952271e-05
 40.0897  0.00151580861  0.000107026012  4.10560259e-05
 40.1204  0.0013459708  0.000102821359  3.91824012e-05
 40.1511  0.00110817189  9.21480416e-05  8.22280181e-05
 40.1817  0.00116127477  7.33162282e-05  6.4566347e-05
 40.2124  0.00121723614  6.56768869e-05  4.54776949e-05
 40.2431  0.00123388365  4.99155318e-05  2.54284446e-05
 40.2738  0.00138644522  9.92011305e-05  8.07465193e-05
 40.3045  0.00172500619  0.000162031546  0.000112983179
 40.3352  0.00219698542  0.000168549874  4.90971103e-05
 40.3659  0.00278795856  0.000206124223  6.35895554e-05
 40.3966  0.00537574907  0.000483483144  0.000129596203
 40.4273  0.00863619148  0.00080478482  0.000150571386
 40.458  0.0106582203  0.00163490945  0.000277837389
 40.4887  0.0107844977  0.00428077032  0.00201439042
 40.5194  0.0111571558  0.0109628759  0.00543526097
 40.55  0.011970468  0.108190989  0.0114771683
 40.5807  0.0107225019  0.0302226903  0.00274271689
 40.6114  0.00978743657  0.00411240909  0.000511289348
 40.6421  0.00950145215  0.00112596658  0.000116886229
 40.6728  0.00897581385  0.000979194412  0.000102860807
 40.7035  0.00801888586  0.000761475964  0.000125658129
 40.7342  0.00802754654  0.000737890587  9.74238009e-05
 40.7649  0.0077310467  0.000789647873  9.543866e-05
 40.7956  0.00677560565  0.000771923801  0.00013188963
 40.8263  0.00539362356  0.000621456918  0.000106231342
 40.857  0.00457186277  0.000657520598  7.01044239e-05
 40.8876  0.00353718603  0.000637922824  0.000224528198
 40.9183  0.00458446453  0.000828621513  0.00024461434
 40.949  0.00740129623  0.0011007014  0.000163837511
 40.9797  0.0110279387  0.00157081363  0.000263499419
 41.0104  0.0135569156  0.00189188135  0.000650863886
 41.0411  0.0146984044  0.0027042914  0.000541905181
 41.0718  0.0159669249  0.00211633581  0.000214018293
 41.1025  0.0186211865  0.00231290204  0.000185299549
 41.1332  0.0185732959  0.00289233548  0.000289104546
 41.1639  0.0147007319  0.00311998664  0.000395527516
 41.1946  0.0116015673  0.00284135177  0.000579545548
 41.2253  0.0100652134  0.00393195738  0.000661036019
 41.2559  0.0102710237  0.00274154453  0.000622471931
 41.2866  0.0108523599  0.00241542387  0.000469000473
 41.3173  0.0118176178  0.0019829164  0.000149708671
 41.348  0.0144798583  0.00218874206  0.000157107706
 41.3787  0.0179983635  0.00243102878  0.000167814512
 41.4094  0.0164857006  0.00227861304  0.000180807516
 41.4401  0.0160701949  0.00235871217  0.000189615011
 41.4708  0.019638978  0.00290160871  0.000246972593
 41.5015  0.0263824137  0.00368650581  0.000307702233
 41.5322  0.0310508995  0.00555063475  0.000339552433
 41.5629  0.0320844028  0.00630832017  0.000371682741
 41.5935  0.0314035757  0.00726676789  0.000395929672
 41.6242  0.0292587061  0.00740627997  0.00038413521
 41.6549  0.0276115851  0.00630854665  0.000327706893
 41.6856  0.0285463819  0.00440230688  0.00031431058
 41.7163  0.0281160735  0.00553320808  0.00035060771
 41.747  0.0331638935  0.00613325449  0.000436431446
 41.7777  0.051202824  0.0102871626  0.000588688891
 41.8084  0.0700495908  0.015549865  0.000767345464
 41.8391  0.0757963508  0.0180637587  0.000837850427
 41.8698  0.0754527944  0.0190073256  0.00083027527
 41.9005  0.0708910102  0.0206348058  0.000860288043
 41.9312  0.0720071392  0.0189953107  0.000825147085
 41.9618  0.075996979  0.0174191162  0.000769460674
 41.9925  0.0808451009  0.0194080323  0.000766128581
 42.0232  0.0895802981  0.0268457922  0.000851523228
 42.0539  0.0911227332  0.0226836321  0.000898257638
 42.0846  0.102591366  0.0289640753  0.00131725074
 42.1153  0.122275725  0.0428710539  0.00149406771
 42.146  0.136169076  0.0541515561  0.00159527831
 42.1767  0.128377275  0.0479573972  0.00144812694
 42.2074  0.0814914021  0.0451093655  0.0015413049
 42.2381  0.0685096725  0.0414537656  0.00429935875
 42.2688  0.0627596852  0.0551844902  0.00272648548
 42.2994  0.0567480617  0.0671812382  0.00365030292
 42.3301  0.0516351563  0.0284310236  0.00235670888
 42.3608  0.0421929066  0.0165006929  0.00118622035
 42.3915  0.0475696419  0.016423826  0.00142587578
 42.4222  0.0350209977  0.0131323688  0.00171255226
 42.4529  0.0279858848  0.00926629185  0.00142790972
 42.4836  0.0269119878  0.00443465617  0.00116104703
 42.5143  0.025818231  0.0055123704  0.00117881269
 42.545  0.0287310254  0.00761340148  0.00152513618
 42.5757  0.0255307873  0.00676545956  0.000996377311
 42.6064  0.0236471101  0.00712302353  0.000845482065
 42.637  0.0231743003  0.00748480034  0.000853745597
 42.6677  0.0206540817  0.00529320825  0.000752920384
 42.6984  0.0180101026  0.00536382738  0.000638060644
 42.7291  0.0191471676  0.00707562363  0.000771563172
 42.7598  0.018238127  0.00483614389  0.000517565297
 42.7905  0.0166154253  0.00363881281  0.000378622984
 42.8212  0.0151599582  0.00316180355  0.000318962447
 42.8519  0.0155674693  0.00230347965  0.000297377685
 42.8826  0.0149462367  0.00223813502  0.0003063624
 42.9133  0.013733425  0.00203203508  0.000249760314
 42.944  0.0133083755  0.00174416979  0.000255037985
 42.9747  0.0129165767  0.00165007471  0.000274338069
 43.0053  0.0120664303  0.00195706947  0.000357843274
 43.036  0.0129689989  0.00214945512  0.000321608444
 43.0667  0.01467301  0.00226438486  0.000254655675
 43.0974  0.0143745763  0.0022259268  0.000291171536
 43.1281  0.0143092032  0.00242676703  0.000284055492
 43.1588  0.0151853726  0.00259645263  0.000292002734
 43.1895  0.0159279961  0.00230320823  0.000274608134
 43.2202  0.0142417436  0.00271185164  0.000309257661
 43.2509  0.0150065059  0.00275704346  0.000329876876
 43.2816  0.0153336582  0.0029437493  0.00032706825
 43.3123  0.0172080566  0.00368503083  0.000325435317
 43.3429  0.0221352233  0.00474574124  0.000380416251
 43.3736  0.0270817908  0.00558199665  0.000503157084
 43.4043  0.0254797848  0.00542202152  0.000430635529
 43.435  0.0247923766  0.00559238592  0.000391149694
 43.4657  0.0253169558  0.00640046  0.000536784162
 43.4964  0.0273098695  0.00750871714  0.000596025088
 43.5271  0.0310883844  0.00841897673  0.000617296012
 43.5578  0.0358885935  0.00866239117  0.000685924276
 43.5885  0.0350226361  0.00859841064  0.000606285896
 43.6192  0.0340251505  0.00909203582  0.000584485972
 43.6499  0.0341044001  0.00971991933  0.000621578908
 43.6806  0.0340487707  0.0100856827  0.000669503662
 43.7112  0.0327327907  0.00797317007  0.000621900354
 43.7419  0.0345519563  0.0088561564  0.000794176663
 43.7726  0.0377474083  0.0121959993  0.00112001274
 43.8033  0.0440682101  0.0163549576  0.00117869206
 43.834  0.0501810445  0.0201227137  0.00149833954
 43.8647  0.0577492936  0.0246461562  0.00176166518
 43.8954  0.0632211653  0.0333071368  0.00212097449
 43.9261  0.0650727695  0.0353894917  0.0027495527
 43.9568  0.0649494857  0.0334433458  0.00416299627
 43.9875  0.0677688725  0.032836915  0.00625401417
 44.0182  0.0724156621  0.0386940111  0.010643507
 44.0488  0.0659269394  0.0452382658  0.0184732632
 44.0795  0.0524204424  0.0404456708  0.0246172595
 44.1102  0.102151175  0.0721847099  0.0486785629
 44.1409  0.112683177  0.117655352  0.0337428676
 44.1716  0.113848187  0.165655546  0.0386113349
 44.2023  nan  nan  nan
 44.233  nan  nan  nan
 44.2637  nan  nan  nan
 44.2944  nan  nan  nan
 44.3251  nan  nan  nan
 44.3558  0.00478552655  0.00380315692  0.00228013884
 44.3864  0.00433940083  0.00292218821  0.00238385447
 44.4171  0.00343624894  0.00240168379  0.00177687298
 44.4478  nan  nan  nan
 44.4785  nan  nan  nan
 44.5092  nan  nan  nan
 44.5399  0.00413590701  0.00141406197  0.00111382942
 44.5706  0.00574433251  0.00404725184  0.00305286168
 44.6013  0.00690704242  0.00347598442  0.00176853322
 44.632  0.00706541628  0.00322283811  0.00167216227
 44.6627  0.00653933308  0.00292341246  0.00183325806
 44.6934  0.00506739442  0.00205026072  0.00134190726
 44.7241  0.00482280058  0.00246717609  0.00160057025
 44.7547  0.00620572807  0.00227728346  0.00154293259
 44.7854  nan  nan  nan
 44.8161  nan  nan  nan
 44.8468  nan  nan  nan
 44.8775  nan  nan  nan
 44.9082  0.00388440469  0.00179400513  0.000981488208
 44.9389  0.0036379961  0.00144107828  0.000973340182
 44.9696  0.0036594736  0.00151197323  0.00124628129
 45.0003  0.00342438801  0.00119375791  0.000848269653
 45.031  nan  nan  nan
 45.0617  nan  nan  nan
 45.0923  nan  nan  nan
 45.123  nan  nan  nan
 45.1537  nan  nan  nan
 45.1844  nan  nan  nan
 45.2151  0.00205448161  0.00445439279  0.00182631283
 45.2458  nan  nan  nan
