# X (m) TKE_avg epsilon_turb_pw_avg_Y_avg epsilon_pw_avg_Y_avg
 33.0301  0.000100294934  0.0554113474  0.00541640608
 33.0602  6.0748769e-05  0.00267257615  0.000324172686
 33.0903  6.99534572e-05  0.00065665566  8.19758822e-05
 33.1203  8.32156329e-05  3.80283325e-06  3.10187332e-06
 33.1504  7.03858524e-05  5.93378055e-06  2.38818144e-06
 33.1805  0.000181859697  7.6332472e-05  7.44514562e-06
 33.2106  0.000178157301  4.18447967e-05  6.52517308e-06
 33.2407  0.000166686155  0.000391621267  0.000151357877
 33.2708  0.000177282494  0.000449147809  0.000168732475
 33.3008  0.000172585994  0.000172943338  5.69036418e-05
 33.3309  0.000140121697  3.20589581e-05  1.11482605e-05
 33.361  0.000117848881  4.85291801e-06  2.71790918e-06
 33.3911  0.00013931343  6.52321186e-06  3.5184364e-06
 33.4212  0.000181904981  6.42244839e-06  3.25447868e-06
 33.4513  0.00021180488  7.00880378e-06  3.03664327e-06
 33.4814  0.0002193353  6.13600843e-06  2.92497798e-06
 33.5114  0.000248508725  6.68990255e-06  3.25739485e-06
 33.5415  0.000305672717  7.64572595e-06  3.27606417e-06
 33.5716  0.000362143412  8.89883186e-06  3.45258786e-06
 33.6017  0.000366527658  1.38644089e-05  3.6006091e-06
 33.6318  0.000359522679  8.21170179e-05  6.60167196e-06
 33.6619  0.000327734591  0.000582762801  3.38550954e-05
 33.6919  0.000354841179  0.000250236474  6.22099258e-05
 33.722  0.000384794764  0.000124050144  9.69587841e-05
 33.7521  0.000372715865  4.85925249e-05  3.00207018e-05
 33.7822  0.000343670048  2.86799996e-05  3.84473305e-05
 33.8123  0.000259848365  4.00212579e-05  3.53339572e-05
 33.8424  0.000229663896  3.60399806e-05  9.38238448e-06
 33.8725  0.000180566038  2.88313446e-05  3.74488582e-06
 33.9025  0.000158911573  6.48720177e-06  3.05849439e-06
 33.9326  0.000154682801  4.36891738e-06  2.99030019e-06
 33.9627  0.000147108239  3.88362764e-06  2.69137507e-06
 33.9928  0.000149656702  4.04183749e-06  3.03679627e-06
 34.0229  0.000161241944  4.61737252e-06  4.21587477e-06
 34.053  0.000177982403  4.02375756e-06  3.34949684e-06
 34.083  0.000219306613  5.38494503e-06  5.51877364e-06
 34.1131  0.00026518407  5.97961569e-06  4.26130522e-06
 34.1432  0.000272472653  6.14697285e-06  6.32342968e-06
 34.1733  0.000228952612  5.75090079e-06  5.59410496e-06
 34.2034  0.000140571022  5.04822131e-06  3.76917962e-06
 34.2335  0.000103433205  6.1806846e-06  6.2482655e-06
 34.2636  9.74989511e-05  4.88421685e-06  5.05726743e-06
 34.2936  0.000103055657  6.67606214e-06  7.36900092e-06
 34.3237  0.000105713009  5.26826191e-06  5.91378248e-06
 34.3538  0.000110602818  4.21007216e-06  5.31293853e-06
 34.3839  0.000119018161  5.08041813e-06  5.85779737e-06
 34.414  0.000107747322  6.243608e-06  8.76521262e-06
 34.4441  0.000116210521  5.7948916e-06  7.92132401e-06
 34.4741  0.00010932695  4.42426352e-06  6.58372577e-06
 34.5042  0.000121244989  5.38805921e-06  7.8117532e-06
 34.5343  0.000116108056  5.23100753e-06  7.17130611e-06
 34.5644  0.00012182862  4.95530278e-06  9.25593367e-06
 34.5945  0.00012371088  5.51893124e-06  1.04317511e-05
 34.6246  0.000144225858  7.53235516e-06  8.92897311e-06
 34.6547  0.000162244421  1.17669713e-05  9.8962756e-06
 34.6847  0.000151443021  8.99576353e-06  9.03970658e-06
 34.7148  0.000167964007  1.27058618e-05  1.41567572e-05
 34.7449  0.000167706616  1.51040173e-05  1.55774484e-05
 34.775  0.000200586053  2.04156717e-05  1.85431035e-05
 34.8051  0.000208233273  2.46428232e-05  1.91690438e-05
 34.8352  0.000175302873  2.50960282e-05  1.91680989e-05
 34.8652  0.000194653464  1.62835782e-05  1.4812797e-05
 34.8953  0.000207847509  1.24375383e-05  1.75034589e-05
 34.9254  0.00019240048  1.0055573e-05  1.55277285e-05
 34.9555  0.000205573967  1.02044682e-05  1.48668549e-05
 34.9856  0.00024118279  9.58417774e-06  1.38080398e-05
 35.0157  0.000226375594  9.84100675e-06  1.36916771e-05
 35.0458  0.000239017834  1.50209975e-05  1.35623421e-05
 35.0758  0.000263433175  2.40356586e-05  1.18804437e-05
 35.1059  0.000355439029  4.66394927e-05  1.12934461e-05
 35.136  0.000502273251  5.77453706e-05  1.91618256e-05
 35.1661  0.000678415968  0.000148527628  6.12705223e-05
 35.1962  0.000567018733  0.000132337204  4.2752214e-05
 35.2263  0.000428455883  7.08532567e-05  1.63198564e-05
 35.2563  0.000329295655  2.91282919e-05  1.05566816e-05
 35.2864  0.000352212322  2.09029352e-05  1.13947362e-05
 35.3165  0.000368073978  2.63829844e-05  1.3442253e-05
 35.3466  0.000334566241  2.42747947e-05  1.27767932e-05
 35.3767  0.000304823182  1.7574243e-05  1.19777291e-05
 35.4068  0.000303482034  1.02213066e-05  1.14077705e-05
 35.4368  0.000286579037  1.11666157e-05  9.15076465e-06
 35.4669  0.00029444178  1.07536251e-05  7.49046425e-06
 35.497  0.00033961584  1.45913604e-05  7.91851036e-06
 35.5271  0.000345867734  1.71261756e-05  8.09065965e-06
 35.5572  0.000349639539  2.11991673e-05  9.99636087e-06
 35.5873  0.000362306406  1.96761992e-05  1.10690323e-05
 35.6174  0.000319504513  1.82478328e-05  9.30693587e-06
 35.6474  0.000341744648  2.41369735e-05  1.00487424e-05
 35.6775  0.000358413977  3.51355492e-05  1.04972249e-05
 35.7076  0.000376065795  5.61426203e-05  1.28891051e-05
 35.7377  0.000408760803  5.56801019e-05  1.09635935e-05
 35.7678  0.000311484299  3.54954429e-05  1.08924972e-05
 35.7979  0.00032522521  3.9319507e-05  1.23709491e-05
 35.8279  0.000272303936  3.11653737e-05  8.59415543e-06
 35.858  0.000352255945  4.7091947e-05  1.46018063e-05
 35.8881  0.000350275703  4.60265713e-05  1.18406323e-05
 35.9182  0.000369098181  4.10025406e-05  1.64911586e-05
 35.9483  0.000340483458  2.85500433e-05  1.48911011e-05
 35.9784  0.000312597531  2.22855432e-05  1.35161734e-05
 36.0085  0.000338289135  2.65548397e-05  1.18122322e-05
 36.0385  0.000329208765  3.13230546e-05  1.01551451e-05
 36.0686  0.000400400546  4.24646584e-05  1.14308212e-05
 36.0987  0.000405526094  5.36208028e-05  1.72165581e-05
 36.1288  0.000366905555  0.000295043303  4.01725928e-05
 36.1589  0.000424120067  0.00190784928  0.000162704754
 36.189  0.000510747059  0.00104609236  4.60755385e-05
 36.219  0.000526779047  0.000261291361  2.15402182e-05
 36.2491  0.000516472078  5.36549417e-05  2.28402336e-05
 36.2792  0.000557619129  6.62413092e-05  1.99123676e-05
 36.3093  0.000640673808  7.30606389e-05  1.63388405e-05
 36.3394  0.00060234204  9.56062417e-05  2.47130054e-05
 36.3695  0.000511215409  5.52922803e-05  1.44705588e-05
 36.3996  0.000464390231  0.000109093979  6.89896894e-05
 36.4296  0.000400967656  0.000151258733  0.00010918792
 36.4597  0.000296611871  4.5744887e-05  1.65512804e-05
 36.4898  0.000258073295  1.87359995e-05  7.30623464e-06
 36.5199  0.000245273858  1.75553753e-05  7.04688436e-06
 36.55  0.000264338067  2.09030257e-05  8.34270243e-06
 36.5801  0.000309129697  3.17176183e-05  1.16666917e-05
 36.6101  0.000319697985  4.35251695e-05  1.54025082e-05
 36.6402  0.000320632686  0.000111626948  6.4168007e-05
 36.6703  0.000353510904  8.80409601e-05  5.64032236e-05
 36.7004  0.000361348231  6.57318175e-05  5.00347495e-05
 36.7305  0.000378478631  6.20205688e-05  4.55574883e-05
 36.7606  0.000401362264  5.74440383e-05  3.24057438e-05
 36.7907  0.000385243314  4.14356423e-05  2.30800392e-05
 36.8207  0.00038711472  0.000655496604  2.3664287e-05
 36.8508  0.000401358856  0.000899424035  0.000215430865
 36.8809  0.000440310583  0.000334234162  0.000255829586
 36.911  0.00051321692  2.36631315e-05  1.47417916e-05
 36.9411  0.000509066338  2.74490409e-05  1.17286394e-05
 36.9712  0.000472001226  4.6562124e-05  3.77296853e-05
 37.0012  0.000463805301  0.000861385913  0.000140301868
 37.0313  0.00046365755  0.00108461383  0.000147343253
 37.0614  0.000435173578  0.00103175044  0.000143229564
 37.0915  0.000432518378  2.9471221e-05  1.80768664e-05
 37.1216  0.000446931136  0.000496371755  0.000292757749
 37.1517  0.0004431556  0.000298597084  0.000236615193
 37.1818  0.000426177672  0.00056334149  0.000500128092
 37.2118  0.000399016488  0.000165144801  0.000146177169
 37.2419  0.000384024583  0.000165883852  3.38842916e-05
 37.272  0.000356420627  0.000233738932  6.11581925e-05
 37.3021  0.000336639337  0.000333477986  0.000110617885
 37.3322  0.000353222872  4.09100831e-05  5.34713761e-05
 37.3623  0.000356192685  3.51892065e-05  5.44463592e-05
 37.3923  0.00032223045  1.97605579e-05  3.04450739e-05
 37.4224  0.000306483371  2.50355911e-05  4.84307366e-05
 37.4525  0.00035577577  1.54751034e-05  2.84764811e-05
 37.4826  0.00034328595  2.377582e-05  4.8327112e-05
 37.5127  0.000380997459  3.27494347e-05  4.18000685e-05
 37.5428  0.000270515067  2.17805615e-05  4.04320424e-05
 37.5729  0.000294622245  4.88435109e-05  8.71332013e-05
 37.6029  0.000289874511  3.90276179e-05  7.35090424e-05
 37.633  0.000326569135  2.9675561e-05  5.73807105e-05
 37.6631  0.000380489362  2.44454315e-05  3.88613209e-05
 37.6932  0.000420524353  5.36031378e-05  7.11793007e-05
 37.7233  0.000457211729  6.41204798e-05  8.26590236e-05
 37.7534  0.000501541226  8.65850752e-05  6.140164e-05
 37.7834  0.000600715221  0.000163537031  9.81777664e-05
 37.8135  0.000802153953  0.00018684609  9.85046421e-05
 37.8436  0.000814338909  0.000205913397  0.000117460488
 37.8737  0.000870958768  0.000574450584  0.000156662529
 37.9038  0.00100902756  0.00268298381  0.000854761922
 37.9339  0.00100942782  0.00364515342  0.00126296132
 37.964  0.000952589118  0.000455458275  0.000272541046
 37.994  0.00082724622  0.000136644507  9.68797421e-05
 38.0241  0.000887653623  0.000116925892  8.6238294e-05
 38.0542  0.000884463555  0.000118567368  8.35701503e-05
 38.0843  0.000865110232  0.00010321028  7.40380506e-05
 38.1144  0.000889493781  7.10480642e-05  7.04433019e-05
 38.1445  0.000924850087  4.82745497e-05  6.74495082e-05
 38.1745  0.000858912105  4.0943089e-05  5.55406945e-05
 38.2046  0.00109574696  6.64861043e-05  5.78462186e-05
 38.2347  0.00132870224  0.000111347427  6.58427034e-05
 38.2648  0.00122535503  0.000139017672  7.15824447e-05
 38.2949  0.00105787205  0.000102554607  7.2645362e-05
 38.325  0.000961939143  9.3487587e-05  7.56835618e-05
 38.3551  0.000777263037  6.9123481e-05  6.60152871e-05
 38.3851  0.000712568909  5.97130423e-05  6.5453498e-05
 38.4152  0.000626476175  4.89139276e-05  6.20344638e-05
 38.4453  0.000656498227  4.8111746e-05  6.59349664e-05
 38.4754  0.000578640188  5.67938773e-05  5.17532422e-05
 38.5055  0.000649043217  7.38312386e-05  4.66373048e-05
 38.5356  0.000689122636  9.19767774e-05  3.91705815e-05
 38.5656  0.000742559745  0.000138391359  3.97663665e-05
 38.5957  0.000714796071  0.000104652795  3.84068664e-05
 38.6258  0.000815350657  0.000136553816  3.42287398e-05
 38.6559  0.000928790575  0.000138308191  3.23113273e-05
 38.686  0.00101814513  0.000127402099  3.87207877e-05
 38.7161  0.00112520298  0.000180862374  6.01602714e-05
 38.7462  0.00122069419  0.000202485425  5.9456061e-05
 38.7762  0.00141864526  0.000237411682  8.09467433e-05
 38.8063  0.00137345387  0.000199196091  7.78350891e-05
 38.8364  0.00164602192  0.00020513089  8.00700418e-05
 38.8665  0.00137251146  0.000133716458  5.2010238e-05
 38.8966  0.00135193103  0.000146928862  5.07386389e-05
 38.9267  0.00121608607  0.000112446525  5.46164806e-05
 38.9567  0.00117228882  9.21146889e-05  5.29603894e-05
 38.9868  0.00116827597  0.000103420379  6.1193945e-05
 39.0169  0.00109627915  0.000104224507  5.71670773e-05
 39.047  0.000961722417  0.000107248581  5.72222163e-05
 39.0771  0.000875478644  0.000146852557  6.02708035e-05
 39.1072  0.00100568165  0.000187665022  8.56109266e-05
 39.1373  0.00116211117  0.000185096734  8.2613257e-05
 39.1673  0.001183438  0.000193476914  0.000100456944
 39.1974  0.00125982237  0.000209161397  9.20219869e-05
 39.2275  0.00111367748  0.000243909476  0.000107937163
 39.2576  0.00106688046  0.000305405663  0.000112101367
 39.2877  0.00100055354  0.000350548194  0.000101810291
 39.3178  0.00091078194  0.000200649422  8.35393869e-05
 39.3478  0.000999155526  0.00030880782  9.38784389e-05
 39.3779  0.00083686056  0.000356369392  8.37853789e-05
 39.408  0.00097105444  0.00108963647  9.57888489e-05
 39.4381  0.000944338126  0.00083636001  0.00011354102
 39.4682  0.00191574532  0.00070879029  0.000191717118
 39.4983  0.00706244407  0.000925315297  0.000244883298
 39.5284  0.0157309786  0.00195756671  0.000400835076
 39.5584  0.0176616024  0.00256764366  0.000479717162
 39.5885  0.00857118328  0.00206064121  0.00033444822
 39.6186  0.0103692393  0.0022629687  0.000502057948
 39.6487  0.00472323872  0.00121137804  0.000792511522
 39.6788  0.00229235794  0.00116156917  0.000313486607
 39.7089  0.00334257928  0.00167306592  0.000411429496
 39.7389  0.000440157656  0.000279676069  0.000106955356
 39.769  0.000171182005  2.45658553e-05  2.06163325e-05
 39.7991  0.000204554851  3.14919163e-05  3.47556233e-05
 39.8292  0.000188044905  1.53120265e-05  2.09749341e-05
 39.8593  0.000192367644  2.09264811e-05  3.22011399e-05
 39.8894  0.00019341279  3.33006824e-05  4.68465272e-05
 39.9195  0.000177479764  2.0782287e-05  3.02599777e-05
 39.9495  0.000224446622  3.48974965e-05  4.62490297e-05
 39.9796  0.000220385208  3.75432651e-05  5.45563967e-05
 40.0097  0.000223485047  4.27006252e-05  6.93712926e-05
 40.0398  0.000286397297  1.83709974e-05  4.67283423e-05
 40.0699  0.000262408531  1.41548692e-05  4.17617075e-05
 40.1  0.000316897911  5.34258399e-05  0.00012182012
 40.13  0.000370198833  5.81173171e-05  0.000129783723
 40.1601  0.000383803147  4.99997056e-05  0.000113669598
 40.1902  0.000361543733  3.78543834e-05  9.05558818e-05
 40.2203  0.000363076004  3.17521778e-05  8.20242199e-05
 40.2504  0.000431529647  4.03269586e-05  9.95056735e-05
 40.2805  0.000482635837  6.89376455e-05  0.000125431816
 40.3105  0.000513702196  5.51553515e-05  9.66080429e-05
 40.3406  0.000568827362  5.90276194e-05  0.000101275002
 40.3707  0.000660488579  6.64569146e-05  6.60193502e-05
 40.4008  0.00082719733  0.000208564088  0.000149928987
 40.4309  0.00105864798  0.000187515263  9.63947595e-05
 40.461  0.00101026777  0.00017707456  9.9568067e-05
 40.4911  0.00112825802  0.00053824466  0.00134540149
 40.5211  0.0012260729  0.00123608201  0.00382325166
 40.5512  0.00155051355  0.000973744285  0.00115279064
 40.5813  0.00165775396  0.000432988604  0.000272645469
 40.6114  0.00152890404  0.000282731917  9.37778719e-05
 40.6415  0.00138489148  0.000254016076  8.84203034e-05
 40.6716  0.00130136371  0.00016772489  7.69191699e-05
 40.7016  0.00139461652  0.000113345266  6.62840431e-05
 40.7317  0.00122365799  0.000128227407  5.8377854e-05
 40.7618  0.00118017099  0.000165972258  5.83159961e-05
 40.7919  0.00128061061  0.000224850377  6.82641389e-05
 40.822  0.00135768383  0.000287857017  0.000101183712
 40.8521  0.00133930787  0.000298496256  6.30785223e-05
 40.8822  0.00122644431  0.000355220191  0.00017888296
 40.9122  0.00119001738  0.000328371162  0.000204711361
 40.9423  0.00119673898  0.000281738884  0.000172862274
 40.9724  0.00119180653  0.000255587626  4.35635904e-05
 41.0025  0.00137919723  0.000316561934  0.000112662023
 41.0326  0.00155354599  0.000339505683  0.000143964478
 41.0627  0.00161154432  0.000296995365  8.09934532e-05
 41.0927  0.00198542846  0.000451264652  4.79950326e-05
 41.1228  0.00213448123  0.000499054669  5.06966934e-05
 41.1529  0.00223542078  0.000559906877  0.000116117531
 41.183  0.00223583853  0.0016308557  0.000168486846
 41.2131  0.00200337393  0.00221220765  0.000207419032
 41.2432  0.00180647682  0.00218900717  0.000200768782
 41.2733  0.00166203252  0.00101257955  8.88707479e-05
 41.3033  0.00162537187  0.000468076747  7.40502978e-05
 41.3334  0.00166435744  0.000353426919  7.79040274e-05
 41.3635  0.00170421169  0.000375742262  7.03395185e-05
 41.3936  0.00207139581  0.00050390936  7.92354269e-05
 41.4237  0.00224293485  0.000434684271  9.64317146e-05
 41.4538  0.00311909766  0.000608047379  8.81492189e-05
 41.4838  0.00316866189  0.000806727712  0.000124073708
 41.5139  0.00323760278  0.000833061678  0.000145637354
 41.544  0.00310991313  0.000698074529  0.000129883908
 41.5741  0.00261950638  0.00051147542  7.30455095e-05
 41.6042  0.00196593786  0.000416997142  9.96760896e-05
 41.6343  0.00242118697  0.00053191275  0.000159362401
 41.6644  0.00286204469  0.000679048155  0.000261220389
 41.6944  0.00363578869  0.000873918141  0.000336750068
 41.7245  0.00555653467  0.00103980092  0.000212232073
 41.7546  0.0145416833  0.00234883181  0.000280339513
 41.7847  0.0285699795  0.00632997088  0.000358184488
 41.8148  0.041769706  0.0118530305  0.000524784037
 41.8449  0.0523873215  0.017598305  0.00067745281
 41.8749  0.0571129533  0.0224384502  0.000858259621
 41.905  0.0548620042  0.0234648967  0.000883040516
 41.9351  0.0446871384  0.0167194342  0.000759566923
 41.9652  0.039768053  0.0134696598  0.000710636673
 41.9953  0.0447440152  0.0151533688  0.000754675398
 42.0254  0.0656630385  0.0241143194  0.000941528953
 42.0555  0.0881882087  0.0350381734  0.00122000354
 42.0855  0.0770937563  0.0440185889  0.0017016611
 42.1156  0.0938373861  0.0649342361  0.00241372399
 42.1457  0.11590468  0.0842951779  0.00298280605
 42.1758  0.116124477  0.102393658  0.00301816898
 42.2059  0.102229635  0.0997164987  0.00283870124
 42.236  0.0866046574  0.0719531319  0.00432924778
 42.266  0.0723635888  0.0537819067  0.00450223503
 42.2961  0.0628371117  0.0458861623  0.00291038207
 42.3262  0.0495284695  0.0279953789  0.00200739588
 42.3563  0.0430832715  0.0155815221  0.00112769327
 42.3864  0.0128158748  0.00667433576  0.000482526497
 42.4165  0.00761158841  0.00722555326  0.000385741507
 42.4466  0.00634948348  0.00757927157  0.000251208662
 42.4766  0.00439119798  0.00655731428  0.000144979206
 42.5067  0.00357631485  0.00171348523  7.28052318e-05
 42.5368  0.00371950292  0.000553059471  8.21023821e-05
 42.5669  0.00620916198  0.000982273616  0.000117785111
 42.597  0.00968051576  0.00161169024  0.000157346974
 42.6271  0.0132686886  0.00231122553  0.000198559033
 42.6571  0.0183984238  0.00358886658  0.000314285124
 42.6872  0.0213016321  0.00506892427  0.000482382188
 42.7173  0.0250495287  0.00582595291  0.000575854377
 42.7474  0.0249061724  0.00527289273  0.000554980211
 42.7775  0.0202774755  0.00442650737  0.000394381481
 42.8076  0.0191998901  0.00403575973  0.000360424719
 42.8377  0.0171673955  0.00361746745  0.000315018235
 42.8677  0.015872169  0.00316682096  0.000262793835
 42.8978  0.0151274111  0.00304142795  0.000223220675
 42.9279  0.01321597  0.00281775256  0.000180510598
 42.958  0.0119083065  0.00169190762  0.000141827262
 42.9881  0.0114177536  0.0019190709  0.000168218077
 43.0182  0.0144705159  0.00339688742  0.000290099038
 43.0482  0.0200351172  0.00533104024  0.000382010134
 43.0783  0.0247797242  0.00651938743  0.000460827369
 43.1084  0.0294787829  0.00860508831  0.000574863554
 43.1385  0.0275402549  0.00873145932  0.000518534989
 43.1686  0.0265239183  0.0078023172  0.000528164559
 43.1987  0.0263106161  0.0062048376  0.000543959068
 43.2288  0.0254400006  0.00546989795  0.000545281283
 43.2588  0.0256749704  0.00575153695  0.00055626788
 43.2889  0.0235581148  0.00484576362  0.000544946965
 43.319  0.0242336225  0.00493571392  0.000468698337
 43.3491  0.0234241452  0.00496546323  0.000545631708
 43.3792  0.0216088098  0.0052463436  0.000551385705
 43.4093  0.0227311496  0.00690809253  0.000730667628
 43.4393  0.0300340284  0.00925074443  0.000633570597
 43.4694  0.0339245455  0.0099375739  0.000757434535
 43.4995  0.0332038856  0.0103410774  0.00102701736
 43.5296  0.0317785082  0.00936298433  0.000738928048
 43.5597  0.0344911655  0.00940717902  0.000643115539
 43.5898  0.0315021465  0.00877221637  0.00053458235
 43.6199  0.031035593  0.00899937651  0.000543404207
 43.6499  0.033648336  0.00967881589  0.000800415202
 43.68  0.0400406957  0.0116475521  0.000972732274
 43.7101  0.0453971883  0.011915263  0.000975537464
 43.7402  0.0510516687  0.0125205077  0.00105615921
 43.7703  0.053629639  0.0146427297  0.00120889287
 43.8004  0.0534596639  0.0163881678  0.00137421749
 43.8304  0.0520353212  0.015530085  0.00154028618
 43.8605  0.0496448888  0.0161236767  0.00217270672
 43.8906  0.0515017313  0.01382136  0.00272097468
 43.9207  0.053456904  0.0152224913  0.00425773993
 43.9508  0.056516491  0.0232131068  0.00917298012
 43.9809  0.0557274818  0.0307266565  0.0160681114
 44.011  0.0525720365  0.0278157075  0.0219603094
 44.041  0.0471005162  0.0228804471  0.0244863157
 44.0711  0.0391327423  0.0219839331  0.0305699749
 44.1012  0.0568730524  0.0443594714  0.0603010408
 44.1313  0.0785992927  0.101358803  0.0865280743
 44.1614  0.0475413016  0.0652158326  0.0469229632
 44.1915  nan  nan  nan
 44.2215  nan  nan  nan
 44.2516  nan  nan  nan
 44.2817  nan  nan  nan
 44.3118  nan  nan  nan
 44.3419  nan  nan  nan
 44.372  nan  nan  nan
 44.4021  nan  nan  nan
 44.4321  nan  nan  nan
 44.4622  nan  nan  nan
 44.4923  nan  nan  nan
 44.5224  nan  nan  nan
 44.5525  nan  nan  nan
 44.5826  nan  nan  nan
 44.6126  0.00502827978  0.00253082955  0.00156661504
 44.6427  0.00353407624  0.00224561117  0.00159361483
 44.6728  0.00325247309  0.00222581251  0.00152619799
 44.7029  0.00321215345  0.00205576051  0.00127533034
 44.733  0.00371868974  0.002021465  0.00158449357
 44.7631  0.00542045993  0.00298231614  0.00212781744
 44.7932  nan  nan  nan
 44.8232  nan  nan  nan
 44.8533  nan  nan  nan
 44.8834  0.00379075606  0.00264670081  0.00230627688
 44.9135  nan  nan  nan
 44.9436  0.00557172994  0.00199759229  0.00159276506
 44.9737  0.00519832622  0.00169156024  0.00139215492
 45.0037  nan  nan  nan
