# X (m) TKE_avg epsilon_turb_pw_avg_Y_avg epsilon_pw_avg_Y_avg
 33.0296  7.93111701e-05  0.0959945222  0.00566151041
 33.0592  4.64172819e-05  0.000157185742  0.00138349826
 33.0888  4.96062286e-05  3.34924917e-05  0.000373252912
 33.1184  4.5212907e-05  3.88853149e-06  1.25452717e-06
 33.148  3.36288462e-05  2.926e-06  1.39653148e-06
 33.1776  5.56459622e-05  4.14736454e-05  2.35480076e-05
 33.2072  7.27058732e-05  2.64959779e-05  1.49036705e-05
 33.2368  9.81403739e-05  5.69909504e-05  2.21473324e-05
 33.2664  0.000132055039  8.84435574e-05  3.00692288e-05
 33.296  0.000201723752  5.34647021e-05  1.52732646e-05
 33.3256  0.000189277514  3.38169112e-05  9.38632239e-06
 33.3552  0.000161043588  2.13725309e-05  6.19185776e-06
 33.3848  0.000106374578  1.19329285e-05  5.96331439e-06
 33.4144  0.000119008072  2.15496049e-05  6.14017891e-06
 33.444  0.000108308209  1.64004617e-05  3.24745718e-06
 33.4736  9.93487549e-05  1.17862319e-05  3.56078807e-06
 33.5032  0.00011044302  1.80271788e-05  6.51761672e-06
 33.5328  0.000126437352  2.81884608e-05  7.40711919e-06
 33.5624  0.000114262599  1.92961208e-05  6.23606749e-06
 33.592  0.000151455672  2.10545642e-05  6.3082743e-06
 33.6216  0.000194152662  1.63556318e-05  7.25538891e-06
 33.6512  0.000242222104  0.000192918741  2.12121372e-05
 33.6808  0.000270412715  0.00021711886  2.05748986e-05
 33.7104  0.0003612042  0.000476425468  3.63116357e-05
 33.74  0.000372632085  0.000179661082  1.88677564e-05
 33.7696  0.000423573311  0.00036376026  2.14244083e-05
 33.7992  0.000403215938  0.00043772709  2.37267631e-05
 33.8288  0.000327707486  8.40854101e-05  1.14374315e-05
 33.8584  0.000316249967  5.52444807e-05  6.73118962e-06
 33.888  0.000308263215  4.57458837e-05  5.57793487e-06
 33.9176  0.000280692417  1.75422251e-05  3.85159409e-06
 33.9472  0.000298400391  6.02585464e-06  4.12467259e-06
 33.9768  0.000304149048  5.09858114e-06  4.0666261e-06
 34.0064  0.000314787612  6.10100057e-06  4.47911455e-06
 34.036  0.000292530669  6.18644066e-06  4.34158817e-06
 34.0656  0.000266325225  6.35328619e-06  4.36655547e-06
 34.0952  0.000215584803  5.95485459e-06  4.31618328e-06
 34.1248  0.000185034192  6.06174944e-06  4.08275098e-06
 34.1544  0.0001516785  4.92099462e-06  4.11841255e-06
 34.184  0.000125487407  4.12039351e-06  4.89420904e-06
 34.2136  0.000104938401  3.15793387e-06  4.38729144e-06
 34.2432  9.91129334e-05  2.83795594e-06  4.7012869e-06
 34.2728  0.000102254023  2.75274399e-06  5.57919472e-06
 34.3024  9.90584812e-05  2.32460177e-06  5.04219052e-06
 34.332  9.86389041e-05  4.1573564e-06  6.32105545e-06
 34.3616  9.39174988e-05  6.34385589e-06  6.54160271e-06
 34.3912  9.32805245e-05  6.07784902e-06  7.92879847e-06
 34.4208  8.92710388e-05  5.5445554e-06  8.60683882e-06
 34.4504  8.19084119e-05  3.87834142e-06  7.10073647e-06
 34.48  7.61039213e-05  5.8661951e-06  1.11582858e-05
 34.5096  8.19028354e-05  4.89776838e-06  1.01214488e-05
 34.5392  8.04237997e-05  3.79393214e-06  9.00304127e-06
 34.5688  9.14471297e-05  4.5560569e-06  1.3132211e-05
 34.5984  9.01930815e-05  4.46570082e-06  1.15567619e-05
 34.6281  0.00010589672  5.91874059e-06  1.35988215e-05
 34.6577  0.000122652666  6.98825364e-06  1.16419041e-05
 34.6873  0.000119668992  1.20578979e-05  1.61520522e-05
 34.7169  0.000119024  1.36859052e-05  1.94091101e-05
 34.7465  0.000112695367  1.6277926e-05  2.44415353e-05
 34.7761  0.000120890098  1.8621642e-05  2.82172776e-05
 34.8057  0.00012934019  1.35943997e-05  1.99419555e-05
 34.8353  0.000118066257  1.3531154e-05  2.12090486e-05
 34.8649  0.000109090056  8.49841752e-06  1.52202724e-05
 34.8945  0.000114674504  1.15808124e-05  2.216723e-05
 34.9241  0.000115725727  9.23132954e-06  1.89117076e-05
 34.9537  0.000109904084  9.41674924e-06  2.22108367e-05
 34.9833  0.000131075701  9.41015565e-06  2.00379771e-05
 35.0129  0.000165301702  1.14242531e-05  2.29383985e-05
 35.0425  0.000175505771  1.15482349e-05  2.20830906e-05
 35.0721  0.00026237458  1.76902665e-05  1.81531155e-05
 35.1017  0.000380381032  6.16167233e-05  1.75240778e-05
 35.1313  0.00031268051  3.82774423e-05  1.86571988e-05
 35.1609  0.000372950023  4.56560736e-05  0.00022711031
 35.1905  0.000364199663  5.09167819e-05  0.000332170309
 35.2201  0.000345598869  4.11318469e-05  3.20378986e-05
 35.2497  0.000336356951  3.2004085e-05  3.73186753e-05
 35.2793  0.000324399154  3.28860518e-05  4.69807493e-05
 35.3089  0.000319884175  2.28923946e-05  3.72559429e-05
 35.3385  0.000359575161  2.73517702e-05  4.3900561e-05
 35.3681  0.000361678905  3.00946694e-05  4.82888031e-05
 35.3977  0.000298703457  2.34709228e-05  4.43563516e-05
 35.4273  0.000368366511  2.64727144e-05  4.97474892e-05
 35.4569  0.000293291879  2.27135834e-05  4.38887347e-05
 35.4865  0.000279887359  1.73836722e-05  3.50748711e-05
 35.5161  0.000347527827  2.54476394e-05  3.94644588e-05
 35.5457  0.000298587917  2.27091207e-05  3.42200413e-05
 35.5753  0.00025514592  1.57918525e-05  3.29182245e-05
 35.6049  0.00022373533  1.31856604e-05  2.60274323e-05
 35.6345  0.000307955988  2.56952135e-05  2.41179413e-05
 35.6641  0.000413043392  4.83916783e-05  2.29964246e-05
 35.6937  0.000399767696  4.06573196e-05  1.83713036e-05
 35.7233  0.000354676836  3.65937875e-05  1.50200381e-05
 35.7529  0.000321757788  4.09134622e-05  1.32178154e-05
 35.7825  0.000360901248  6.52918382e-05  1.58471441e-05
 35.8121  0.000250232011  5.61395877e-05  1.30514539e-05
 35.8417  0.000299530793  6.1251127e-05  1.4360348e-05
 35.8713  0.000324464189  6.14828632e-05  1.60960423e-05
 35.9009  0.000293291837  5.06237745e-05  1.6145804e-05
 35.9305  0.000380952467  3.85039463e-05  1.88328248e-05
 35.9601  0.000240836008  2.68569188e-05  1.06840366e-05
 35.9897  0.000228697126  3.16050867e-05  1.07523462e-05
 36.0193  0.000189567411  2.580266e-05  8.32548228e-06
 36.0489  0.000220114082  3.25934975e-05  9.02994444e-06
 36.0785  0.000224508714  3.39412623e-05  9.73985213e-06
 36.1081  0.000195366676  3.2947554e-05  9.94139533e-06
 36.1377  0.000209912723  5.13023504e-05  1.69321169e-05
 36.1673  0.000200665209  0.00025206891  2.04718622e-05
 36.1969  0.000307796938  0.000513419583  2.44525987e-05
 36.2265  0.000272496686  0.000154600874  1.99914844e-05
 36.2561  0.000248042494  3.5080981e-05  1.49038294e-05
 36.2857  0.00028105546  3.87161892e-05  1.14583743e-05
 36.3153  0.000291821586  4.37304774e-05  1.39995951e-05
 36.3449  0.000305673726  6.31531378e-05  1.62015701e-05
 36.3745  0.000256658032  4.47465495e-05  1.45330833e-05
 36.4041  0.000242506156  6.47562738e-05  3.68178314e-05
 36.4337  0.000213180731  5.84205114e-05  3.62757212e-05
 36.4633  0.000192963505  2.64837183e-05  9.6241664e-06
 36.4929  0.000143680044  1.29344086e-05  4.5666985e-06
 36.5225  0.000124431789  1.08927897e-05  5.42691414e-06
 36.5521  0.00013414791  1.64641473e-05  1.00432812e-05
 36.5817  0.000164306305  2.32092235e-05  1.15572196e-05
 36.6113  0.000187274251  3.15772798e-05  1.2450196e-05
 36.6409  0.000202310789  6.09471596e-05  1.95131854e-05
 36.6705  0.000239893836  8.16833073e-05  1.9382047e-05
 36.7001  0.000219099761  5.35775825e-05  1.76747207e-05
 36.7297  0.00023872266  5.2011702e-05  2.01885884e-05
 36.7593  0.000260025394  7.11787782e-05  2.55495468e-05
 36.7889  0.000225833405  6.54859045e-05  1.96395763e-05
 36.8185  0.000220185801  0.000160656754  2.24344814e-05
 36.8481  0.000194813318  0.000785562513  3.14827322e-05
 36.8777  0.000195493253  0.00152919466  4.03557814e-05
 36.9073  0.000175868913  0.000126988088  8.49692242e-06
 36.9369  0.000172968579  1.8053948e-05  6.3153072e-06
 36.9665  0.00019427044  2.20073925e-05  1.03035246e-05
 36.9961  0.000247787362  0.000129020091  3.14552897e-05
 37.0257  0.000306783914  0.000372861806  7.09983288e-05
 37.0553  0.000296851557  0.000385811541  7.56258931e-05
 37.0849  0.0002910956  3.66929908e-05  1.27596706e-05
 37.1145  0.000262804035  0.000140760756  0.000156011673
 37.1441  0.000236908962  0.000139540253  0.000157528381
 37.1737  0.00022960757  5.33334581e-05  7.37233503e-05
 37.2033  0.000204962509  5.82075201e-05  8.16898053e-05
 37.2329  0.000199958068  0.000102484363  0.00010267876
 37.2625  0.000210382375  0.000150701469  9.40502323e-05
 37.2921  0.00025649874  9.4433871e-05  1.91395739e-05
 37.3217  0.000224109633  6.80873374e-05  1.67216667e-05
 37.3513  0.00018481036  1.72047829e-05  1.57652055e-05
 37.3809  0.000157178846  1.14180461e-05  2.58245131e-05
 37.4105  0.000165726433  9.32557445e-06  2.05425034e-05
 37.4401  0.000151644324  1.13492454e-05  2.71536703e-05
 37.4697  0.000157306631  5.41101869e-06  1.73621714e-05
 37.4993  0.000178177331  2.24281114e-05  3.4454289e-05
 37.5289  0.000168714096  1.28479521e-05  1.90764383e-05
 37.5585  0.000172047095  2.21885118e-05  3.78399769e-05
 37.5881  0.000165583288  3.13968448e-05  4.91801174e-05
 37.6177  0.000201529948  1.39210877e-05  2.37413773e-05
 37.6473  0.000203731442  1.79074416e-05  3.35370928e-05
 37.6769  0.000205520193  2.09603861e-05  2.85971785e-05
 37.7065  0.000257171696  4.17528729e-05  5.02260687e-05
 37.7361  0.000280187118  3.15763893e-05  1.89167714e-05
 37.7657  0.000288322471  7.68714194e-05  4.45500523e-05
 37.7953  0.000435569178  0.000119497601  4.14268e-05
 37.825  0.00051480422  0.000250117974  4.7027429e-05
 37.8546  0.0005394792  0.000479183161  7.15402447e-05
 37.8842  0.000572835906  0.000313020144  0.000113294397
 37.9138  0.000717038504  0.00283614524  0.00266150596
 37.9434  0.000521547938  0.00170987945  0.00162983224
 37.973  0.000518594944  0.00010617439  7.58503443e-05
 38.0026  0.000534398167  0.000101756639  8.32293374e-05
 38.0322  0.000481153093  7.95304451e-05  6.88906215e-05
 38.0618  0.000433134289  8.4468969e-05  6.95456428e-05
 38.0914  0.000286039717  5.99699772e-05  6.2384365e-05
 38.121  0.000258991105  3.2049097e-05  4.00947806e-05
 38.1506  0.000252832794  2.71200705e-05  3.3473335e-05
 38.1802  0.000234826372  2.23075969e-05  2.05094872e-05
 38.2098  0.000320103135  3.31568751e-05  2.21052282e-05
 38.2394  0.000332566075  4.30149598e-05  1.96780358e-05
 38.269  0.00047673429  7.33128496e-05  3.02776917e-05
 38.2986  0.000507537103  5.4387218e-05  3.61412893e-05
 38.3282  0.000440002635  6.27465816e-05  3.3187353e-05
 38.3578  0.000362032941  4.84767033e-05  2.35239862e-05
 38.3874  0.00031879191  4.28028686e-05  2.11720785e-05
 38.417  0.000346469225  5.57610231e-05  1.93458703e-05
 38.4466  0.000387876284  4.07082574e-05  1.37595983e-05
 38.4762  0.00042153185  4.52897558e-05  1.39868445e-05
 38.5058  0.000426129509  5.20849884e-05  1.39440772e-05
 38.5354  0.000494334217  5.98469035e-05  1.79052754e-05
 38.565  0.000526037394  5.00973517e-05  2.12751456e-05
 38.5946  0.000608734731  8.57714344e-05  2.88348654e-05
 38.6242  0.000813643805  0.00014613705  3.72588723e-05
 38.6538  0.000676456508  0.000133010904  2.96305943e-05
 38.6834  0.000642030392  0.000130761691  2.95874416e-05
 38.713  0.00071390665  0.000191471941  5.35337414e-05
 38.7426  0.000781229789  0.000129123266  4.24475099e-05
 38.7722  0.000641892508  0.000102155762  3.21974325e-05
 38.8018  0.000622808323  0.000117299331  3.24653573e-05
 38.8314  0.000553612054  0.000129000879  3.4180374e-05
 38.861  0.000363706434  4.89237667e-05  2.47064083e-05
 38.8906  0.000309933047  2.96197822e-05  1.75274587e-05
 38.9202  0.000204559758  1.75078681e-05  1.37813935e-05
 38.9498  0.000164571243  1.2733112e-05  1.06361796e-05
 38.9794  0.000159733316  1.9603529e-05  9.50248377e-06
 39.009  0.000146123454  1.26608541e-05  1.0683441e-05
 39.0386  0.000161701935  1.40479941e-05  1.13405216e-05
 39.0682  0.000152416822  1.06130252e-05  1.07313099e-05
 39.0978  0.000148135952  9.67725704e-06  1.10503208e-05
 39.1274  0.000143348643  7.83649211e-06  9.34135962e-06
 39.157  0.000133505538  1.10265197e-05  1.08059169e-05
 39.1866  0.000121641979  1.55120817e-05  1.89095421e-05
 39.2162  0.00011849606  1.6352076e-05  2.2597232e-05
 39.2458  0.000106389868  1.51959248e-05  2.33041345e-05
 39.2754  0.000100522488  1.41456992e-05  2.63006709e-05
 39.305  9.88506856e-05  1.49294209e-05  2.73732734e-05
 39.3346  9.57099974e-05  8.33967257e-06  1.62677013e-05
 39.3642  9.58698177e-05  6.56565383e-06  9.93487427e-06
 39.3938  9.87399363e-05  1.07319763e-05  1.44450149e-05
 39.4234  9.22765293e-05  1.48783005e-05  2.92747616e-05
 39.453  8.76922795e-05  3.43458726e-06  1.0199956e-05
 39.4826  8.77469985e-05  1.09700501e-05  2.18916506e-05
 39.5122  8.3737295e-05  7.04442367e-06  1.43505462e-05
 39.5418  7.96857875e-05  6.69545891e-06  1.52925277e-05
 39.5714  7.59863811e-05  6.85445478e-06  9.70125633e-06
 39.601  7.256484e-05  8.05250159e-06  1.09018174e-05
 39.6306  6.8089118e-05  1.02676033e-05  1.36965974e-05
 39.6602  7.15595786e-05  5.55245654e-06  9.22248398e-06
 39.6898  7.05493991e-05  6.35546507e-06  8.93758876e-06
 39.7194  7.21462882e-05  5.82132356e-06  9.42488956e-06
 39.749  6.73130654e-05  5.05910057e-06  8.44732204e-06
 39.7786  6.37676301e-05  3.8667892e-06  7.40805071e-06
 39.8082  7.07360516e-05  5.18183575e-06  7.46242056e-06
 39.8378  7.20554463e-05  1.36570045e-05  8.32460434e-06
 39.8674  6.71395493e-05  6.06170206e-06  6.01735653e-06
 39.897  6.39396579e-05  6.09493387e-06  6.8459121e-06
 39.9266  6.409289e-05  5.56333682e-06  7.8322954e-06
 39.9562  7.09019635e-05  1.41868165e-05  5.44428678e-06
 39.9858  5.42112014e-05  5.99833904e-06  9.64197189e-06
 40.0154  5.63718424e-05  3.57364795e-06  6.60263637e-06
 40.045  5.84286547e-05  1.97746471e-06  4.23877953e-06
 40.0746  6.98707166e-05  5.1770579e-06  1.03489199e-05
 40.1042  7.11923451e-05  1.07037359e-05  2.25142803e-05
 40.1338  7.65421859e-05  1.00648308e-05  1.58644613e-05
 40.1634  7.09988195e-05  7.53560514e-06  1.40873296e-05
 40.193  7.80221394e-05  6.8649377e-06  1.09966917e-05
 40.2226  6.75100842e-05  9.45438552e-06  1.60932683e-05
 40.2522  7.83989522e-05  5.30542202e-06  8.53301314e-06
 40.2818  0.000104745056  1.38851296e-05  1.87252807e-05
 40.3114  0.000161167416  1.2253817e-05  1.0543375e-05
 40.341  0.000175664463  1.61544276e-05  1.66684789e-05
 40.3706  0.000241585575  3.5532192e-05  1.12354167e-05
 40.4002  0.000291053982  0.000101544013  4.02601347e-05
 40.4298  0.000498305041  0.00079525588  0.000148742106
 40.4594  0.000634897851  0.000897164669  0.000166331809
 40.489  0.000546375154  0.000324297073  0.000114910336
 40.5186  0.000679851862  0.000959995546  0.000323481579
 40.5482  0.000731427421  0.000600657183  0.000439691448
 40.5778  0.000831278462  0.000283952413  0.000220459007
 40.6074  0.00068663391  0.000142779258  5.5654277e-05
 40.637  0.000545957388  0.000144056853  3.87497693e-05
 40.6666  0.000428741234  9.31697147e-05  4.09223879e-05
 40.6962  0.00032581695  5.019174e-05  2.50680676e-05
 40.7258  0.000256148013  3.04787506e-05  1.51905549e-05
 40.7554  0.000217161514  2.69676244e-05  1.55042448e-05
 40.785  0.000208440078  3.21620122e-05  2.1116704e-05
 40.8146  0.000264570348  6.35262374e-05  2.41595199e-05
 40.8442  0.00054261319  0.000229204607  2.80551729e-05
 40.8738  0.000711166989  0.000224833237  6.39200093e-05
 40.9034  0.000768264939  0.000155268279  9.46474414e-05
 40.933  0.00120526069  0.000190855452  0.000145388659
 40.9626  0.00114192486  0.000154133771  5.45276556e-05
 40.9922  0.0016832197  0.000161912924  8.42065043e-05
 41.0219  0.00137417259  0.00015309394  8.16429384e-05
 41.0515  0.00083322233  0.000147542302  6.27971426e-05
 41.0811  0.000730344849  0.000131128439  3.52169926e-05
 41.1107  0.000982725109  0.000116269883  4.46415583e-05
 41.1403  0.00111863841  0.000130686886  7.50648215e-05
 41.1699  0.000769981927  0.000201636853  9.70720847e-05
 41.1995  0.00102475286  0.000377201835  0.000113084519
 41.2291  0.000965794186  0.000395368775  7.70576255e-05
 41.2587  0.000748298831  0.00041557256  0.000102980688
 41.2883  0.000616482294  0.000378722195  9.81577834e-05
 41.3179  0.000553442778  8.29917798e-05  2.11248087e-05
 41.3475  0.000298125119  2.27430648e-05  1.22396383e-05
 41.3771  0.000263793649  1.21775433e-05  7.76918811e-06
 41.4067  0.000244291965  1.12501515e-05  1.39736969e-05
 41.4363  0.00023016189  1.04537018e-05  1.2534e-05
 41.4659  0.000284870644  1.6059753e-05  1.28596758e-05
 41.4955  0.000218697427  1.5654194e-05  1.62662299e-05
 41.5251  0.000181828384  1.40277078e-05  1.53897575e-05
 41.5547  0.000159380316  1.04743593e-05  1.06933341e-05
 41.5843  0.000148313293  1.26348613e-05  1.23586629e-05
 41.6139  0.000143217645  1.56215127e-05  1.63400514e-05
 41.6435  0.00012845242  2.5367871e-05  2.82513151e-05
 41.6731  0.000130499664  3.45084596e-05  3.88038254e-05
 41.7027  0.00011416247  2.99968127e-05  3.94180633e-05
 41.7323  0.000124902026  2.87425958e-05  4.11691769e-05
 41.7619  0.000124635533  2.69441751e-05  4.23869652e-05
 41.7915  0.000162741717  1.58782892e-05  2.59974066e-05
 41.8211  0.000156786883  1.02714074e-05  1.37841799e-05
 41.8507  0.000149780131  1.12789478e-05  1.66701654e-05
 41.8803  0.000162675627  3.10886922e-05  3.50255966e-05
 41.9099  0.000166624983  4.7107629e-05  5.08823319e-05
 41.9395  0.000214451841  2.4018412e-05  3.44121354e-05
 41.9691  0.000207035715  2.28323871e-05  4.25140267e-05
 41.9987  0.000243173355  3.31990788e-05  4.9436931e-05
 42.0283  0.000361087228  8.22847782e-05  0.000105352604
 42.0579  0.000511763103  0.000118953709  5.58668863e-05
 42.0875  0.000611561574  0.00285523172  9.29974874e-05
 42.1171  0.00060910625  0.00156848764  7.34342387e-05
 42.1467  0.000580335322  5.76588497e-05  5.98876346e-05
 42.1763  0.000600039329  5.04305003e-05  5.40436412e-05
 42.2059  0.000597344958  5.15112271e-05  5.9675651e-05
 42.2355  0.000571306574  0.000372449162  0.00114535804
 42.2651  0.00061178251  0.000198738045  0.000560335021
 42.2947  0.000719488562  0.00144670685  0.000639544641
 42.3243  0.00073754004  0.00555754367  0.000614788677
 42.3539  0.000715460652  0.00060249934  9.93782041e-05
 42.3835  0.000692783008  8.67165695e-05  8.80589241e-05
 42.4131  0.000594745688  8.72713425e-05  0.000132319343
 42.4427  0.000623205286  4.13961234e-05  5.59487457e-05
 42.4723  0.000691130525  6.3260146e-05  4.69136479e-05
 42.5019  0.000653482921  5.09163991e-05  3.19915188e-05
 42.5315  0.000779644615  8.86789516e-05  9.32139516e-05
 42.5611  0.000586305898  6.42282807e-05  7.26349706e-05
 42.5907  0.000670041473  7.58542956e-05  9.1681948e-05
 42.6203  0.000504759896  3.49333646e-05  7.16009184e-05
 42.6499  0.000410077924  3.1052286e-05  7.86181777e-05
 42.6795  0.000511372743  3.19321816e-05  9.64740312e-05
 42.7091  0.000522853943  3.51724845e-05  9.73189288e-05
 42.7387  0.000623838748  4.26961285e-05  0.000103151011
 42.7683  0.000538939124  2.13151537e-05  5.98357976e-05
 42.7979  0.000440350703  1.52177746e-05  4.23840722e-05
 42.8275  0.000402528319  1.40954902e-05  3.70037866e-05
 42.8571  0.000393793303  1.45360736e-05  3.71150868e-05
 42.8867  0.000416014638  1.53000307e-05  3.98645073e-05
 42.9163  0.000391152144  1.30023105e-05  2.70911059e-05
 42.9459  0.000341543267  9.00359328e-06  1.30553034e-05
 42.9755  0.000314809864  6.23875224e-06  5.42194883e-06
 43.0051  0.000338175789  6.6688483e-06  4.47915321e-06
 43.0347  0.00035813273  8.15095856e-06  6.35268456e-06
 43.0643  0.000406386042  1.0991635e-05  7.26305534e-06
 43.0939  0.000377667729  1.04210459e-05  6.89375425e-06
 43.1235  0.000383180457  9.02374219e-06  7.76930735e-06
 43.1531  0.000418842508  5.79589299e-06  9.68771841e-06
 43.1827  0.000463965144  8.93314632e-06  1.30594284e-05
 43.2123  0.000523626922  1.15475383e-05  1.67003539e-05
 43.2419  0.000659163858  2.39252941e-05  2.80953173e-05
 43.2715  0.00086024922  4.68405649e-05  4.34100085e-05
 43.3011  0.00114268422  9.76134029e-05  5.10464297e-05
 43.3307  0.00269315463  0.000484242901  9.99089039e-05
 43.3603  0.00778116883  0.00273555811  0.000588612844
 43.3899  0.0157890004  0.00514845341  0.000860321464
 43.4195  0.0254020481  0.00799048498  0.000923622876
 43.4491  0.0314935226  0.0107231211  0.00087205885
 43.4787  0.0355282399  0.0151618773  0.00100111414
 43.5083  0.0346486705  0.0153858085  0.000969209993
 43.5379  0.0315484056  0.0136296096  0.000924765248
 43.5675  0.0293119098  0.0129797498  0.00105605084
 43.5971  0.028600829  0.0125979418  0.000926635805
 43.6267  0.0307875338  0.0134737555  0.000977984794
 43.6563  0.0306434603  0.0129602941  0.000923258895
 43.6859  0.0278995993  0.0109741315  0.00091517396
 43.7155  0.0267011213  0.00964498466  0.000831493994
 43.7451  0.025699812  0.00751464842  0.000856432024
 43.7747  0.0257792023  0.00869095606  0.00122305529
 43.8043  0.0298260589  0.0100898137  0.00158278523
 43.8339  0.0351989891  0.0102532107  0.00215818211
 43.8635  0.0301257494  0.0110025312  0.00266785998
 43.8931  0.0327625217  0.0126828431  0.00299562787
 43.9227  0.0340623246  0.0118927736  0.00556079822
 43.9523  0.0358871329  0.0147687764  0.00940169206
 43.9819  0.0402696185  0.0206532456  0.0119661872
 44.0115  0.0412683289  0.0105979433  0.00708925491
 44.0411  0.0318533685  0.0168444828  0.0104257977
 44.0707  0.0268303829  0.0175276802  0.0119554606
 44.1003  0.0262963054  0.0162314866  0.0104062155
 44.1299  0.0193511633  0.0116687816  0.00679088095
 44.1595  0.0174569811  0.0173571364  0.0142648451
 44.1891  0.020571644  0.0162494754  0.0096469117
 44.2187  nan  nan  nan
 44.2484  nan  nan  nan
 44.278  0.0320147367  0.0208433654  0.0154098965
 44.3076  nan  nan  nan
 44.3372  nan  nan  nan
 44.3668  nan  nan  nan
 44.3964  nan  nan  nan
 44.426  nan  nan  nan
 44.4556  nan  nan  nan
 44.4852  nan  nan  nan
 44.5148  nan  nan  nan
 44.5444  nan  nan  nan
 44.574  nan  nan  nan
 44.6036  nan  nan  nan
 44.6332  nan  nan  nan
 44.6628  0.00546488289  0.00648514757  0.00644083344
 44.6924  0.00157454543  0.00271843592  0.00227742615
 44.722  nan  nan  nan
 44.7516  nan  nan  nan
 44.7812  0.00305623981  0.00160317933  0.00132422346
 44.8108  nan  nan  nan
