# X (m) TKE_avg epsilon_turb_pw_avg_Y_avg epsilon_pw_avg_Y_avg
 33.0307  0.00013567013  0.0303458426  0.00248515922
 33.0614  9.62694567e-05  0.00114049231  0.000155447011
 33.0921  0.000104681007  0.000239764427  3.52433299e-05
 33.1229  9.66129217e-05  7.49713098e-06  3.18104017e-06
 33.1536  0.00011598893  6.07398138e-06  3.48902284e-06
 33.1843  0.000218893428  2.21910557e-05  9.47842977e-06
 33.215  0.000187538122  8.49715476e-06  5.53262405e-06
 33.2457  0.000211331901  0.000554438017  0.000217579496
 33.2764  0.000234437651  0.000220305695  7.76052122e-05
 33.3071  0.000203435931  0.000181891894  6.20587896e-05
 33.3379  0.000171119969  1.26757207e-05  5.30552364e-06
 33.3686  0.000146364208  7.11265803e-06  3.50269325e-06
 33.3993  0.000145007957  8.33090932e-06  3.68617693e-06
 33.43  0.000155417562  8.89605389e-06  3.8419507e-06
 33.4607  0.000160202719  4.96871265e-06  2.59527591e-06
 33.4914  0.000230249712  6.24906285e-06  2.96362319e-06
 33.5221  0.000232086806  5.15547297e-06  2.8849338e-06
 33.5529  0.000251942427  5.97215388e-06  3.20411741e-06
 33.5836  0.000299166833  6.61050343e-06  3.16547527e-06
 33.6143  0.00031632609  2.71757431e-05  4.34710997e-06
 33.645  0.000306558427  0.000569822894  1.1117421e-05
 33.6757  0.000314351804  0.00109338093  1.87801967e-05
 33.7064  0.000398474335  0.000885596342  4.01880051e-05
 33.7371  0.00044088263  0.000320912047  2.54743983e-05
 33.7679  0.000448670565  7.85668304e-05  5.03449236e-05
 33.7986  0.000404008895  0.000104961552  7.2883569e-05
 33.8293  0.000301895033  4.6381278e-05  2.22014925e-05
 33.86  0.000249931  2.25265119e-05  4.15813788e-06
 33.8907  0.000207307781  1.23059478e-05  2.88529301e-06
 33.9214  0.000213451606  7.8209735e-06  2.90151541e-06
 33.9521  0.000231412656  5.93786474e-06  3.20458734e-06
 33.9829  0.00025378271  8.48404988e-06  2.85114317e-06
 34.0136  0.000229288002  4.07183392e-06  3.27526904e-06
 34.0443  0.000217857031  4.83976777e-06  3.33558259e-06
 34.075  0.000223709861  5.42519429e-06  4.51167519e-06
 34.1057  0.000239632156  4.71977681e-06  3.73210636e-06
 34.1364  0.000275351514  5.63757641e-06  5.40804155e-06
 34.1672  0.000315726777  6.02055633e-06  5.78853897e-06
 34.1979  0.000303662272  5.86981207e-06  6.30471411e-06
 34.2286  0.000263272899  6.7970371e-06  6.71310512e-06
 34.2593  0.0001867862  4.77684047e-06  5.65019921e-06
 34.29  0.000120788876  5.4476589e-06  7.41432056e-06
 34.3207  9.6673016e-05  4.74471384e-06  6.11188171e-06
 34.3514  9.80591887e-05  4.74907961e-06  6.44265377e-06
 34.3822  0.00010184365  5.28926296e-06  7.20155538e-06
 34.4129  0.000105447012  5.86977249e-06  6.39692232e-06
 34.4436  0.000105324452  7.12364303e-06  9.31750204e-06
 34.4743  0.000114374776  5.7212242e-06  7.89348169e-06
 34.505  0.000106731116  5.29922147e-06  7.19123123e-06
 34.5357  9.58397762e-05  4.10822505e-06  8.5128164e-06
 34.5664  9.93298935e-05  3.92845767e-06  1.08622975e-05
 34.5972  0.000107599746  4.65128335e-06  9.91396319e-06
 34.6279  0.000116168521  6.79457279e-06  1.15555659e-05
 34.6586  0.000128072255  7.42232182e-06  8.78177782e-06
 34.6893  0.000126836404  1.10044307e-05  1.30627328e-05
 34.72  0.000152956548  1.34197948e-05  1.5900739e-05
 34.7507  0.000158990444  1.76182303e-05  2.02569654e-05
 34.7814  0.000161154357  1.93823879e-05  2.3042194e-05
 34.8122  0.000156581899  1.47502611e-05  1.93475186e-05
 34.8429  0.000162689994  1.62670896e-05  2.09663992e-05
 34.8736  0.000139040094  8.30315719e-06  1.49317912e-05
 34.9043  0.000165180429  1.11839783e-05  1.94181923e-05
 34.935  0.000171404976  9.43934944e-06  1.62827148e-05
 34.9657  0.000177008724  8.34832782e-06  1.63912223e-05
 34.9964  0.000173191937  9.00590461e-06  1.82050789e-05
 35.0272  0.000198218087  1.31962593e-05  1.80138798e-05
 35.0579  0.000230869041  2.29238145e-05  1.59213849e-05
 35.0886  0.000353130958  7.31379488e-05  1.44072604e-05
 35.1193  0.000428176684  9.07868806e-05  1.75655553e-05
 35.15  0.000421089984  6.08726821e-05  3.66008987e-05
 35.1807  0.000447828564  7.65398642e-05  9.60405496e-05
 35.2114  0.000385776561  5.59184857e-05  2.96457401e-05
 35.2422  0.000421013252  3.67237084e-05  1.91334992e-05
 35.2729  0.000382838596  2.48265986e-05  1.74749214e-05
 35.3036  0.000321424356  2.24284602e-05  1.46145555e-05
 35.3343  0.000303312308  1.89656638e-05  1.47607045e-05
 35.365  0.000317828725  1.73645914e-05  1.3707112e-05
 35.3957  0.000331667412  1.77821196e-05  1.24573813e-05
 35.4264  0.000305787522  1.70341176e-05  9.71908953e-06
 35.4572  0.0003577341  2.04335357e-05  9.67702061e-06
 35.4879  0.000425575806  2.23585478e-05  9.48202734e-06
 35.5186  0.000422624481  2.12281112e-05  8.49539544e-06
 35.5493  0.000387643828  2.22445386e-05  1.01200279e-05
 35.58  0.000357986707  2.57827674e-05  1.06926779e-05
 35.6107  0.0003211799  2.25619363e-05  9.31049483e-06
 35.6414  0.000325145136  2.00238328e-05  7.8376088e-06
 35.6722  0.000326935225  2.19967539e-05  7.60384538e-06
 35.7029  0.000426117175  4.22725933e-05  9.88573073e-06
 35.7336  0.000444431817  6.10015162e-05  1.27037965e-05
 35.7643  0.000417971311  6.02872783e-05  1.35759224e-05
 35.795  0.000434827507  5.91404757e-05  1.54131066e-05
 35.8257  0.000424517061  4.26017215e-05  1.29397544e-05
 35.8564  0.000486245985  4.53917147e-05  1.96940255e-05
 35.8872  0.00049595648  7.24819809e-05  1.60991621e-05
 35.9179  0.000392462917  5.33071664e-05  1.77378779e-05
 35.9486  0.000353032463  3.74156243e-05  1.75375707e-05
 35.9793  0.000376629116  3.36249537e-05  1.93646817e-05
 36.01  0.000390008895  3.29629445e-05  1.72519669e-05
 36.0407  0.000398321236  4.62744294e-05  1.43598439e-05
 36.0714  0.000381078551  4.12082106e-05  1.33468398e-05
 36.1022  0.000371765705  3.77627364e-05  1.85812914e-05
 36.1329  0.000386984069  0.000488708884  5.59758394e-05
 36.1636  0.000431739557  0.00120545037  9.37154101e-05
 36.1943  0.000544363351  0.00108991868  5.25821831e-05
 36.225  0.000487262173  0.000319282015  3.68966248e-05
 36.2557  0.000595515242  6.71335917e-05  2.75406662e-05
 36.2865  0.000599426782  6.19704829e-05  1.694748e-05
 36.3172  0.000626807407  7.84843114e-05  2.31082971e-05
 36.3479  0.000612761953  8.31738706e-05  2.28917908e-05
 36.3786  0.000545400813  7.42527302e-05  1.63412506e-05
 36.4093  0.000485430202  0.000184296  0.000126112371
 36.44  0.000419903699  0.000129332294  8.6598353e-05
 36.4707  0.000362137364  4.84031255e-05  1.53375945e-05
 36.5015  0.000302724595  3.06154576e-05  7.91264759e-06
 36.5322  0.000264711758  2.21169279e-05  9.59427745e-06
 36.5629  0.000305449451  3.81334633e-05  1.38153435e-05
 36.5936  0.000350984049  5.05135857e-05  1.67231606e-05
 36.6243  0.00037630505  4.55736793e-05  2.47969847e-05
 36.655  0.000408253243  5.51872319e-05  3.4869854e-05
 36.6857  0.00036318398  4.12126219e-05  2.57329774e-05
 36.7165  0.000350515525  2.90201874e-05  2.07825031e-05
 36.7472  0.000329261677  2.27412556e-05  1.57509518e-05
 36.7779  0.000318483498  2.31265199e-05  1.89473521e-05
 36.8086  0.000311860794  0.000110452896  2.38838666e-05
 36.8393  0.000344833182  0.000356955945  4.41528438e-05
 36.87  0.000365351147  0.000254291641  0.000187481174
 36.9007  0.000368735246  6.55617687e-05  4.8539629e-05
 36.9315  0.00035204074  1.34578254e-05  6.95369628e-06
 36.9622  0.000336620357  2.95993785e-05  2.59446427e-05
 36.9929  0.00038710459  0.00014990724  6.71187272e-05
 37.0236  0.000483946889  0.000466915474  0.00010841397
 37.0543  0.000477823557  0.000494838619  0.000114001127
 37.085  0.00050735856  5.73834633e-05  2.05474427e-05
 37.1157  0.000494951264  0.000157742796  0.000100302988
 37.1465  0.000480082086  0.000215523041  0.000148125519
 37.1772  0.000530170335  0.000305745916  0.00023006753
 37.2079  0.000460727564  6.95978051e-05  4.57185279e-05
 37.2386  0.000419557485  3.00731377e-05  1.77271217e-05
 37.2693  0.000380726632  0.000117782034  4.08429069e-05
 37.3  0.000369182757  0.000105572206  4.41624196e-05
 37.3307  0.00040510273  4.44805882e-05  2.95596741e-05
 37.3615  0.000387735697  2.140069e-05  2.58463676e-05
 37.3922  0.000359173449  9.53152621e-06  1.40410575e-05
 37.4229  0.000330384382  1.61605173e-05  2.73425888e-05
 37.4536  0.000293990396  1.15942904e-05  1.92583047e-05
 37.4843  0.00024348586  1.39809981e-05  2.6462308e-05
 37.515  0.000228191895  1.16822811e-05  2.23002962e-05
 37.5457  0.000255366988  1.35087816e-05  3.05985103e-05
 37.5765  0.000273585694  1.61369843e-05  3.75652189e-05
 37.6072  0.000326165673  3.07861929e-05  5.557788e-05
 37.6379  0.000362129838  2.13484361e-05  3.16496176e-05
 37.6686  0.000373418461  2.02881556e-05  2.50308616e-05
 37.6993  0.000391633874  3.48159734e-05  3.67715799e-05
 37.73  0.00038787579  3.38289203e-05  1.86190406e-05
 37.7607  0.000374070613  5.08858655e-05  2.14144279e-05
 37.7915  0.000400671837  8.69884532e-05  2.059793e-05
 37.8222  0.000463513263  0.00012083319  2.38686429e-05
 37.8529  0.000580359965  0.00066357136  0.000218272746
 37.8836  0.000748494795  0.00468626029  0.00164813556
 37.9143  0.00106132794  0.00290002637  0.00148248692
 37.945  0.000960458602  0.0010015831  0.000623114281
 37.9757  0.0008186942  0.000165476107  6.86349563e-05
 38.0065  0.000781970402  0.000113074663  5.55470633e-05
 38.0372  0.000766652764  8.84315806e-05  4.92349691e-05
 38.0679  0.000644847061  6.59150845e-05  3.56403534e-05
 38.0986  0.000498272288  4.47583029e-05  2.30881815e-05
 38.1293  0.000468191927  3.83412682e-05  1.74824305e-05
 38.16  0.000442942845  3.17376012e-05  1.2160234e-05
 38.1908  0.000501705644  2.93471908e-05  9.66969087e-06
 38.2215  0.000552411821  4.07926051e-05  9.22734809e-06
 38.2522  0.000578059787  7.42503244e-05  1.24473636e-05
 38.2829  0.000654907284  7.41735396e-05  1.83822521e-05
 38.3136  0.000652638128  6.03527043e-05  1.87678147e-05
 38.3443  0.000698358292  7.5621445e-05  1.93105363e-05
 38.375  0.00066309866  6.51045855e-05  1.79422716e-05
 38.4058  0.000635323286  4.72095633e-05  1.88864695e-05
 38.4365  0.000611015779  4.57640547e-05  1.6245615e-05
 38.4672  0.000586843496  4.3068825e-05  1.73242636e-05
 38.4979  0.000652382324  4.44805639e-05  1.75647978e-05
 38.5286  0.000651098561  4.64095563e-05  1.8701606e-05
 38.5593  0.000784680567  8.22887568e-05  2.23275741e-05
 38.59  0.000778438697  6.96301604e-05  2.75569154e-05
 38.6208  0.000876307845  7.30595712e-05  3.14946716e-05
 38.6515  0.000869124198  8.58083099e-05  2.87172552e-05
 38.6822  0.00087333869  0.000120652023  2.78672571e-05
 38.7129  0.000971967769  0.000135475869  3.53546022e-05
 38.7436  0.000988821597  0.000164132513  5.46896485e-05
 38.7743  0.00117392914  0.000213863495  6.91573968e-05
 38.805  0.00132634833  0.000213305436  6.5904208e-05
 38.8358  0.00119780002  0.000119203772  4.04169272e-05
 38.8665  0.00136779218  8.45860627e-05  2.29324047e-05
 38.8972  0.00125780638  6.70352941e-05  2.01220731e-05
 38.9279  0.00114207993  4.94174721e-05  2.26805073e-05
 38.9586  0.00101755955  5.55359854e-05  2.78679985e-05
 38.9893  0.000846619054  4.53272246e-05  2.26739895e-05
 39.02  0.000709929075  5.39546169e-05  4.31934484e-05
 39.0508  0.00064256247  2.64800721e-05  1.7010674e-05
 39.0815  0.000522000875  5.33798951e-05  4.92807625e-05
 39.1122  0.000479348296  3.16194814e-05  2.61496248e-05
 39.1429  0.000478535087  4.97073211e-05  4.72667312e-05
 39.1736  0.00048259807  4.35545165e-05  4.56657551e-05
 39.2043  0.000482556984  5.69955711e-05  6.4098909e-05
 39.235  0.000479925265  5.10136991e-05  5.95619943e-05
 39.2658  0.000475294224  5.00378391e-05  6.62319642e-05
 39.2965  0.000455829103  5.02841937e-05  7.22762623e-05
 39.3272  0.000456055307  3.96246651e-05  5.85910685e-05
 39.3579  0.000481470513  1.58150029e-05  2.46759312e-05
 39.3886  0.000564451146  3.0422149e-05  3.72723855e-05
 39.4193  0.000612886433  4.23186628e-05  6.72306589e-05
 39.45  0.000584407433  3.06911958e-05  2.97115979e-05
 39.4808  0.000540180464  3.94475164e-05  4.03605788e-05
 39.5115  0.00051875245  3.4297603e-05  2.92397696e-05
 39.5422  0.000525521242  3.00011507e-05  2.79815609e-05
 39.5729  0.000539044466  2.12721778e-05  1.64915331e-05
 39.6036  0.000558579828  2.09343716e-05  1.52758149e-05
 39.6343  0.000588210457  2.79092549e-05  1.64917204e-05
 39.665  0.000595982741  2.20537173e-05  1.54757229e-05
 39.6958  0.000619340896  3.4556885e-05  1.61857313e-05
 39.7265  0.000729027723  2.67185032e-05  1.81201782e-05
 39.7572  0.000994287719  3.48301688e-05  2.19239958e-05
 39.7879  0.0013333791  4.26582809e-05  2.9293747e-05
 39.8186  0.00171023507  5.40072192e-05  3.10286399e-05
 39.8493  0.00198945913  6.07860913e-05  2.57174756e-05
 39.88  0.00212549163  5.07872479e-05  2.52186825e-05
 39.9108  0.00211827518  7.74033257e-05  3.33820252e-05
 39.9415  0.0019564603  5.48364251e-05  2.8095321e-05
 39.9722  0.00179797683  4.78844238e-05  3.58899204e-05
 40.0029  0.00172367235  4.87949748e-05  2.89649516e-05
 40.0336  0.00168633244  5.82659718e-05  3.61883852e-05
 40.0643  0.00177092595  5.68410531e-05  2.7579473e-05
 40.095  0.00183537863  0.000104790889  8.01720487e-05
 40.1258  0.00187171697  8.61390507e-05  5.5426134e-05
 40.1565  0.001832998  7.09814061e-05  4.90916049e-05
 40.1872  0.00180344583  8.079996e-05  4.07119569e-05
 40.2179  0.00224102439  0.000119103882  6.91175809e-05
 40.2486  0.00261934681  0.000136524207  4.8681901e-05
 40.2793  0.00335753179  0.000228045636  0.00011481507
 40.3101  0.00451752738  0.000252369747  7.77064293e-05
 40.3408  0.00536030713  0.000310452618  0.000104735547
 40.3715  0.00526575458  0.000426596575  6.75635348e-05
 40.4022  0.00526355279  0.000704752194  8.9103306e-05
 40.4329  0.00571474776  0.000735714848  0.0001748924
 40.4636  0.00610716329  0.00122740369  0.000284403852
 40.4943  0.00630989272  0.00675812204  0.00240954694
 40.5251  0.00638468818  0.015626214  0.00595363988
 40.5558  0.00617255996  0.00474273212  0.00125553001
 40.5865  0.00570258031  0.00126339572  0.000194937091
 40.6172  0.00491754182  0.000504068216  0.000132834348
 40.6479  0.00449854507  0.000415429462  0.000122235731
 40.6786  0.00446943989  0.000341815492  8.87274521e-05
 40.7093  0.00487577546  0.000355643639  0.000122291612
 40.7401  0.00492026687  0.000268070183  7.04853392e-05
 40.7708  0.00565993515  0.000292128026  7.47719024e-05
 40.8015  0.00685396974  0.00044319187  0.000138211917
 40.8322  0.00830906212  0.00061799425  0.0001539085
 40.8629  0.0100557215  0.00100711722  0.000253629897
 40.8936  0.0123669248  0.00210155337  0.000865973876
 40.9243  0.0144946347  0.00237063822  0.00145760008
 40.9551  0.0169255925  0.00274255132  0.00055378746
 40.9858  0.0175695581  0.00340723701  0.000535480097
 41.0165  0.0164571533  0.00370079455  0.000952168239
 41.0472  0.0166877388  0.00406254912  0.00151476952
 41.0779  0.0186986783  0.00424736673  0.000499377812
 41.1086  0.0225392521  0.00431561113  0.000297753939
 41.1393  0.025307147  0.00609134146  0.00160574322
 41.1701  0.0263883351  0.00858522837  0.00277591198
 41.2008  0.0258098233  0.00966636509  0.0026208561
 41.2315  0.0210220981  0.00477234874  0.0020130396
 41.2622  0.0168391316  0.00530877364  0.00263125596
 41.2929  0.0147839133  0.00445596461  0.00214194638
 41.3236  0.0134839859  0.00208750201  0.000196099636
 41.3543  0.012445131  0.00210157329  0.000184798259
 41.3851  0.0127896569  0.00238866701  0.000185068381
 41.4158  0.0129156021  0.00232340226  0.000182968456
 41.4465  0.0170517999  0.0029188916  0.000228641666
 41.4772  0.0230889876  0.00466434855  0.000313430667
 41.5079  0.0293784767  0.00676292199  0.000424116129
 41.5386  0.03688754  0.0088681255  0.000532372558
 41.5693  0.0453411407  0.00941675232  0.000606447808
 41.6001  0.0486355472  0.0120154117  0.000604250505
 41.6308  0.0529992766  0.0121387503  0.000576535808
 41.6615  0.0609369621  0.0122777507  0.00059129466
 41.6922  0.0706042921  0.0141849212  0.000685274997
 41.7229  0.0748949279  0.0192574109  0.000851965941
 41.7536  0.0709601613  0.0195339109  0.00082759689
 41.7843  0.0681114377  0.016852657  0.000768303677
 41.8151  0.0647681396  0.018298961  0.000765461197
 41.8458  0.0638068163  0.0204915638  0.000805574847
 41.8765  0.0691813107  0.0176699164  0.000764207355
 41.9072  0.0816420173  0.0208450824  0.000855378919
 41.9379  0.0995322889  0.0239960975  0.00102323582
 41.9686  0.111265553  0.0337493669  0.00124105108
 41.9993  0.117856635  0.0412905765  0.00131865175
 42.0301  0.119310318  0.0413356116  0.00131170038
 42.0608  0.117998724  0.0402748916  0.00133282009
 42.0915  0.106072906  0.0403360291  0.00229923802
 42.1222  0.0832802391  0.0293470646  0.00155780351
 42.1529  0.0726137537  0.0268105093  0.000964960829
 42.1836  0.0772364192  0.0336006024  0.00105360477
 42.2143  0.0928449813  0.0525187743  0.00296446279
 42.2451  0.100529945  0.0986175436  0.00701633397
 42.2758  0.0810211021  0.0956997897  0.00771203057
 42.3065  0.0736676487  0.0667186819  0.00493019827
 42.3372  0.0754219867  0.0449177176  0.00167934493
 42.3679  0.0745778897  0.0345438572  0.00144566348
 42.3986  0.0712579995  0.0312889435  0.00160579096
 42.4294  0.0655920404  0.0240753318  0.0018129938
 42.4601  0.0375345699  0.0140069108  0.0015448946
 42.4908  0.0315668184  0.0125705003  0.00170060911
 42.5215  0.0279974852  0.00930132944  0.00177725033
 42.5522  0.0302232002  0.0127222194  0.00190374843
 42.5829  0.0334138463  0.0142698053  0.00190335708
 42.6136  0.0293620102  0.0111111129  0.00155611745
 42.6444  0.0276234849  0.00746501809  0.00128007555
 42.6751  0.027543534  0.00623165372  0.00106420689
 42.7058  0.025334087  0.00774121525  0.000896990834
 42.7365  0.0198949074  0.00764378622  0.000968776988
 42.7672  0.0197755137  0.00828663332  0.000832213969
 42.7979  0.0168003133  0.00483576797  0.000556981966
 42.8286  0.0146875256  0.00283508671  0.00038080931
 42.8594  0.0143872099  0.00306429185  0.000402097513
 42.8901  0.0138000665  0.00238586084  0.000377867134
 42.9208  0.0141956624  0.00267977815  0.000336884363
 42.9515  0.0155350732  0.00266050126  0.000281776893
 42.9822  0.0162143434  0.00264692873  0.000259183378
 43.0129  0.0153843154  0.00269145029  0.00032617548
 43.0436  0.0140111018  0.00261181639  0.000312070907
 43.0744  0.014445095  0.00227665444  0.000274830961
 43.1051  0.0157060044  0.00262677481  0.000262452311
 43.1358  0.0161136719  0.00252881981  0.000241423099
 43.1665  0.0159631402  0.00293870408  0.000275487059
 43.1972  0.0167786982  0.0036833835  0.000336771438
 43.2279  0.0203915819  0.00389723701  0.000407372057
 43.2586  0.0258832776  0.00461636991  0.000482590064
 43.2894  0.02947475  0.00468193822  0.000466559166
 43.3201  0.0304447011  0.00484394653  0.000415812789
 43.3508  0.0325059529  0.00603863299  0.00051586194
 43.3815  0.0375327096  0.00774188902  0.000578893433
 43.4122  0.0367382706  0.00768854586  0.000599766358
 43.4429  0.0322638192  0.00700386665  0.00059944542
 43.4736  0.0282669953  0.00574513861  0.000497911703
 43.5044  0.0287091427  0.00623360325  0.000533883601
 43.5351  0.0314229074  0.00753336281  0.000608728547
 43.5658  0.0307501239  0.00697637934  0.000668497019
 43.5965  0.0349937646  0.00845370178  0.000896197576
 43.6272  0.0363647816  0.0102048447  0.000985438234
 43.6579  0.039065237  0.0138599682  0.00116743005
 43.6886  0.0437054378  0.0176021996  0.00123145918
 43.7194  0.0460237243  0.0178721431  0.00184569611
 43.7501  0.0442002662  0.0190792932  0.00223374153
 43.7808  0.0479183139  0.0218870962  0.00315906603
 43.8115  0.0529554252  0.0278961685  0.00484416218
 43.8422  0.0513551281  0.0261269521  0.0083284212
 43.8729  0.0467364147  0.0128593688  0.0103865345
 43.9036  0.0366559586  0.014146351  0.0129340264
 43.9344  0.0229269192  0.0151290904  0.0161915069
 43.9651  0.0186778942  0.0269888317  0.0242348104
 43.9958  0.0171855552  0.0364981899  0.0288398386
 44.0265  0.0637109977  0.100626023  0.0559946255
 44.0572  0.0316518638  0.0198532273  0.0138910312
 44.0879  nan  nan  nan
 44.1186  nan  nan  nan
 44.1494  nan  nan  nan
 44.1801  nan  nan  nan
 44.2108  nan  nan  nan
 44.2415  nan  nan  nan
 44.2722  nan  nan  nan
 44.3029  nan  nan  nan
 44.3337  nan  nan  nan
 44.3644  0.00342488814  0.00273827546  0.00218428492
 44.3951  nan  nan  nan
 44.4258  nan  nan  nan
 44.4565  nan  nan  nan
 44.4872  0.00955892431  0.173131783  0.0180038532
 44.5179  0.00654679807  0.0031676657  0.00121575748
 44.5487  0.00483468825  0.00126935707  0.000864258365
 44.5794  0.00368408635  0.000992560148  0.000678919364
 44.6101  0.00430016244  0.00141905785  0.000957074357
 44.6408  0.00507886958  0.0021905211  0.00133869126
 44.6715  0.0049298675  0.00257507746  0.0015673083
 44.7022  0.00323885532  0.00214785272  0.00152839932
 44.7329  0.00289987443  0.00169184572  0.00127384547
 44.7637  0.00452062079  0.0015895294  0.000942410822
 44.7944  nan  nan  nan
 44.8251  nan  nan  nan
 44.8558  nan  nan  nan
 44.8865  0.00174239536  0.00123385341  0.0008681769
 44.9172  0.00140876569  0.00088826582  0.000515641891
 44.9479  0.0020555692  0.00157393417  0.00111260423
 44.9787  nan  nan  nan
 45.0094  nan  nan  nan
 45.0401  nan  nan  nan
 45.0708  nan  nan  nan
 45.1015  nan  nan  nan
 45.1322  nan  nan  nan
 45.1629  nan  nan  nan
 45.1937  nan  nan  nan
 45.2244  0.00146794459  0.0107604256  0.00381332474
 45.2551  nan  nan  nan
