# X (m) TKE_avg epsilon_turb_avg epsilon_avg
 18.05  4.40505445e-05  2.52011635e-06  1.09875738e-05
 18.1  2.75035838e-05  7.67579984e-07  1.31016389e-05
 18.15  2.20144694e-05  4.75682175e-07  1.51232371e-05
 18.2  5.58004677e-05  2.43766041e-06  1.75350712e-05
 18.25  4.53787612e-06  6.39865611e-07  1.97399336e-05
 18.3  4.42906968e-06  4.51530062e-07  2.20463549e-05
 18.35  0.000170883229  4.37337045e-06  2.44077925e-05
 18.4  0.000227811637  3.71442856e-06  2.63927476e-05
 18.45  0.000253323856  3.94540353e-06  2.79307645e-05
 18.5  0.000295478055  4.7387561e-06  2.91011513e-05
 18.55  0.000338826879  5.62622616e-06  2.92673848e-05
 18.6  0.000371532798  5.9551469e-06  2.89115398e-05
 18.65  0.000587892377  1.1024148e-05  2.73962488e-05
 18.7  0.00111240189  4.70923994e-05  2.50708646e-05
 18.75  0.000143955815  6.06015363e-06  2.20271135e-05
 18.8  7.11745818e-06  2.75198101e-07  1.85928809e-05
 18.85  0.000200401233  3.46657082e-06  1.4464787e-05
 18.9  0.000397229703  1.22004872e-05  1.22506902e-05
 18.95  0.000349097035  1.28667848e-05  1.16669917e-05
 19  2.02016454e-05  2.22266634e-06  1.32689046e-05
 19.05  2.05793984e-05  1.66690796e-06  1.6815321e-05
 19.1  2.74442251e-05  2.56809864e-06  2.15686878e-05
 19.15  7.7198898e-05  3.48408696e-06  2.74724992e-05
 19.2  0.000141701475  2.89635817e-06  3.28353901e-05
 19.25  0.000203334712  3.36170509e-06  3.72012827e-05
 19.3  0.000468563493  5.03534227e-06  4.06868035e-05
 19.35  0.000349438759  9.19284131e-06  4.28556168e-05
 19.4  0.000557165926  2.47218264e-05  4.39650357e-05
 19.45  0.00102141764  1.83639716e-05  4.408701e-05
 19.5  0.00115913305  2.19749372e-05  4.40111941e-05
 19.55  0.001261511  2.2967451e-05  4.29772114e-05
 19.6  0.00133376202  2.52471544e-05  4.21211545e-05
 19.65  0.00136135507  2.22410367e-05  3.80279308e-05
 19.7  0.001351836  3.2617483e-05  3.47688432e-05
 19.75  0.000795040676  6.58746869e-06  3.15962039e-05
 19.8  0.00073928342  1.12150322e-05  2.84406419e-05
 19.85  0.000555895378  6.10428095e-06  2.61045938e-05
 19.9  0.000107520654  2.88745737e-06  2.16115093e-05
 19.95  1.32637914e-05  2.12014084e-07  2.31822249e-05
 20  1.57120027e-05  2.68407304e-07  2.34116896e-05
 20.05  0.000289546603  1.84257765e-05  2.2736879e-05
 20.1  1.80805451e-05  5.8893575e-07  1.79045117e-05
 20.15  0.000107378871  1.1641194e-06  1.41246099e-05
 20.2  0.000183418286  6.7397907e-06  1.37322571e-05
 20.25  0.000121492532  9.38428186e-06  9.81855801e-06
 20.3  0.00010553568  9.33599228e-06  1.13211297e-05
 20.35  0.000102354018  8.57430306e-06  1.35184092e-05
 20.4  0.000104041629  6.02822384e-06  2.16484856e-05
 20.45  0.000210347262  1.06963635e-05  2.27092156e-05
 20.5  0.000296682294  1.9192487e-05  2.02382472e-05
 20.55  0.00025224725  2.91075021e-05  1.78808298e-05
 20.6  0.000283304638  8.70064272e-06  2.32503182e-05
 20.65  0.000233035534  2.15212095e-06  2.74386262e-05
 20.7  0.000258184672  1.29231175e-06  3.99070933e-05
 20.75  0.0011793077  0.000116267909  6.1455938e-05
 20.8  0.00272208461  0.000249710423  9.86904173e-05
 20.85  0.00612436257  0.00107796946  0.000196295664
 20.9  0.00655020101  0.00127108578  0.000229356268
 20.95  0.00607515903  0.0014448133  0.000231376786
 21  0.00603382895  0.00147335891  0.000219828914
 21.05  0.0161775709  0.00638161544  0.000648731817
 21.1  0.0369285601  0.0231285139  0.00121316189
 21.15  0.0431256995  0.0244264716  0.00113705991
 21.2  0.0710957367  0.0398344581  0.00194507674
 21.25  0.158089607  0.165832328  0.00558218986
 21.3  0.101000109  0.119077195  0.00408577586
 21.35  0.154411969  0.0453741348  0.00230692921
 21.4  0.0361457444  0.0272718037  0.00143282381
 21.45  0.0451271131  0.047317666  0.00260662453
 21.5  0.0588990709  0.0310210223  0.00311301933
 21.55  0.0877040475  0.0989590034  0.00452932906
 21.6  0.0705004729  0.0539978031  0.00407264447
 21.65  0.0274679763  0.0223401795  0.00292459262
 21.7  0.0128694345  0.00279976132  0.00230750251
 21.75  0.00512741503  0.00114936679  0.000980086915
 21.8  0.00534577475  0.00107556064  0.000543106127
 21.85  0.00573033555  0.00127354014  0.00104716348
 21.9  0.00472476103  0.000904900085  0.000520747211
 21.95  0.00351824683  0.0005484546  0.000500986781
 22  0.00325336753  0.000752591237  0.000432509746
 22.05  0.00332545159  0.00045641074  0.000454999752
 22.1  0.00486566189  0.000750411612  0.000423516043
 22.15  0.00582519777  0.00124626813  0.000396727781
 22.2  0.0063879612  0.00105378901  0.000338073074
 22.25  0.00798840327  0.00150455429  0.000460374955
 22.3  0.00749266989  0.000940899423  0.000370102525
 22.35  0.00907944491  0.00189522063  0.000489092665
 22.4  0.010368554  0.00250018961  0.000568355721
 22.45  0.00867433069  0.00230559523  0.000437606812
 22.5  0.00972681978  0.00223211888  0.000510276144
 22.55  0.0123015315  0.0026740993  0.000425413315
 22.6  0.0104967709  0.00260066926  0.000471891411
 22.65  0.0122006525  0.00275917105  0.000481208182
 22.7  0.0176688386  0.0042851454  0.000769028335
 22.75  0.0189038629  0.00501678257  0.000957948358
 22.8  0.0228028017  0.00815016365  0.00209559968
 22.85  0.0267019679  0.00779585091  0.00373082187
 22.9  0.0189915979  0.0132320183  0.010814265
 22.95  0.0125080956  0.003535114  0.0183690757
 23  0.00381932558  0.000625504602  0.0104922473
 23.05  0.00312264692  0.000212195512  0.00760070804
 23.1  0.00281703588  0.000204140805  0.00644314882
 23.15  0.00309384487  0.000683222126  0.00671801011
 23.2  0.00304555061  0.00052862068  0.00582714987
 23.25  0.00344275066  0.000630301442  0.00400276348
 23.3  0.00263589402  0.000602400506  0.00262991737
 23.35  0.0045115273  0.00114312695  0.0012994678
 23.36  nan  nan  nan
