# X (m) TKE_avg epsilon_turb_avg epsilon_avg
 18.05  0.000348259349  2.67755465e-05  2.14801617e-05
 18.1  0.000155206176  3.9263875e-06  2.25569561e-05
 18.15  0.000159452617  3.47386431e-06  2.29381481e-05
 18.2  0.00036057426  1.72672604e-05  2.29833782e-05
 18.25  5.38340348e-06  2.03256977e-06  2.17938347e-05
 18.3  6.12095292e-06  9.91785787e-07  1.95628237e-05
 18.35  0.000317894217  1.07710188e-05  1.76082771e-05
 18.4  0.000337626786  7.29892528e-06  1.40503174e-05
 18.45  0.000289370308  5.97112122e-06  1.08953626e-05
 18.5  0.000272070659  5.53910424e-06  9.55659703e-06
 18.55  0.000252244537  5.17599004e-06  8.63564254e-06
 18.6  0.000233858125  4.34794451e-06  7.17715053e-06
 18.65  0.000313695798  6.55751331e-06  6.37416483e-06
 18.7  0.000538296597  2.30706184e-05  5.97976052e-06
 18.75  7.137216e-05  2.94179668e-06  6.18513442e-06
 18.8  9.07854303e-06  6.24833476e-07  4.55275349e-06
 18.85  7.96191568e-05  1.50505762e-06  5.46435671e-06
 18.9  0.000144546704  4.14678557e-06  5.50545508e-06
 18.95  0.000128470413  4.25411989e-06  7.34578886e-06
 19  1.19138818e-05  8.04706108e-07  9.24111408e-06
 19.05  9.78254606e-06  4.27535911e-07  1.21681085e-05
 19.1  1.38061836e-05  1.09459037e-06  1.49792268e-05
 19.15  2.49711293e-05  1.17381959e-06  1.88058299e-05
 19.2  3.78090445e-05  1.24688907e-06  2.37560017e-05
 19.25  5.05550669e-05  1.2049563e-06  2.83033083e-05
 19.3  0.00011758622  1.51585546e-06  3.27412877e-05
 19.35  0.000110732776  2.69813648e-06  3.78123204e-05
 19.4  0.000212742425  8.39351351e-06  4.30554107e-05
 19.45  0.000493140627  7.48649723e-06  4.99820668e-05
 19.5  0.000675988752  1.06362764e-05  5.71939079e-05
 19.55  0.000862309607  1.3489884e-05  6.30839401e-05
 19.6  0.00104146792  1.75268323e-05  6.62661216e-05
 19.65  0.00115609346  1.65748969e-05  6.78788879e-05
 19.7  0.00121184364  2.78005341e-05  6.62432233e-05
 19.75  0.000752436145  7.61555124e-06  6.97030213e-05
 19.8  0.000699846582  1.45574826e-05  6.54826066e-05
 19.85  0.000485840855  7.02023028e-06  5.00703816e-05
 19.9  0.000128292673  4.49199125e-06  4.07387346e-05
 19.95  7.01586186e-05  3.32640839e-06  4.14917932e-05
 20  7.8185683e-05  4.64135556e-06  5.04148826e-05
 20.05  0.000115781691  3.99471811e-06  6.2428896e-05
 20.1  0.000108177052  3.44662213e-06  6.56205965e-05
 20.15  0.000261613797  4.78747534e-06  7.265184e-05
 20.2  0.000586693481  2.35823677e-05  7.41043727e-05
 20.25  0.000330413814  2.47381214e-05  7.31497448e-05
 20.3  0.000623057702  4.2468527e-05  7.89354169e-05
 20.35  0.000749889301  0.000144659889  6.84780576e-05
 20.4  0.0010947843  0.000298580508  5.29324085e-05
 20.45  0.00129221857  0.00026487898  4.56168586e-05
 20.5  0.0014422921  0.000684292092  4.21945357e-05
 20.55  0.00170954089  0.000567953515  3.48313945e-05
 20.6  0.00173356089  0.000400950575  3.22533178e-05
 20.65  0.00173180329  0.000210421824  4.56306326e-05
 20.7  0.00142696918  0.000157352887  3.58783343e-05
 20.75  0.00341521103  0.000514265986  8.15262373e-05
 20.8  0.00323958869  0.000435205727  8.13190638e-05
 20.85  0.00357048279  0.000568918666  9.18239616e-05
 20.9  0.00280962838  0.000389651037  9.50304969e-05
 20.95  0.0041894091  0.000580547467  0.000134871379
 21  0.0111580955  0.00164659051  0.000372019521
 21.05  0.0102885703  0.00327557463  0.000325073793
 21.1  0.0106293568  0.00236424567  0.00044061119
 21.15  0.0132968744  0.00345085474  0.00032719838
 21.2  0.0182436483  0.00529788284  0.000534206185
 21.25  0.0202211189  0.0050817906  0.000535285434
 21.3  0.0157545309  0.00386277505  0.000391984462
 21.35  0.011778357  0.00180969638  0.000316261733
 21.4  0.0165712269  0.0052090375  0.000403251514
 21.45  0.0127055839  0.00310776798  0.000333858996
 21.5  0.0166399824  0.00271712569  0.000399449175
 21.55  0.02214706  0.00942486684  0.000761172818
 21.6  0.0273504121  0.0130725151  0.000709294849
 21.65  0.0180238361  0.00635478086  0.000569145948
 21.7  0.0220963647  0.00634278343  0.000637870866
 21.75  0.0177160501  0.00639471659  0.000647014785
 21.8  0.0367504896  0.0120182227  0.00120461286
 21.85  0.0568905396  0.0119008362  0.00107940049
 21.9  0.0439158826  0.0204490492  0.00150521888
 21.95  0.0382276023  0.0226339939  0.00148124835
 22  0.0569141126  0.0239405352  0.00188872335
 22.05  0.0501854725  0.0251429321  0.00227603047
 22.1  0.097830335  0.0719870172  0.00323115536
 22.15  0.101689736  0.0976561418  0.00432452213
 22.2  0.0535465492  0.0426828292  0.00220294151
 22.25  0.0165296151  0.0186189258  0.00508297151
 22.3  0.00801986665  0.00268234263  0.00296047218
 22.35  0.00336969621  0.000196494587  0.000989844736
 22.4  0.00356748077  0.000157598715  0.00076916371
 22.45  0.0027493913  0.000166948052  0.000473530365
 22.5  0.00305825701  0.000362162485  0.000371724006
 22.55  0.00263035665  0.000309568347  0.000390594756
 22.6  0.00224740013  0.000315730214  0.000478920005
 22.65  0.00247699043  0.000272730229  0.000117084862
 22.7  0.00302536378  0.00029020034  0.000209391962
 22.75  0.00248011653  0.000300341907  0.000206755044
 22.8  0.00195834019  0.000264715996  0.000167141803
 22.85  0.00167670381  0.000172113091  0.000283282809
 22.9  0.0030160882  0.000643274729  0.000349231718
 22.95  0.00335292028  0.00089751872  0.000818603811
 23  0.00282702925  0.000488888294  0.000889191137
 23.05  0.0035171043  0.000559582768  0.000849037298
 23.1  0.00349310361  0.000510908186  0.000812130472
 23.15  0.00543150251  0.000923905466  0.00139734875
 23.2  0.00522518846  0.000672491887  0.00195403833
 23.25  0.00649427699  0.002168785  0.00465174574
 23.29  0.00869676275  0.00312528822  0.00511766417
