# X (m) TKE_avg epsilon_turb_avg epsilon_avg
 18.05  0.000159674952  2.5651221e-06  1.62263278e-05
 18.1  0.000185758795  2.95853734e-06  1.68248627e-05
 18.15  0.000213226439  3.77327792e-06  1.44504564e-05
 18.2  0.000232602997  4.20267817e-06  1.41258432e-05
 18.25  0.000318777452  6.4116676e-06  1.06835387e-05
 18.3  0.000265391402  4.97600145e-06  1.44803836e-05
 18.35  0.000320732189  1.09201762e-05  8.44249793e-06
 18.4  0.000215632796  1.69295458e-06  1.07495366e-05
 18.45  0.000374716761  6.24044021e-06  8.47267813e-06
 18.5  4.11967494e-06  2.32041703e-07  7.58862164e-06
 18.55  2.93403852e-05  1.69300709e-06  5.8016708e-06
 18.6  0.000303686065  5.08717495e-06  4.77500398e-06
 18.65  0.000301540692  7.60110081e-06  3.50403002e-06
 18.7  0.000334946981  5.15899043e-06  2.7888226e-06
 18.75  0.000282104788  6.8904614e-06  2.52982758e-06
 18.8  0.00032904018  1.49598421e-05  2.75223335e-06
 18.85  0.00024666824  4.83833528e-06  3.06042547e-06
 18.9  0.000225732154  5.13766958e-06  2.85303393e-06
 18.95  0.000205625919  4.70379329e-06  3.32127341e-06
 19  0.00022843416  4.83518716e-06  4.65972724e-06
 19.05  2.75221012e-05  1.74470889e-06  7.17804017e-06
 19.1  1.1607319e-05  1.06342551e-06  8.61722902e-06
 19.15  9.71535928e-05  2.28838828e-06  1.04221207e-05
 19.2  7.49610688e-05  1.98376005e-06  1.20779988e-05
 19.25  9.95129644e-05  2.51708507e-06  1.60159292e-05
 19.3  7.41908589e-05  1.85106822e-06  1.84338124e-05
 19.35  4.42569859e-05  1.3323486e-06  2.6368428e-05
 19.4  3.74723363e-05  1.69979956e-06  3.18873127e-05
 19.45  4.21243023e-05  7.57260272e-07  2.69208995e-05
 19.5  6.84328876e-05  1.1967069e-06  4.13847234e-05
 19.55  0.000145823318  3.53316742e-06  4.42977392e-05
 19.6  0.000113920592  7.06680239e-06  3.90830959e-05
 19.65  0.000161723969  1.69983544e-05  5.35884142e-05
 19.7  3.87932399e-05  2.09019893e-06  6.03011024e-05
 19.75  6.70846763e-05  1.36265041e-06  7.02347484e-05
 19.8  0.000651419727  3.60034382e-05  7.96241311e-05
 19.85  0.000524655008  4.99439425e-05  0.000101708766
 19.9  0.000367122183  1.33112427e-05  8.09779905e-05
 19.95  0.000465050147  4.15858392e-05  0.000151635544
 20  0.00101967982  7.19843176e-05  0.000219495326
 20.05  0.00129672385  6.61188222e-05  0.000118155641
 20.1  0.00110223085  7.33338412e-05  7.00401074e-05
 20.15  0.00157024793  9.14063102e-05  7.19173519e-05
 20.2  0.00189379097  0.000138690404  5.94381194e-05
 20.25  0.00174056064  9.97043366e-05  7.15679303e-05
 20.3  0.0016116668  0.000141776662  5.5662609e-05
 20.35  0.00188937441  0.000286428716  7.89121229e-05
 20.4  0.00246328571  0.000488492809  7.05111936e-05
 20.45  0.00260648859  0.00133392942  0.000138773711
 20.5  0.00205698767  0.00018594963  0.000144501035
 20.55  0.00171171862  0.000153494138  0.00010309173
 20.6  0.00213812769  0.000179098673  0.000103032424
 20.65  0.00199241063  0.000247279754  8.70688233e-05
 20.7  0.00236575427  0.000260171317  9.81751094e-05
 20.75  0.00257863252  0.000244113295  7.38525857e-05
 20.8  0.00267026795  0.000227694114  7.7595607e-05
 20.85  0.00437151292  0.000852801711  0.000152629271
 20.9  0.008148543  0.00229315483  0.000220099465
 20.95  0.00901750834  0.00159882148  0.00021348377
 21  0.00851180109  0.00125494384  0.000203888209
 21.05  0.0122307126  0.00379454382  0.000408396045
 21.1  0.0220198731  0.00616497421  0.000820203295
 21.15  0.0145514901  0.00258739482  0.000336429091
 21.2  0.0156410856  0.00507073365  0.000390550755
 21.25  0.0167208216  0.00493785885  0.000430010071
 21.3  0.0120646817  0.00716420494  0.000268560814
 21.35  0.0103755232  0.00333911765  0.00040068132
 21.4  0.00733917663  0.00117166608  0.000203340009
 21.45  0.00477498451  0.000973179436  0.000156625718
 21.5  0.0100411132  0.00239401318  0.000412029541
 21.55  0.0119709641  0.00311452129  0.000373670567
 21.6  0.0152925338  0.00333671981  0.000398809344
 21.65  0.00943209392  0.00218815634  0.000266831922
 21.7  0.0146734006  0.00541000984  0.000440945328
 21.75  0.0137209139  0.00354973364  0.00034226748
 21.8  0.00985207435  0.00279344218  0.000319127053
 21.85  0.0190994459  0.00608742216  0.000552507735
 21.9  0.0256002111  0.0109690354  0.000807332524
 21.95  0.0306815314  0.0124495455  0.00109125245
 22  0.0362640332  0.0159918315  0.00143705513
 22.05  0.0215202691  0.00939169529  0.000688449568
 22.1  0.0185964487  0.00701399145  0.000810849618
 22.15  0.0281438828  0.0155333481  0.00100416608
 22.2  0.00895630733  0.0015562638  0.000295845263
 22.25  0.0137108149  0.0025978864  0.000652221982
 22.3  0.0101556372  0.00373732244  0.000667400987
 22.35  0.00639283718  0.00418606228  0.000634428744
 22.4  0.00304520869  0.000219536187  0.000335160351
 22.45  0.00255106318  0.000126384539  0.000369887132
 22.5  0.00231813795  9.09250879e-05  0.000486039065
 22.55  0.00188606114  8.57824591e-05  0.000313008439
 22.6  0.00185003897  9.60623908e-05  0.000173962755
 22.65  0.00148972436  9.54870428e-05  0.000111254329
 22.7  0.00190518555  0.000239022286  8.47337235e-05
 22.75  0.00250107396  0.000219769566  0.000326563508
 22.8  0.00282090634  0.000280982299  0.000343194771
 22.85  0.00236928934  0.000300797869  0.00014146036
 22.9  0.00348082116  0.000639455813  0.000353447012
 22.95  0.00550182734  0.000534395951  0.000206883978
 23  0.00446834144  0.000717008225  0.000303211977
 23.05  0.00524510301  0.00110125358  0.00149537517
 23.1  0.00491742948  0.00100368104  0.00170001092
 23.15  0.010540627  0.00210889048  0.011016464
 23.2 -0 -0 -0
 23.25 -0 -0 -0
 23.3 -0 -0 -0
 23.35 -0 -0 -0
 23.4 -0 -0 -0
 23.45  0.000712523213  0.0001056754  0.000168567444
 23.5 -0 -0 -0
 23.55 -0 -0 -0
 23.6 -0 -0 -0
 23.65 -0 -0 -0
 23.7  0.00012927966  1.00297438e-05  0.000148344033
 23.75  0.000109136618  3.52471738e-05  2.37835007e-05
 23.8  nan  nan  nan
