# X (m) TKE_avg epsilon_turb_avg epsilon_avg
 18.05  7.68475145e-05  1.48098825e-06  1.40171674e-05
 18.1  9.08715877e-05  1.47553869e-06  1.51493234e-05
 18.15  0.000113204505  1.85850111e-06  1.65728974e-05
 18.2  0.000136649305  2.19038805e-06  1.79416395e-05
 18.25  0.00020446269  3.65444978e-06  1.94208313e-05
 18.3  0.000200369722  3.32686716e-06  2.4531651e-05
 18.35  0.000275861414  8.84893211e-06  2.04406495e-05
 18.4  0.000197925895  1.56810765e-06  2.46358402e-05
 18.45  0.000371580221  6.02573962e-06  2.11344959e-05
 18.5  2.35495324e-06  1.45587166e-07  2.49442352e-05
 18.55  3.18796964e-05  1.76725315e-06  1.61862174e-05
 18.6  0.000360887488  5.98229659e-06  2.12265116e-05
 18.65  0.00037244407  9.34993294e-06  1.30037534e-05
 18.7  0.000424309512  6.94520429e-06  1.48879512e-05
 18.75  0.000377473142  9.1277886e-06  1.18883759e-05
 18.8  0.00046547188  2.18761499e-05  7.67497023e-06
 18.85  0.000363774009  6.89036512e-06  8.48460205e-06
 18.9  0.000349625016  7.16375292e-06  5.77815667e-06
 18.95  0.000345088714  7.27021341e-06  4.92755329e-06
 19  0.000413376222  8.01125415e-06  4.41943597e-06
 19.05  4.32331908e-05  2.73485968e-06  2.93987461e-06
 19.1  8.03210472e-06  1.82289458e-06  2.672742e-06
 19.15  0.000247778462  5.17027402e-06  2.36071669e-06
 19.2  0.000220459238  4.92030869e-06  1.95844567e-06
 19.25  0.000379469512  7.42126715e-06  1.56932665e-06
 19.3  0.000352776501  6.82967829e-06  2.31058854e-06
 19.35  0.00024838899  5.82796611e-06  2.41407788e-06
 19.4  0.000193376873  9.72608008e-06  5.52912526e-06
 19.45  0.000137015969  2.75435376e-06  6.29493584e-06
 19.5  9.47838559e-05  2.6751855e-06  1.10997804e-05
 19.55  7.24741252e-05  2.44133457e-06  1.63991352e-05
 19.6  2.41392404e-05  2.22158921e-06  1.92650235e-05
 19.65  2.38051163e-05  2.48119201e-06  1.71558569e-05
 19.7  1.15031263e-05  5.53990275e-07  1.78520204e-05
 19.75  1.354203e-05  4.89442962e-07  3.50644298e-05
 19.8  8.31932376e-05  4.33806425e-06  3.14980314e-05
 19.85  0.000135666147  7.05079285e-06  3.96548192e-05
 19.9  0.000293975907  1.1447064e-05  4.18115065e-05
 19.95  0.000317108136  1.79955539e-05  5.64674459e-05
 20  0.000135894818  1.13720895e-05  0.000119556719
 20.05  0.00036195522  1.98461055e-05  0.000191690628
 20.1  0.000410999101  3.28212136e-05  0.000240376927
 20.15  0.000555951046  5.26841678e-05  0.000191468349
 20.2  0.000589281705  0.000166133907  0.000126491103
 20.25  0.00362553771  0.00112403206  0.000177707294
 20.3  0.00209006079  0.000716211727  0.000397655812
 20.35  0.00200573584  0.000476928875  0.000227260827
 20.4  0.00446928972  0.00109673374  0.000279068158
 20.45  0.00522105199  0.00176212252  0.000465241634
 20.5  0.00821182742  0.00194795043  0.000547658954
 20.55  0.0061849069  0.00106037523  0.000287208167
 20.6  0.0029124382  0.000500674002  0.000336358467
 20.65  0.00206573161  0.000205309099  0.000271332153
 20.7  0.00391571508  0.000472484942  0.000252693341
 20.75  0.00453905125  0.000730434993  0.000275616169
 20.8  0.00634411344  0.00120796059  0.000228041004
 20.85  0.00831282862  0.00206329409  0.000524122444
 20.9  0.00838623484  0.00197635467  0.000683493374
 20.95  0.0103851332  0.00356904391  0.00035148243
 21  0.0059292855  0.00173503816  0.000258642353
 21.05  0.00403769502  0.000563443338  0.000327427751
 21.1  0.00261932889  0.000295122039  0.000205519153
 21.15  0.00307753075  0.000507193504  0.000244629079
 21.2  0.00662117118  0.00132117256  0.000245256659
 21.25  0.00789098466  0.00115786799  0.000314479492
 21.3  0.00735078387  0.00178107962  0.000450880391
 21.35  0.00865633441  0.00206883872  0.000601232927
 21.4  0.00967190424  0.0025302706  0.000416656835
 21.45  0.00962624482  0.00151695831  0.000272315759
 21.5  0.00627293293  0.00212103292  0.000312110459
 21.55  0.00576692355  0.00141487986  0.000216663757
 21.6  0.008357329  0.00185186059  0.000229842666
 21.65  0.00513867601  0.000789314423  0.000124511268
 21.7  0.0036011276  0.000575055937  9.61884086e-05
 21.75  0.00388482881  0.000488163237  9.93550563e-05
 21.8  0.00478116812  0.000958198898  0.000134306127
 21.85  0.00971514451  0.00144975309  0.000180951945
 21.9  0.00951921302  0.00323281665  0.00039894315
 21.95  0.0163475776  0.00586052709  0.000532695003
 22  0.0150804698  0.00539828413  0.0006602194
 22.05  0.01710841  0.00540760927  0.000479668893
 22.1  0.0069974305  0.00267677736  0.000232435904
 22.15  0.0110513357  0.00403613479  0.000330020593
 22.2  0.0149965909  0.00612166176  0.000517327342
 22.25  0.0146861325  0.00440102862  0.000351152712
 22.3  0.00366463026  0.000751998249  0.000176994501
 22.35  0.0087119506  0.00228909438  0.000443159385
 22.4  0.0215286237  0.00964461502  0.00061042325
 22.45  0.010961646  0.00428485182  0.000554606587
 22.5  0.0408765024  0.120502188  0.00173903114
 22.55  0.00957540394  0.00147026114  0.00157565376
 22.6  0.00471867604  0.00107911698  0.000685321937
 22.65  0.00481295671  0.00120869341  0.000689407426
 22.7  0.00270597122  0.000729338206  0.000294660409
 22.75  0.00437178947  0.00068021714  0.000628135917
 22.8  0.00390222781  0.000465841671  0.000702496674
 22.85  0.00321794387  0.000272158372  0.000244283213
 22.9  0.00284762569  0.000361437777  0.00133090133
 22.95  0.00319923179  0.000331171567  0.000284361409
 23  0.00455664053  0.000668880808  0.000780282556
 23.05  0.00428896048  0.000846147649  0.0106055183
 23.1  0.00710465829  0.00300712233  0.0080446081
 23.15 -0 -0 -0
 23.2 -0 -0 -0
 23.25 -0 -0 -0
 23.3 -0 -0 -0
 23.35 -0 -0 -0
 23.4 -0 -0 -0
 23.45  0.00208393388  0.00144189343  0.000826976707
 23.5 -0 -0 -0
 23.55 -0 -0 -0
 23.6 -0 -0 -0
 23.65 -0 -0 -0
 23.7  0.00087631519  0.000279955897  0.000370430167
 23.75  0.00116301452  0.000164634298  0.000118907392
 23.8  0.000874435397  0.000266218757  0.000225745192
